v5.21.05i     Planet: Jupiter  (DE441)
        Satellite: J8 Pasiphae  ( Emelyanov N.V. Vers. 2022-11-GAIA)
                               - ephemerides on 1975/01/28.0-2050/02/03.0
    Observatory N: 286 - Yunnan Observatory
        Timescale: UTC
Mean equator and equinox of J2000.  ICRF. 
Coordinates astrometric 
Year  M  D   H  M  S       alpha (h)          delta (?)
2023 12 14  12  0  0.00     2.0351247800      12.460661760  
2023 12 14  12  1  0.00     2.0351224172      12.460649915  
2023 12 14  12  2  0.00     2.0351200541      12.460638069  
2023 12 14  12  3  0.00     2.0351176909      12.460626221  
2023 12 14  12  4  0.00     2.0351153276      12.460614372  
2023 12 14  12  5  0.00     2.0351129640      12.460602522  
2023 12 14  12  6  0.00     2.0351106003      12.460590670  
2023 12 14  12  7  0.00     2.0351082364      12.460578816  
2023 12 14  12  8  0.00     2.0351058724      12.460566962  
2023 12 14  12  9  0.00     2.0351035082      12.460555106  
2023 12 14  12 10  0.00     2.0351011438      12.460543248  
2023 12 14  12 11  0.00     2.0350987793      12.460531389  
2023 12 14  12 12  0.00     2.0350964147      12.460519528  
2023 12 14  12 13  0.00     2.0350940499      12.460507666  
2023 12 14  12 14  0.00     2.0350916849      12.460495803  
2023 12 14  12 15  0.00     2.0350893198      12.460483938  
2023 12 14  12 16  0.00     2.0350869546      12.460472072  
2023 12 14  12 17  0.00     2.0350845892      12.460460204  
2023 12 14  12 18  0.00     2.0350822237      12.460448335  
2023 12 14  12 19  0.00     2.0350798581      12.460436464  
2023 12 14  12 20  0.00     2.0350774923      12.460424592  
2023 12 14  12 21  0.00     2.0350751264      12.460412719  
2023 12 14  12 22  0.00     2.0350727604      12.460400843  
2023 12 14  12 23  0.00     2.0350703943      12.460388967  
2023 12 14  12 24  0.00     2.0350680281      12.460377089  
2023 12 14  12 25  0.00     2.0350656617      12.460365209  
2023 12 14  12 26  0.00     2.0350632952      12.460353328  
2023 12 14  12 27  0.00     2.0350609286      12.460341446  
2023 12 14  12 28  0.00     2.0350585619      12.460329562  
2023 12 14  12 29  0.00     2.0350561952      12.460317676  
2023 12 14  12 30  0.00     2.0350538283      12.460305789  
2023 12 14  12 31  0.00     2.0350514613      12.460293901  
2023 12 14  12 32  0.00     2.0350490942      12.460282011  
2023 12 14  12 33  0.00     2.0350467270      12.460270119  
2023 12 14  12 34  0.00     2.0350443597      12.460258226  
2023 12 14  12 35  0.00     2.0350419924      12.460246331  
2023 12 14  12 36  0.00     2.0350396250      12.460234435  
2023 12 14  12 37  0.00     2.0350372574      12.460222538  
2023 12 14  12 38  0.00     2.0350348898      12.460210639  
2023 12 14  12 39  0.00     2.0350325222      12.460198738  
2023 12 14  12 40  0.00     2.0350301544      12.460186836  
2023 12 14  12 41  0.00     2.0350277866      12.460174932  
2023 12 14  12 42  0.00     2.0350254187      12.460163027  
2023 12 14  12 43  0.00     2.0350230508      12.460151120  
2023 12 14  12 44  0.00     2.0350206828      12.460139212  
2023 12 14  12 45  0.00     2.0350183147      12.460127302  
2023 12 14  12 46  0.00     2.0350159466      12.460115391  
2023 12 14  12 47  0.00     2.0350135784      12.460103478  
2023 12 14  12 48  0.00     2.0350112102      12.460091563  
2023 12 14  12 49  0.00     2.0350088420      12.460079647  
2023 12 14  12 50  0.00     2.0350064736      12.460067730  
2023 12 14  12 51  0.00     2.0350041053      12.460055811  
2023 12 14  12 52  0.00     2.0350017369      12.460043890  
2023 12 14  12 53  0.00     2.0349993685      12.460031968  
2023 12 14  12 54  0.00     2.0349970000      12.460020044  
2023 12 14  12 55  0.00     2.0349946315      12.460008119  
2023 12 14  12 56  0.00     2.0349922630      12.459996192  
2023 12 14  12 57  0.00     2.0349898945      12.459984263  
2023 12 14  12 58  0.00     2.0349875259      12.459972333  
2023 12 14  12 59  0.00     2.0349851574      12.459960402  
2023 12 14  13  0  0.00     2.0349827888      12.459948468  
2023 12 14  13  1  0.00     2.0349804202      12.459936534  
2023 12 14  13  2  0.00     2.0349780516      12.459924597  
2023 12 14  13  3  0.00     2.0349756829      12.459912660  
2023 12 14  13  4  0.00     2.0349733143      12.459900720  
2023 12 14  13  5  0.00     2.0349709457      12.459888779  
2023 12 14  13  6  0.00     2.0349685771      12.459876837  
2023 12 14  13  7  0.00     2.0349662085      12.459864892  
2023 12 14  13  8  0.00     2.0349638399      12.459852947  
2023 12 14  13  9  0.00     2.0349614713      12.459840999  
2023 12 14  13 10  0.00     2.0349591027      12.459829050  
2023 12 14  13 11  0.00     2.0349567341      12.459817100  
2023 12 14  13 12  0.00     2.0349543656      12.459805148  
2023 12 14  13 13  0.00     2.0349519971      12.459793194  
2023 12 14  13 14  0.00     2.0349496286      12.459781239  
2023 12 14  13 15  0.00     2.0349472601      12.459769282  
2023 12 14  13 16  0.00     2.0349448917      12.459757324  
2023 12 14  13 17  0.00     2.0349425233      12.459745364  
2023 12 14  13 18  0.00     2.0349401549      12.459733402  
2023 12 14  13 19  0.00     2.0349377866      12.459721439  
2023 12 14  13 20  0.00     2.0349354183      12.459709474  
2023 12 14  13 21  0.00     2.0349330501      12.459697508  
2023 12 14  13 22  0.00     2.0349306819      12.459685540  
2023 12 14  13 23  0.00     2.0349283138      12.459673570  
2023 12 14  13 24  0.00     2.0349259457      12.459661599  
2023 12 14  13 25  0.00     2.0349235777      12.459649627  
2023 12 14  13 26  0.00     2.0349212097      12.459637652  
2023 12 14  13 27  0.00     2.0349188418      12.459625676  
2023 12 14  13 28  0.00     2.0349164740      12.459613699  
2023 12 14  13 29  0.00     2.0349141062      12.459601720  
2023 12 14  13 30  0.00     2.0349117386      12.459589739  
2023 12 14  13 31  0.00     2.0349093710      12.459577757  
2023 12 14  13 32  0.00     2.0349070034      12.459565773  
2023 12 14  13 33  0.00     2.0349046360      12.459553787  
2023 12 14  13 34  0.00     2.0349022686      12.459541800  
2023 12 14  13 35  0.00     2.0348999013      12.459529811  
2023 12 14  13 36  0.00     2.0348975342      12.459517821  
2023 12 14  13 37  0.00     2.0348951671      12.459505829  
2023 12 14  13 38  0.00     2.0348928001      12.459493836  
2023 12 14  13 39  0.00     2.0348904332      12.459481841  
2023 12 14  13 40  0.00     2.0348880664      12.459469844  
2023 12 14  13 41  0.00     2.0348856997      12.459457846  
2023 12 14  13 42  0.00     2.0348833331      12.459445846  
2023 12 14  13 43  0.00     2.0348809667      12.459433844  
2023 12 14  13 44  0.00     2.0348786003      12.459421841  
2023 12 14  13 45  0.00     2.0348762341      12.459409837  
2023 12 14  13 46  0.00     2.0348738679      12.459397830  
2023 12 14  13 47  0.00     2.0348715020      12.459385822  
2023 12 14  13 48  0.00     2.0348691361      12.459373813  
2023 12 14  13 49  0.00     2.0348667703      12.459361802  
2023 12 14  13 50  0.00     2.0348644047      12.459349789  
2023 12 14  13 51  0.00     2.0348620393      12.459337775  
2023 12 14  13 52  0.00     2.0348596739      12.459325759  
2023 12 14  13 53  0.00     2.0348573087      12.459313742  
2023 12 14  13 54  0.00     2.0348549437      12.459301722  
2023 12 14  13 55  0.00     2.0348525788      12.459289702  
2023 12 14  13 56  0.00     2.0348502140      12.459277680  
2023 12 14  13 57  0.00     2.0348478494      12.459265656  
2023 12 14  13 58  0.00     2.0348454849      12.459253630  
2023 12 14  13 59  0.00     2.0348431207      12.459241603  
2023 12 14  14  0  0.00     2.0348407565      12.459229575  
2023 12 14  14  1  0.00     2.0348383926      12.459217545  
2023 12 14  14  2  0.00     2.0348360288      12.459205513  
2023 12 14  14  3  0.00     2.0348336651      12.459193479  
2023 12 14  14  4  0.00     2.0348313017      12.459181444  
2023 12 14  14  5  0.00     2.0348289384      12.459169408  
2023 12 14  14  6  0.00     2.0348265753      12.459157370  
2023 12 14  14  7  0.00     2.0348242124      12.459145330  
2023 12 14  14  8  0.00     2.0348218496      12.459133289  
2023 12 14  14  9  0.00     2.0348194871      12.459121246  
2023 12 14  14 10  0.00     2.0348171247      12.459109201  
2023 12 14  14 11  0.00     2.0348147625      12.459097155  
2023 12 14  14 12  0.00     2.0348124006      12.459085108  
2023 12 14  14 13  0.00     2.0348100388      12.459073059  
2023 12 14  14 14  0.00     2.0348076772      12.459061008  
2023 12 14  14 15  0.00     2.0348053159      12.459048955  
2023 12 14  14 16  0.00     2.0348029547      12.459036902  
2023 12 14  14 17  0.00     2.0348005938      12.459024846  
2023 12 14  14 18  0.00     2.0347982330      12.459012789  
2023 12 14  14 19  0.00     2.0347958725      12.459000730  
2023 12 14  14 20  0.00     2.0347935122      12.458988670  
2023 12 14  14 21  0.00     2.0347911521      12.458976609  
2023 12 14  14 22  0.00     2.0347887923      12.458964545  
2023 12 14  14 23  0.00     2.0347864327      12.458952480  
2023 12 14  14 24  0.00     2.0347840733      12.458940414  
2023 12 14  14 25  0.00     2.0347817141      12.458928346  
2023 12 14  14 26  0.00     2.0347793552      12.458916276  
2023 12 14  14 27  0.00     2.0347769965      12.458904205  
2023 12 14  14 28  0.00     2.0347746381      12.458892133  
2023 12 14  14 29  0.00     2.0347722799      12.458880059  
2023 12 14  14 30  0.00     2.0347699219      12.458867983  
2023 12 14  14 31  0.00     2.0347675642      12.458855906  
2023 12 14  14 32  0.00     2.0347652068      12.458843827  
2023 12 14  14 33  0.00     2.0347628496      12.458831746  
2023 12 14  14 34  0.00     2.0347604927      12.458819664  
2023 12 14  14 35  0.00     2.0347581360      12.458807581  
2023 12 14  14 36  0.00     2.0347557796      12.458795496  
2023 12 14  14 37  0.00     2.0347534235      12.458783410  
2023 12 14  14 38  0.00     2.0347510677      12.458771322  
2023 12 14  14 39  0.00     2.0347487121      12.458759232  
2023 12 14  14 40  0.00     2.0347463568      12.458747141  
2023 12 14  14 41  0.00     2.0347440018      12.458735048  
2023 12 14  14 42  0.00     2.0347416470      12.458722954  
2023 12 14  14 43  0.00     2.0347392926      12.458710859  
2023 12 14  14 44  0.00     2.0347369384      12.458698761  
2023 12 14  14 45  0.00     2.0347345845      12.458686663  
2023 12 14  14 46  0.00     2.0347322309      12.458674563  
2023 12 14  14 47  0.00     2.0347298776      12.458662461  
2023 12 14  14 48  0.00     2.0347275247      12.458650358  
2023 12 14  14 49  0.00     2.0347251720      12.458638253  
2023 12 14  14 50  0.00     2.0347228196      12.458626147  
2023 12 14  14 51  0.00     2.0347204675      12.458614039  
2023 12 14  14 52  0.00     2.0347181158      12.458601930  
2023 12 14  14 53  0.00     2.0347157643      12.458589819  
2023 12 14  14 54  0.00     2.0347134132      12.458577707  
2023 12 14  14 55  0.00     2.0347110624      12.458565594  
2023 12 14  14 56  0.00     2.0347087119      12.458553479  
2023 12 14  14 57  0.00     2.0347063617      12.458541362  
2023 12 14  14 58  0.00     2.0347040119      12.458529244  
2023 12 14  14 59  0.00     2.0347016624      12.458517124  
2023 12 14  15  0  0.00     2.0346993132      12.458505003  
2023 12 14  15  1  0.00     2.0346969644      12.458492881  
2023 12 14  15  2  0.00     2.0346946159      12.458480757  
2023 12 14  15  3  0.00     2.0346922677      12.458468632  
2023 12 14  15  4  0.00     2.0346899199      12.458456505  
2023 12 14  15  5  0.00     2.0346875724      12.458444377  
2023 12 14  15  6  0.00     2.0346852253      12.458432247  
2023 12 14  15  7  0.00     2.0346828785      12.458420116  
2023 12 14  15  8  0.00     2.0346805321      12.458407983  
2023 12 14  15  9  0.00     2.0346781861      12.458395849  
2023 12 14  15 10  0.00     2.0346758404      12.458383714  
2023 12 14  15 11  0.00     2.0346734951      12.458371577  
2023 12 14  15 12  0.00     2.0346711501      12.458359438  
2023 12 14  15 13  0.00     2.0346688055      12.458347299  
2023 12 14  15 14  0.00     2.0346664613      12.458335157  
2023 12 14  15 15  0.00     2.0346641174      12.458323015  
2023 12 14  15 16  0.00     2.0346617740      12.458310871  
2023 12 14  15 17  0.00     2.0346594309      12.458298726  
2023 12 14  15 18  0.00     2.0346570882      12.458286579  
2023 12 14  15 19  0.00     2.0346547458      12.458274431  
2023 12 14  15 20  0.00     2.0346524039      12.458262281  
2023 12 14  15 21  0.00     2.0346500624      12.458250130  
2023 12 14  15 22  0.00     2.0346477212      12.458237978  
2023 12 14  15 23  0.00     2.0346453804      12.458225824  
2023 12 14  15 24  0.00     2.0346430401      12.458213669  
2023 12 14  15 25  0.00     2.0346407001      12.458201512  
2023 12 14  15 26  0.00     2.0346383606      12.458189354  
2023 12 14  15 27  0.00     2.0346360214      12.458177195  
2023 12 14  15 28  0.00     2.0346336827      12.458165034  
2023 12 14  15 29  0.00     2.0346313444      12.458152872  
2023 12 14  15 30  0.00     2.0346290064      12.458140709  
2023 12 14  15 31  0.00     2.0346266689      12.458128545  
2023 12 14  15 32  0.00     2.0346243319      12.458116379  
2023 12 14  15 33  0.00     2.0346219952      12.458104211  
2023 12 14  15 34  0.00     2.0346196590      12.458092042  
2023 12 14  15 35  0.00     2.0346173232      12.458079872  
2023 12 14  15 36  0.00     2.0346149878      12.458067701  
2023 12 14  15 37  0.00     2.0346126528      12.458055528  
2023 12 14  15 38  0.00     2.0346103183      12.458043354  
2023 12 14  15 39  0.00     2.0346079843      12.458031179  
2023 12 14  15 40  0.00     2.0346056506      12.458019003  
2023 12 14  15 41  0.00     2.0346033174      12.458006825  
2023 12 14  15 42  0.00     2.0346009847      12.457994646  
2023 12 14  15 43  0.00     2.0345986524      12.457982465  
2023 12 14  15 44  0.00     2.0345963205      12.457970283  
2023 12 14  15 45  0.00     2.0345939891      12.457958100  
2023 12 14  15 46  0.00     2.0345916582      12.457945916  
2023 12 14  15 47  0.00     2.0345893277      12.457933730  
2023 12 14  15 48  0.00     2.0345869977      12.457921543  
2023 12 14  15 49  0.00     2.0345846681      12.457909355  
2023 12 14  15 50  0.00     2.0345823390      12.457897166  
2023 12 14  15 51  0.00     2.0345800104      12.457884975  
2023 12 14  15 52  0.00     2.0345776823      12.457872783  
2023 12 14  15 53  0.00     2.0345753546      12.457860590  
2023 12 14  15 54  0.00     2.0345730274      12.457848396  
2023 12 14  15 55  0.00     2.0345707006      12.457836200  
2023 12 14  15 56  0.00     2.0345683744      12.457824003  
2023 12 14  15 57  0.00     2.0345660486      12.457811805  
2023 12 14  15 58  0.00     2.0345637233      12.457799606  
2023 12 14  15 59  0.00     2.0345613985      12.457787405  
2023 12 14  16  0  0.00     2.0345590742      12.457775204  
2023 12 14  16  1  0.00     2.0345567504      12.457763001  
2023 12 14  16  2  0.00     2.0345544271      12.457750797  
2023 12 14  16  3  0.00     2.0345521042      12.457738591  
2023 12 14  16  4  0.00     2.0345497819      12.457726385  
2023 12 14  16  5  0.00     2.0345474601      12.457714177  
2023 12 14  16  6  0.00     2.0345451388      12.457701968  
2023 12 14  16  7  0.00     2.0345428179      12.457689758  
2023 12 14  16  8  0.00     2.0345404976      12.457677547  
2023 12 14  16  9  0.00     2.0345381778      12.457665335  
2023 12 14  16 10  0.00     2.0345358586      12.457653121  
2023 12 14  16 11  0.00     2.0345335398      12.457640907  
2023 12 14  16 12  0.00     2.0345312215      12.457628691  
2023 12 14  16 13  0.00     2.0345289038      12.457616474  
2023 12 14  16 14  0.00     2.0345265866      12.457604256  
2023 12 14  16 15  0.00     2.0345242699      12.457592037  
2023 12 14  16 16  0.00     2.0345219538      12.457579817  
2023 12 14  16 17  0.00     2.0345196381      12.457567595  
2023 12 14  16 18  0.00     2.0345173230      12.457555373  
2023 12 14  16 19  0.00     2.0345150085      12.457543149  
2023 12 14  16 20  0.00     2.0345126945      12.457530925  
2023 12 14  16 21  0.00     2.0345103810      12.457518699  
2023 12 14  16 22  0.00     2.0345080680      12.457506472  
2023 12 14  16 23  0.00     2.0345057556      12.457494244  
2023 12 14  16 24  0.00     2.0345034438      12.457482015  
2023 12 14  16 25  0.00     2.0345011325      12.457469785  
2023 12 14  16 26  0.00     2.0344988217      12.457457554  
2023 12 14  16 27  0.00     2.0344965115      12.457445322  
2023 12 14  16 28  0.00     2.0344942019      12.457433089  
2023 12 14  16 29  0.00     2.0344918928      12.457420855  
2023 12 14  16 30  0.00     2.0344895842      12.457408620  
2023 12 14  16 31  0.00     2.0344872762      12.457396383  
2023 12 14  16 32  0.00     2.0344849688      12.457384146  
2023 12 14  16 33  0.00     2.0344826620      12.457371908  
2023 12 14  16 34  0.00     2.0344803557      12.457359669  
2023 12 14  16 35  0.00     2.0344780500      12.457347428  
2023 12 14  16 36  0.00     2.0344757449      12.457335187  
2023 12 14  16 37  0.00     2.0344734403      12.457322945  
2023 12 14  16 38  0.00     2.0344711363      12.457310702  
2023 12 14  16 39  0.00     2.0344688329      12.457298457  
2023 12 14  16 40  0.00     2.0344665300      12.457286212  
2023 12 14  16 41  0.00     2.0344642278      12.457273966  
2023 12 14  16 42  0.00     2.0344619261      12.457261719  
2023 12 14  16 43  0.00     2.0344596250      12.457249471  
2023 12 14  16 44  0.00     2.0344573245      12.457237222  
2023 12 14  16 45  0.00     2.0344550246      12.457224972  
2023 12 14  16 46  0.00     2.0344527253      12.457212721  
2023 12 14  16 47  0.00     2.0344504266      12.457200470  
2023 12 14  16 48  0.00     2.0344481285      12.457188217  
2023 12 14  16 49  0.00     2.0344458310      12.457175964  
2023 12 14  16 50  0.00     2.0344435340      12.457163709  
2023 12 14  16 51  0.00     2.0344412377      12.457151454  
2023 12 14  16 52  0.00     2.0344389420      12.457139198  
2023 12 14  16 53  0.00     2.0344366469      12.457126941  
2023 12 14  16 54  0.00     2.0344343524      12.457114683  
2023 12 14  16 55  0.00     2.0344320585      12.457102424  
2023 12 14  16 56  0.00     2.0344297652      12.457090164  
2023 12 14  16 57  0.00     2.0344274726      12.457077904  
2023 12 14  16 58  0.00     2.0344251805      12.457065642  
2023 12 14  16 59  0.00     2.0344228891      12.457053380  
2023 12 14  17  0  0.00     2.0344205983      12.457041117  
2023 12 14  17  1  0.00     2.0344183081      12.457028853  
2023 12 14  17  2  0.00     2.0344160185      12.457016589  
2023 12 14  17  3  0.00     2.0344137296      12.457004323  
2023 12 14  17  4  0.00     2.0344114412      12.456992057  
2023 12 14  17  5  0.00     2.0344091535      12.456979790  
2023 12 14  17  6  0.00     2.0344068665      12.456967522  
2023 12 14  17  7  0.00     2.0344045801      12.456955254  
2023 12 14  17  8  0.00     2.0344022943      12.456942984  
2023 12 14  17  9  0.00     2.0344000091      12.456930714  
2023 12 14  17 10  0.00     2.0343977246      12.456918443  
2023 12 14  17 11  0.00     2.0343954407      12.456906172  
2023 12 14  17 12  0.00     2.0343931575      12.456893899  
2023 12 14  17 13  0.00     2.0343908749      12.456881626  
2023 12 14  17 14  0.00     2.0343885930      12.456869353  
2023 12 14  17 15  0.00     2.0343863117      12.456857078  
2023 12 14  17 16  0.00     2.0343840310      12.456844803  
2023 12 14  17 17  0.00     2.0343817510      12.456832527  
2023 12 14  17 18  0.00     2.0343794717      12.456820250  
2023 12 14  17 19  0.00     2.0343771930      12.456807973  
2023 12 14  17 20  0.00     2.0343749149      12.456795695  
2023 12 14  17 21  0.00     2.0343726376      12.456783417  
2023 12 14  17 22  0.00     2.0343703608      12.456771137  
2023 12 14  17 23  0.00     2.0343680848      12.456758857  
2023 12 14  17 24  0.00     2.0343658094      12.456746577  
2023 12 14  17 25  0.00     2.0343635347      12.456734296  
2023 12 14  17 26  0.00     2.0343612606      12.456722014  
2023 12 14  17 27  0.00     2.0343589872      12.456709731  
2023 12 14  17 28  0.00     2.0343567144      12.456697448  
2023 12 14  17 29  0.00     2.0343544424      12.456685165  
2023 12 14  17 30  0.00     2.0343521710      12.456672880  
2023 12 14  17 31  0.00     2.0343499003      12.456660595  
2023 12 14  17 32  0.00     2.0343476302      12.456648310  
2023 12 14  17 33  0.00     2.0343453609      12.456636024  
2023 12 14  17 34  0.00     2.0343430922      12.456623737  
2023 12 14  17 35  0.00     2.0343408242      12.456611450  
2023 12 14  17 36  0.00     2.0343385568      12.456599163  
2023 12 14  17 37  0.00     2.0343362902      12.456586874  
2023 12 14  17 38  0.00     2.0343340242      12.456574586  
2023 12 14  17 39  0.00     2.0343317590      12.456562296  
2023 12 14  17 40  0.00     2.0343294944      12.456550006  
2023 12 14  17 41  0.00     2.0343272305      12.456537716  
2023 12 14  17 42  0.00     2.0343249673      12.456525425  
2023 12 14  17 43  0.00     2.0343227048      12.456513134  
2023 12 14  17 44  0.00     2.0343204429      12.456500842  
2023 12 14  17 45  0.00     2.0343181818      12.456488550  
2023 12 14  17 46  0.00     2.0343159214      12.456476257  
2023 12 14  17 47  0.00     2.0343136616      12.456463964  
2023 12 14  17 48  0.00     2.0343114026      12.456451670  
2023 12 14  17 49  0.00     2.0343091443      12.456439376  
2023 12 14  17 50  0.00     2.0343068866      12.456427082  
2023 12 14  17 51  0.00     2.0343046297      12.456414787  
2023 12 14  17 52  0.00     2.0343023735      12.456402491  
2023 12 14  17 53  0.00     2.0343001180      12.456390196  
2023 12 14  17 54  0.00     2.0342978631      12.456377899  
2023 12 14  17 55  0.00     2.0342956090      12.456365603  
2023 12 14  17 56  0.00     2.0342933556      12.456353306  
2023 12 14  17 57  0.00     2.0342911029      12.456341009  
2023 12 14  17 58  0.00     2.0342888510      12.456328711  
2023 12 14  17 59  0.00     2.0342865997      12.456316413  
2023 12 14  18  0  0.00     2.0342843492      12.456304114  
2023 12 14  18  1  0.00     2.0342820993      12.456291816  
2023 12 14  18  2  0.00     2.0342798502      12.456279517  
2023 12 14  18  3  0.00     2.0342776018      12.456267217  
2023 12 14  18  4  0.00     2.0342753541      12.456254917  
2023 12 14  18  5  0.00     2.0342731072      12.456242617  
2023 12 14  18  6  0.00     2.0342708609      12.456230317  
2023 12 14  18  7  0.00     2.0342686154      12.456218016  
2023 12 14  18  8  0.00     2.0342663706      12.456205716  
2023 12 14  18  9  0.00     2.0342641266      12.456193414  
2023 12 14  18 10  0.00     2.0342618832      12.456181113  
2023 12 14  18 11  0.00     2.0342596406      12.456168811  
2023 12 14  18 12  0.00     2.0342573988      12.456156509  
2023 12 14  18 13  0.00     2.0342551576      12.456144207  
2023 12 14  18 14  0.00     2.0342529172      12.456131905  
2023 12 14  18 15  0.00     2.0342506775      12.456119602  
2023 12 14  18 16  0.00     2.0342484385      12.456107299  
2023 12 14  18 17  0.00     2.0342462003      12.456094996  
2023 12 14  18 18  0.00     2.0342439628      12.456082693  
2023 12 14  18 19  0.00     2.0342417261      12.456070389  
2023 12 14  18 20  0.00     2.0342394901      12.456058086  
2023 12 14  18 21  0.00     2.0342372548      12.456045782  
2023 12 14  18 22  0.00     2.0342350202      12.456033478  
2023 12 14  18 23  0.00     2.0342327865      12.456021174  
2023 12 14  18 24  0.00     2.0342305534      12.456008870  
2023 12 14  18 25  0.00     2.0342283211      12.455996566  
2023 12 14  18 26  0.00     2.0342260895      12.455984261  
2023 12 14  18 27  0.00     2.0342238587      12.455971956  
2023 12 14  18 28  0.00     2.0342216286      12.455959652  
2023 12 14  18 29  0.00     2.0342193993      12.455947347  
2023 12 14  18 30  0.00     2.0342171707      12.455935042  
2023 12 14  18 31  0.00     2.0342149428      12.455922737  
2023 12 14  18 32  0.00     2.0342127157      12.455910432  
2023 12 14  18 33  0.00     2.0342104894      12.455898127  
2023 12 14  18 34  0.00     2.0342082638      12.455885822  
2023 12 14  18 35  0.00     2.0342060390      12.455873517  
2023 12 14  18 36  0.00     2.0342038149      12.455861211  
2023 12 14  18 37  0.00     2.0342015915      12.455848906  
2023 12 14  18 38  0.00     2.0341993689      12.455836601  
2023 12 14  18 39  0.00     2.0341971471      12.455824296  
2023 12 14  18 40  0.00     2.0341949260      12.455811990  
2023 12 14  18 41  0.00     2.0341927057      12.455799685  
2023 12 14  18 42  0.00     2.0341904861      12.455787380  
2023 12 14  18 43  0.00     2.0341882673      12.455775075  
2023 12 14  18 44  0.00     2.0341860493      12.455762770  
2023 12 14  18 45  0.00     2.0341838320      12.455750465  
2023 12 14  18 46  0.00     2.0341816154      12.455738159  
---
2023 12 15  10 20  0.00     2.0322516132      12.444978535  
2023 12 15  10 21  0.00     2.0322494308      12.444967587  
2023 12 15  10 22  0.00     2.0322472480      12.444956639  
2023 12 15  10 23  0.00     2.0322450648      12.444945690  
2023 12 15  10 24  0.00     2.0322428812      12.444934740  
2023 12 15  10 25  0.00     2.0322406973      12.444923789  
2023 12 15  10 26  0.00     2.0322385129      12.444912838  
2023 12 15  10 27  0.00     2.0322363281      12.444901885  
2023 12 15  10 28  0.00     2.0322341430      12.444890932  
2023 12 15  10 29  0.00     2.0322319575      12.444879977  
2023 12 15  10 30  0.00     2.0322297716      12.444869022  
2023 12 15  10 31  0.00     2.0322275853      12.444858066  
2023 12 15  10 32  0.00     2.0322253986      12.444847109  
2023 12 15  10 33  0.00     2.0322232115      12.444836150  
2023 12 15  10 34  0.00     2.0322210241      12.444825191  
2023 12 15  10 35  0.00     2.0322188363      12.444814231  
2023 12 15  10 36  0.00     2.0322166481      12.444803270  
2023 12 15  10 37  0.00     2.0322144596      12.444792309  
2023 12 15  10 38  0.00     2.0322122707      12.444781346  
2023 12 15  10 39  0.00     2.0322100814      12.444770382  
2023 12 15  10 40  0.00     2.0322078918      12.444759417  
2023 12 15  10 41  0.00     2.0322057018      12.444748451  
2023 12 15  10 42  0.00     2.0322035114      12.444737484  
2023 12 15  10 43  0.00     2.0322013207      12.444726516  
2023 12 15  10 44  0.00     2.0321991296      12.444715547  
2023 12 15  10 45  0.00     2.0321969382      12.444704578  
2023 12 15  10 46  0.00     2.0321947464      12.444693607  
2023 12 15  10 47  0.00     2.0321925543      12.444682635  
2023 12 15  10 48  0.00     2.0321903618      12.444671662  
2023 12 15  10 49  0.00     2.0321881690      12.444660688  
2023 12 15  10 50  0.00     2.0321859759      12.444649713  
2023 12 15  10 51  0.00     2.0321837824      12.444638736  
2023 12 15  10 52  0.00     2.0321815886      12.444627759  
2023 12 15  10 53  0.00     2.0321793944      12.444616781  
2023 12 15  10 54  0.00     2.0321771999      12.444605802  
2023 12 15  10 55  0.00     2.0321750051      12.444594821  
2023 12 15  10 56  0.00     2.0321728099      12.444583840  
2023 12 15  10 57  0.00     2.0321706144      12.444572857  
2023 12 15  10 58  0.00     2.0321684186      12.444561874  
2023 12 15  10 59  0.00     2.0321662225      12.444550889  
2023 12 15  11  0  0.00     2.0321640261      12.444539903  
2023 12 15  11  1  0.00     2.0321618293      12.444528916  
2023 12 15  11  2  0.00     2.0321596322      12.444517928  
2023 12 15  11  3  0.00     2.0321574348      12.444506938  
2023 12 15  11  4  0.00     2.0321552371      12.444495948  
2023 12 15  11  5  0.00     2.0321530391      12.444484957  
2023 12 15  11  6  0.00     2.0321508408      12.444473964  
2023 12 15  11  7  0.00     2.0321486422      12.444462970  
2023 12 15  11  8  0.00     2.0321464433      12.444451975  
2023 12 15  11  9  0.00     2.0321442440      12.444440979  
2023 12 15  11 10  0.00     2.0321420445      12.444429982  
2023 12 15  11 11  0.00     2.0321398447      12.444418983  
2023 12 15  11 12  0.00     2.0321376446      12.444407984  
2023 12 15  11 13  0.00     2.0321354442      12.444396983  
2023 12 15  11 14  0.00     2.0321332435      12.444385981  
2023 12 15  11 15  0.00     2.0321310426      12.444374977  
2023 12 15  11 16  0.00     2.0321288413      12.444363973  
2023 12 15  11 17  0.00     2.0321266398      12.444352967  
2023 12 15  11 18  0.00     2.0321244380      12.444341961  
2023 12 15  11 19  0.00     2.0321222359      12.444330953  
2023 12 15  11 20  0.00     2.0321200336      12.444319943  
2023 12 15  11 21  0.00     2.0321178310      12.444308933  
2023 12 15  11 22  0.00     2.0321156281      12.444297921  
2023 12 15  11 23  0.00     2.0321134249      12.444286908  
2023 12 15  11 24  0.00     2.0321112215      12.444275894  
2023 12 15  11 25  0.00     2.0321090179      12.444264878  
2023 12 15  11 26  0.00     2.0321068139      12.444253862  
2023 12 15  11 27  0.00     2.0321046097      12.444242844  
2023 12 15  11 28  0.00     2.0321024053      12.444231825  
2023 12 15  11 29  0.00     2.0321002006      12.444220804  
2023 12 15  11 30  0.00     2.0320979957      12.444209782  
2023 12 15  11 31  0.00     2.0320957905      12.444198759  
2023 12 15  11 32  0.00     2.0320935851      12.444187735  
2023 12 15  11 33  0.00     2.0320913794      12.444176709  
2023 12 15  11 34  0.00     2.0320891735      12.444165683  
2023 12 15  11 35  0.00     2.0320869674      12.444154654  
2023 12 15  11 36  0.00     2.0320847610      12.444143625  
2023 12 15  11 37  0.00     2.0320825544      12.444132594  
2023 12 15  11 38  0.00     2.0320803476      12.444121562  
2023 12 15  11 39  0.00     2.0320781405      12.444110529  
2023 12 15  11 40  0.00     2.0320759332      12.444099494  
2023 12 15  11 41  0.00     2.0320737257      12.444088458  
2023 12 15  11 42  0.00     2.0320715180      12.444077420  
2023 12 15  11 43  0.00     2.0320693101      12.444066382  
2023 12 15  11 44  0.00     2.0320671020      12.444055342  
2023 12 15  11 45  0.00     2.0320648936      12.444044300  
2023 12 15  11 46  0.00     2.0320626850      12.444033258  
2023 12 15  11 47  0.00     2.0320604763      12.444022214  
2023 12 15  11 48  0.00     2.0320582673      12.444011168  
2023 12 15  11 49  0.00     2.0320560582      12.444000121  
2023 12 15  11 50  0.00     2.0320538488      12.443989073  
2023 12 15  11 51  0.00     2.0320516392      12.443978024  
2023 12 15  11 52  0.00     2.0320494295      12.443966973  
2023 12 15  11 53  0.00     2.0320472196      12.443955921  
2023 12 15  11 54  0.00     2.0320450094      12.443944867  
2023 12 15  11 55  0.00     2.0320427991      12.443933812  
2023 12 15  11 56  0.00     2.0320405887      12.443922756  
2023 12 15  11 57  0.00     2.0320383780      12.443911698  
2023 12 15  11 58  0.00     2.0320361672      12.443900639  
2023 12 15  11 59  0.00     2.0320339562      12.443889578  
2023 12 15  12  0  0.00     2.0320317450      12.443878516  
2023 12 15  12  1  0.00     2.0320295336      12.443867453  
2023 12 15  12  2  0.00     2.0320273221      12.443856388  
2023 12 15  12  3  0.00     2.0320251104      12.443845322  
2023 12 15  12  4  0.00     2.0320228986      12.443834254  
2023 12 15  12  5  0.00     2.0320206866      12.443823185  
2023 12 15  12  6  0.00     2.0320184745      12.443812114  
2023 12 15  12  7  0.00     2.0320162622      12.443801043  
2023 12 15  12  8  0.00     2.0320140497      12.443789969  
2023 12 15  12  9  0.00     2.0320118371      12.443778895  
2023 12 15  12 10  0.00     2.0320096244      12.443767818  
2023 12 15  12 11  0.00     2.0320074115      12.443756741  
2023 12 15  12 12  0.00     2.0320051985      12.443745662  
2023 12 15  12 13  0.00     2.0320029854      12.443734581  
2023 12 15  12 14  0.00     2.0320007721      12.443723499  
2023 12 15  12 15  0.00     2.0319985587      12.443712416  
2023 12 15  12 16  0.00     2.0319963452      12.443701331  
2023 12 15  12 17  0.00     2.0319941315      12.443690244  
2023 12 15  12 18  0.00     2.0319919177      12.443679157  
2023 12 15  12 19  0.00     2.0319897038      12.443668067  
2023 12 15  12 20  0.00     2.0319874898      12.443656977  
2023 12 15  12 21  0.00     2.0319852757      12.443645884  
2023 12 15  12 22  0.00     2.0319830614      12.443634791  
2023 12 15  12 23  0.00     2.0319808471      12.443623696  
2023 12 15  12 24  0.00     2.0319786327      12.443612599  
2023 12 15  12 25  0.00     2.0319764181      12.443601501  
2023 12 15  12 26  0.00     2.0319742035      12.443590401  
2023 12 15  12 27  0.00     2.0319719887      12.443579300  
2023 12 15  12 28  0.00     2.0319697739      12.443568197  
2023 12 15  12 29  0.00     2.0319675589      12.443557093  
2023 12 15  12 30  0.00     2.0319653439      12.443545988  
2023 12 15  12 31  0.00     2.0319631288      12.443534881  
2023 12 15  12 32  0.00     2.0319609136      12.443523772  
2023 12 15  12 33  0.00     2.0319586984      12.443512662  
2023 12 15  12 34  0.00     2.0319564830      12.443501550  
2023 12 15  12 35  0.00     2.0319542676      12.443490437  
2023 12 15  12 36  0.00     2.0319520522      12.443479323  
2023 12 15  12 37  0.00     2.0319498366      12.443468206  
2023 12 15  12 38  0.00     2.0319476210      12.443457089  
2023 12 15  12 39  0.00     2.0319454053      12.443445970  
2023 12 15  12 40  0.00     2.0319431896      12.443434849  
2023 12 15  12 41  0.00     2.0319409738      12.443423727  
2023 12 15  12 42  0.00     2.0319387579      12.443412603  
2023 12 15  12 43  0.00     2.0319365420      12.443401478  
2023 12 15  12 44  0.00     2.0319343261      12.443390351  
2023 12 15  12 45  0.00     2.0319321101      12.443379222  
2023 12 15  12 46  0.00     2.0319298941      12.443368092  
2023 12 15  12 47  0.00     2.0319276780      12.443356961  
2023 12 15  12 48  0.00     2.0319254619      12.443345828  
2023 12 15  12 49  0.00     2.0319232457      12.443334694  
2023 12 15  12 50  0.00     2.0319210296      12.443323557  
2023 12 15  12 51  0.00     2.0319188134      12.443312420  
2023 12 15  12 52  0.00     2.0319165971      12.443301281  
2023 12 15  12 53  0.00     2.0319143809      12.443290140  
2023 12 15  12 54  0.00     2.0319121646      12.443278998  
2023 12 15  12 55  0.00     2.0319099483      12.443267854  
2023 12 15  12 56  0.00     2.0319077320      12.443256709  
2023 12 15  12 57  0.00     2.0319055157      12.443245562  
2023 12 15  12 58  0.00     2.0319032994      12.443234413  
2023 12 15  12 59  0.00     2.0319010831      12.443223263  
2023 12 15  13  0  0.00     2.0318988668      12.443212112  
2023 12 15  13  1  0.00     2.0318966504      12.443200959  
2023 12 15  13  2  0.00     2.0318944341      12.443189804  
2023 12 15  13  3  0.00     2.0318922178      12.443178648  
2023 12 15  13  4  0.00     2.0318900015      12.443167490  
2023 12 15  13  5  0.00     2.0318877852      12.443156330  
2023 12 15  13  6  0.00     2.0318855690      12.443145169  
2023 12 15  13  7  0.00     2.0318833527      12.443134007  
2023 12 15  13  8  0.00     2.0318811365      12.443122843  
2023 12 15  13  9  0.00     2.0318789203      12.443111677  
2023 12 15  13 10  0.00     2.0318767041      12.443100510  
2023 12 15  13 11  0.00     2.0318744879      12.443089341  
2023 12 15  13 12  0.00     2.0318722718      12.443078171  
2023 12 15  13 13  0.00     2.0318700557      12.443066999  
2023 12 15  13 14  0.00     2.0318678397      12.443055825  
2023 12 15  13 15  0.00     2.0318656237      12.443044650  
2023 12 15  13 16  0.00     2.0318634077      12.443033474  
2023 12 15  13 17  0.00     2.0318611918      12.443022295  
2023 12 15  13 18  0.00     2.0318589759      12.443011115  
2023 12 15  13 19  0.00     2.0318567601      12.442999934  
2023 12 15  13 20  0.00     2.0318545444      12.442988751  
2023 12 15  13 21  0.00     2.0318523287      12.442977566  
2023 12 15  13 22  0.00     2.0318501131      12.442966380  
2023 12 15  13 23  0.00     2.0318478975      12.442955192  
2023 12 15  13 24  0.00     2.0318456820      12.442944003  
2023 12 15  13 25  0.00     2.0318434666      12.442932812  
2023 12 15  13 26  0.00     2.0318412512      12.442921620  
2023 12 15  13 27  0.00     2.0318390360      12.442910426  
2023 12 15  13 28  0.00     2.0318368208      12.442899230  
2023 12 15  13 29  0.00     2.0318346057      12.442888033  
2023 12 15  13 30  0.00     2.0318323906      12.442876834  
2023 12 15  13 31  0.00     2.0318301757      12.442865634  
2023 12 15  13 32  0.00     2.0318279609      12.442854432  
2023 12 15  13 33  0.00     2.0318257461      12.442843228  
2023 12 15  13 34  0.00     2.0318235315      12.442832023  
2023 12 15  13 35  0.00     2.0318213169      12.442820816  
2023 12 15  13 36  0.00     2.0318191025      12.442809608  
2023 12 15  13 37  0.00     2.0318168881      12.442798398  
2023 12 15  13 38  0.00     2.0318146739      12.442787186  
2023 12 15  13 39  0.00     2.0318124598      12.442775973  
2023 12 15  13 40  0.00     2.0318102458      12.442764759  
2023 12 15  13 41  0.00     2.0318080319      12.442753542  
2023 12 15  13 42  0.00     2.0318058181      12.442742324  
2023 12 15  13 43  0.00     2.0318036045      12.442731105  
2023 12 15  13 44  0.00     2.0318013909      12.442719884  
2023 12 15  13 45  0.00     2.0317991776      12.442708661  
2023 12 15  13 46  0.00     2.0317969643      12.442697437  
2023 12 15  13 47  0.00     2.0317947512      12.442686212  
2023 12 15  13 48  0.00     2.0317925382      12.442674984  
2023 12 15  13 49  0.00     2.0317903254      12.442663755  
2023 12 15  13 50  0.00     2.0317881127      12.442652525  
2023 12 15  13 51  0.00     2.0317859001      12.442641293  
2023 12 15  13 52  0.00     2.0317836877      12.442630059  
2023 12 15  13 53  0.00     2.0317814755      12.442618824  
2023 12 15  13 54  0.00     2.0317792634      12.442607587  
2023 12 15  13 55  0.00     2.0317770515      12.442596349  
2023 12 15  13 56  0.00     2.0317748397      12.442585109  
2023 12 15  13 57  0.00     2.0317726281      12.442573867  
2023 12 15  13 58  0.00     2.0317704167      12.442562624  
2023 12 15  13 59  0.00     2.0317682054      12.442551379  
2023 12 15  14  0  0.00     2.0317659943      12.442540133  
2023 12 15  14  1  0.00     2.0317637834      12.442528885  
2023 12 15  14  2  0.00     2.0317615727      12.442517636  
2023 12 15  14  3  0.00     2.0317593621      12.442506385  
2023 12 15  14  4  0.00     2.0317571518      12.442495132  
2023 12 15  14  5  0.00     2.0317549416      12.442483878  
2023 12 15  14  6  0.00     2.0317527316      12.442472622  
2023 12 15  14  7  0.00     2.0317505218      12.442461365  
2023 12 15  14  8  0.00     2.0317483122      12.442450106  
2023 12 15  14  9  0.00     2.0317461028      12.442438846  
2023 12 15  14 10  0.00     2.0317438936      12.442427584  
2023 12 15  14 11  0.00     2.0317416847      12.442416321  
2023 12 15  14 12  0.00     2.0317394759      12.442405056  
2023 12 15  14 13  0.00     2.0317372673      12.442393789  
2023 12 15  14 14  0.00     2.0317350590      12.442382521  
2023 12 15  14 15  0.00     2.0317328508      12.442371251  
2023 12 15  14 16  0.00     2.0317306429      12.442359980  
2023 12 15  14 17  0.00     2.0317284352      12.442348707  
2023 12 15  14 18  0.00     2.0317262278      12.442337433  
2023 12 15  14 19  0.00     2.0317240205      12.442326157  
2023 12 15  14 20  0.00     2.0317218135      12.442314879  
2023 12 15  14 21  0.00     2.0317196068      12.442303600  
2023 12 15  14 22  0.00     2.0317174002      12.442292320  
2023 12 15  14 23  0.00     2.0317151939      12.442281038  
2023 12 15  14 24  0.00     2.0317129879      12.442269754  
2023 12 15  14 25  0.00     2.0317107821      12.442258469  
2023 12 15  14 26  0.00     2.0317085765      12.442247182  
2023 12 15  14 27  0.00     2.0317063712      12.442235894  
2023 12 15  14 28  0.00     2.0317041662      12.442224605  
2023 12 15  14 29  0.00     2.0317019614      12.442213313  
2023 12 15  14 30  0.00     2.0316997569      12.442202021  
2023 12 15  14 31  0.00     2.0316975526      12.442190726  
2023 12 15  14 32  0.00     2.0316953486      12.442179430  
2023 12 15  14 33  0.00     2.0316931449      12.442168133  
2023 12 15  14 34  0.00     2.0316909414      12.442156834  
2023 12 15  14 35  0.00     2.0316887382      12.442145534  
2023 12 15  14 36  0.00     2.0316865353      12.442134232  
2023 12 15  14 37  0.00     2.0316843327      12.442122929  
2023 12 15  14 38  0.00     2.0316821304      12.442111624  
2023 12 15  14 39  0.00     2.0316799283      12.442100317  
2023 12 15  14 40  0.00     2.0316777266      12.442089009  
2023 12 15  14 41  0.00     2.0316755251      12.442077700  
2023 12 15  14 42  0.00     2.0316733239      12.442066389  
2023 12 15  14 43  0.00     2.0316711230      12.442055077  
2023 12 15  14 44  0.00     2.0316689224      12.442043763  
2023 12 15  14 45  0.00     2.0316667222      12.442032448  
2023 12 15  14 46  0.00     2.0316645222      12.442021131  
2023 12 15  14 47  0.00     2.0316623225      12.442009812  
2023 12 15  14 48  0.00     2.0316601232      12.441998493  
2023 12 15  14 49  0.00     2.0316579241      12.441987171  
2023 12 15  14 50  0.00     2.0316557254      12.441975849  
2023 12 15  14 51  0.00     2.0316535270      12.441964524  
2023 12 15  14 52  0.00     2.0316513289      12.441953199  
2023 12 15  14 53  0.00     2.0316491312      12.441941872  
2023 12 15  14 54  0.00     2.0316469337      12.441930543  
2023 12 15  14 55  0.00     2.0316447366      12.441919213  
2023 12 15  14 56  0.00     2.0316425399      12.441907881  
2023 12 15  14 57  0.00     2.0316403434      12.441896549  
2023 12 15  14 58  0.00     2.0316381474      12.441885214  
2023 12 15  14 59  0.00     2.0316359516      12.441873878  
2023 12 15  15  0  0.00     2.0316337562      12.441862541  
2023 12 15  15  1  0.00     2.0316315612      12.441851202  
2023 12 15  15  2  0.00     2.0316293665      12.441839862  
2023 12 15  15  3  0.00     2.0316271721      12.441828521  
2023 12 15  15  4  0.00     2.0316249781      12.441817178  
2023 12 15  15  5  0.00     2.0316227845      12.441805833  
2023 12 15  15  6  0.00     2.0316205912      12.441794487  
2023 12 15  15  7  0.00     2.0316183983      12.441783140  
2023 12 15  15  8  0.00     2.0316162057      12.441771791  
2023 12 15  15  9  0.00     2.0316140136      12.441760441  
2023 12 15  15 10  0.00     2.0316118218      12.441749090  
2023 12 15  15 11  0.00     2.0316096303      12.441737737  
2023 12 15  15 12  0.00     2.0316074393      12.441726382  
2023 12 15  15 13  0.00     2.0316052486      12.441715027  
2023 12 15  15 14  0.00     2.0316030583      12.441703670  
2023 12 15  15 15  0.00     2.0316008684      12.441692311  
2023 12 15  15 16  0.00     2.0315986789      12.441680951  
2023 12 15  15 17  0.00     2.0315964898      12.441669590  
2023 12 15  15 18  0.00     2.0315943010      12.441658228  
2023 12 15  15 19  0.00     2.0315921127      12.441646864  
2023 12 15  15 20  0.00     2.0315899248      12.441635498  
2023 12 15  15 21  0.00     2.0315877372      12.441624132  
2023 12 15  15 22  0.00     2.0315855501      12.441612764  
2023 12 15  15 23  0.00     2.0315833634      12.441601394  
2023 12 15  15 24  0.00     2.0315811770      12.441590023  
2023 12 15  15 25  0.00     2.0315789911      12.441578651  
2023 12 15  15 26  0.00     2.0315768056      12.441567278  
2023 12 15  15 27  0.00     2.0315746206      12.441555903  
2023 12 15  15 28  0.00     2.0315724359      12.441544527  
2023 12 15  15 29  0.00     2.0315702517      12.441533150  
2023 12 15  15 30  0.00     2.0315680679      12.441521771  
2023 12 15  15 31  0.00     2.0315658845      12.441510391  
2023 12 15  15 32  0.00     2.0315637015      12.441499010  
2023 12 15  15 33  0.00     2.0315615190      12.441487627  
2023 12 15  15 34  0.00     2.0315593369      12.441476243  
2023 12 15  15 35  0.00     2.0315571553      12.441464858  
2023 12 15  15 36  0.00     2.0315549741      12.441453471  
2023 12 15  15 37  0.00     2.0315527933      12.441442083  
2023 12 15  15 38  0.00     2.0315506130      12.441430694  
2023 12 15  15 39  0.00     2.0315484331      12.441419304  
2023 12 15  15 40  0.00     2.0315462537      12.441407912  
2023 12 15  15 41  0.00     2.0315440747      12.441396519  
2023 12 15  15 42  0.00     2.0315418962      12.441385125  
2023 12 15  15 43  0.00     2.0315397181      12.441373729  
2023 12 15  15 44  0.00     2.0315375405      12.441362332  
2023 12 15  15 45  0.00     2.0315353634      12.441350934  
2023 12 15  15 46  0.00     2.0315331867      12.441339535  
2023 12 15  15 47  0.00     2.0315310105      12.441328135  
2023 12 15  15 48  0.00     2.0315288348      12.441316733  
2023 12 15  15 49  0.00     2.0315266595      12.441305330  
2023 12 15  15 50  0.00     2.0315244847      12.441293926  
2023 12 15  15 51  0.00     2.0315223104      12.441282520  
2023 12 15  15 52  0.00     2.0315201366      12.441271114  
2023 12 15  15 53  0.00     2.0315179633      12.441259706  
2023 12 15  15 54  0.00     2.0315157904      12.441248297  
2023 12 15  15 55  0.00     2.0315136180      12.441236887  
2023 12 15  15 56  0.00     2.0315114461      12.441225475  
2023 12 15  15 57  0.00     2.0315092748      12.441214063  
2023 12 15  15 58  0.00     2.0315071039      12.441202649  
2023 12 15  15 59  0.00     2.0315049335      12.441191234  
2023 12 15  16  0  0.00     2.0315027636      12.441179818  
2023 12 15  16  1  0.00     2.0315005942      12.441168400  
2023 12 15  16  2  0.00     2.0314984253      12.441156982  
2023 12 15  16  3  0.00     2.0314962569      12.441145562  
2023 12 15  16  4  0.00     2.0314940890      12.441134142  
2023 12 15  16  5  0.00     2.0314919216      12.441122720  
2023 12 15  16  6  0.00     2.0314897548      12.441111297  
2023 12 15  16  7  0.00     2.0314875884      12.441099872  
2023 12 15  16  8  0.00     2.0314854226      12.441088447  
2023 12 15  16  9  0.00     2.0314832573      12.441077021  
2023 12 15  16 10  0.00     2.0314810925      12.441065593  
2023 12 15  16 11  0.00     2.0314789283      12.441054164  
2023 12 15  16 12  0.00     2.0314767645      12.441042735  
2023 12 15  16 13  0.00     2.0314746013      12.441031304  
2023 12 15  16 14  0.00     2.0314724387      12.441019872  
2023 12 15  16 15  0.00     2.0314702765      12.441008439  
2023 12 15  16 16  0.00     2.0314681149      12.440997005  
2023 12 15  16 17  0.00     2.0314659539      12.440985570  
2023 12 15  16 18  0.00     2.0314637934      12.440974133  
2023 12 15  16 19  0.00     2.0314616334      12.440962696  
2023 12 15  16 20  0.00     2.0314594739      12.440951258  
2023 12 15  16 21  0.00     2.0314573151      12.440939818  
2023 12 15  16 22  0.00     2.0314551567      12.440928378  
2023 12 15  16 23  0.00     2.0314529990      12.440916936  
2023 12 15  16 24  0.00     2.0314508417      12.440905494  
2023 12 15  16 25  0.00     2.0314486851      12.440894050  
2023 12 15  16 26  0.00     2.0314465289      12.440882606  
2023 12 15  16 27  0.00     2.0314443734      12.440871160  
2023 12 15  16 28  0.00     2.0314422184      12.440859714  
2023 12 15  16 29  0.00     2.0314400640      12.440848266  
2023 12 15  16 30  0.00     2.0314379101      12.440836817  
2023 12 15  16 31  0.00     2.0314357568      12.440825368  
2023 12 15  16 32  0.00     2.0314336041      12.440813917  
2023 12 15  16 33  0.00     2.0314314520      12.440802466  
2023 12 15  16 34  0.00     2.0314293004      12.440791013  
2023 12 15  16 35  0.00     2.0314271494      12.440779560  
2023 12 15  16 36  0.00     2.0314249990      12.440768106  
2023 12 15  16 37  0.00     2.0314228492      12.440756650  
2023 12 15  16 38  0.00     2.0314206999      12.440745194  
2023 12 15  16 39  0.00     2.0314185512      12.440733737  
2023 12 15  16 40  0.00     2.0314164032      12.440722279  
2023 12 15  16 41  0.00     2.0314142557      12.440710820  
2023 12 15  16 42  0.00     2.0314121088      12.440699360  
2023 12 15  16 43  0.00     2.0314099625      12.440687899  
2023 12 15  16 44  0.00     2.0314078168      12.440676437  
2023 12 15  16 45  0.00     2.0314056717      12.440664975  
2023 12 15  16 46  0.00     2.0314035272      12.440653511  
2023 12 15  16 47  0.00     2.0314013833      12.440642047  
2023 12 15  16 48  0.00     2.0313992400      12.440630581  
2023 12 15  16 49  0.00     2.0313970973      12.440619115  
2023 12 15  16 50  0.00     2.0313949552      12.440607648  
2023 12 15  16 51  0.00     2.0313928137      12.440596180  
2023 12 15  16 52  0.00     2.0313906729      12.440584712  
2023 12 15  16 53  0.00     2.0313885326      12.440573242  
2023 12 15  16 54  0.00     2.0313863930      12.440561772  
2023 12 15  16 55  0.00     2.0313842540      12.440550301  
2023 12 15  16 56  0.00     2.0313821156      12.440538829  
2023 12 15  16 57  0.00     2.0313799778      12.440527356  
2023 12 15  16 58  0.00     2.0313778406      12.440515882  
2023 12 15  16 59  0.00     2.0313757041      12.440504408  
2023 12 15  17  0  0.00     2.0313735682      12.440492933  
2023 12 15  17  1  0.00     2.0313714329      12.440481457  
2023 12 15  17  2  0.00     2.0313692983      12.440469980  
2023 12 15  17  3  0.00     2.0313671643      12.440458503  
2023 12 15  17  4  0.00     2.0313650309      12.440447025  
2023 12 15  17  5  0.00     2.0313628981      12.440435546  
2023 12 15  17  6  0.00     2.0313607660      12.440424066  
2023 12 15  17  7  0.00     2.0313586346      12.440412585  
2023 12 15  17  8  0.00     2.0313565038      12.440401104  
2023 12 15  17  9  0.00     2.0313543736      12.440389622  
2023 12 15  17 10  0.00     2.0313522440      12.440378140  
2023 12 15  17 11  0.00     2.0313501151      12.440366656  
2023 12 15  17 12  0.00     2.0313479869      12.440355172  
2023 12 15  17 13  0.00     2.0313458593      12.440343688  
2023 12 15  17 14  0.00     2.0313437324      12.440332202  
2023 12 15  17 15  0.00     2.0313416061      12.440320716  
2023 12 15  17 16  0.00     2.0313394805      12.440309230  
2023 12 15  17 17  0.00     2.0313373555      12.440297742  
2023 12 15  17 18  0.00     2.0313352312      12.440286254  
2023 12 15  17 19  0.00     2.0313331075      12.440274766  
2023 12 15  17 20  0.00     2.0313309845      12.440263276  
2023 12 15  17 21  0.00     2.0313288622      12.440251786  
2023 12 15  17 22  0.00     2.0313267405      12.440240296  
2023 12 15  17 23  0.00     2.0313246195      12.440228805  
2023 12 15  17 24  0.00     2.0313224992      12.440217313  
2023 12 15  17 25  0.00     2.0313203795      12.440205821  
2023 12 15  17 26  0.00     2.0313182605      12.440194328  
2023 12 15  17 27  0.00     2.0313161422      12.440182834  
2023 12 15  17 28  0.00     2.0313140246      12.440171340  
2023 12 15  17 29  0.00     2.0313119076      12.440159846  
2023 12 15  17 30  0.00     2.0313097913      12.440148350  
2023 12 15  17 31  0.00     2.0313076757      12.440136855  
2023 12 15  17 32  0.00     2.0313055608      12.440125358  
2023 12 15  17 33  0.00     2.0313034465      12.440113862  
2023 12 15  17 34  0.00     2.0313013330      12.440102364  
2023 12 15  17 35  0.00     2.0312992201      12.440090867  
2023 12 15  17 36  0.00     2.0312971079      12.440079368  
2023 12 15  17 37  0.00     2.0312949964      12.440067869  
2023 12 15  17 38  0.00     2.0312928856      12.440056370  
2023 12 15  17 39  0.00     2.0312907755      12.440044870  
2023 12 15  17 40  0.00     2.0312886660      12.440033370  
2023 12 15  17 41  0.00     2.0312865573      12.440021869  
2023 12 15  17 42  0.00     2.0312844492      12.440010368  
2023 12 15  17 43  0.00     2.0312823419      12.439998866  
2023 12 15  17 44  0.00     2.0312802352      12.439987364  
2023 12 15  17 45  0.00     2.0312781293      12.439975862  
2023 12 15  17 46  0.00     2.0312760241      12.439964359  
2023 12 15  17 47  0.00     2.0312739195      12.439952855  
2023 12 15  17 48  0.00     2.0312718157      12.439941351  
2023 12 15  17 49  0.00     2.0312697125      12.439929847  
2023 12 15  17 50  0.00     2.0312676101      12.439918343  
2023 12 15  17 51  0.00     2.0312655084      12.439906838  
2023 12 15  17 52  0.00     2.0312634074      12.439895332  
2023 12 15  17 53  0.00     2.0312613071      12.439883827  
2023 12 15  17 54  0.00     2.0312592075      12.439872321  
2023 12 15  17 55  0.00     2.0312571086      12.439860814  
2023 12 15  17 56  0.00     2.0312550104      12.439849308  
2023 12 15  17 57  0.00     2.0312529130      12.439837800  
2023 12 15  17 58  0.00     2.0312508162      12.439826293  
2023 12 15  17 59  0.00     2.0312487202      12.439814785  
2023 12 15  18  0  0.00     2.0312466249      12.439803277  
2023 12 15  18  1  0.00     2.0312445303      12.439791769  
2023 12 15  18  2  0.00     2.0312424365      12.439780260  
2023 12 15  18  3  0.00     2.0312403433      12.439768751  
2023 12 15  18  4  0.00     2.0312382509      12.439757242  
2023 12 15  18  5  0.00     2.0312361592      12.439745733  
2023 12 15  18  6  0.00     2.0312340683      12.439734223  
2023 12 15  18  7  0.00     2.0312319780      12.439722713  
2023 12 15  18  8  0.00     2.0312298885      12.439711203  
2023 12 15  18  9  0.00     2.0312277997      12.439699693  
2023 12 15  18 10  0.00     2.0312257117      12.439688182  
2023 12 15  18 11  0.00     2.0312236244      12.439676671  
2023 12 15  18 12  0.00     2.0312215378      12.439665160  
2023 12 15  18 13  0.00     2.0312194519      12.439653649  
2023 12 15  18 14  0.00     2.0312173668      12.439642138  
2023 12 15  18 15  0.00     2.0312152824      12.439630626  
2023 12 15  18 16  0.00     2.0312131988      12.439619114  
2023 12 15  18 17  0.00     2.0312111158      12.439607602  
2023 12 15  18 18  0.00     2.0312090337      12.439596090  
2023 12 15  18 19  0.00     2.0312069522      12.439584578  
2023 12 15  18 20  0.00     2.0312048715      12.439573066  
2023 12 15  18 21  0.00     2.0312027916      12.439561553  
2023 12 15  18 22  0.00     2.0312007124      12.439550041  
2023 12 15  18 23  0.00     2.0311986339      12.439538528  
2023 12 15  18 24  0.00     2.0311965562      12.439527015  
2023 12 15  18 25  0.00     2.0311944792      12.439515503  
2023 12 15  18 26  0.00     2.0311924030      12.439503990  
2023 12 15  18 27  0.00     2.0311903275      12.439492477  
2023 12 15  18 28  0.00     2.0311882527      12.439480964  
2023 12 15  18 29  0.00     2.0311861788      12.439469450  
2023 12 15  18 30  0.00     2.0311841055      12.439457937  
2023 12 15  18 31  0.00     2.0311820330      12.439446424  
2023 12 15  18 32  0.00     2.0311799613      12.439434911  
2023 12 15  18 33  0.00     2.0311778903      12.439423398  
2023 12 15  18 34  0.00     2.0311758200      12.439411884  
2023 12 15  18 35  0.00     2.0311737506      12.439400371  
2023 12 15  18 36  0.00     2.0311716818      12.439388858  
2023 12 15  18 37  0.00     2.0311696139      12.439377345  
2023 12 15  18 38  0.00     2.0311675466      12.439365832  
2023 12 15  18 39  0.00     2.0311654802      12.439354318  
2023 12 15  18 40  0.00     2.0311634145      12.439342805  
2023 12 15  18 41  0.00     2.0311613495      12.439331292  
2023 12 15  18 42  0.00     2.0311592853      12.439319779  
---
