v5.21.05i     Planet: Jupiter  (DE441)
        Satellite: J6 Himalia  ( Emelyanov N.V. Vers. 2022-11-GAIA)
                               - ephemerides on 1975/01/28.0-2050/02/03.0
    Observatory N: 286 - Yunnan Observatory
        Timescale: UTC
Mean equator and equinox of J2000.  ICRF. 
Coordinates astrometric 
Year  M  D   H  M  S       alpha (h)          delta (?)
2023 12 14  12  0  0.00     2.2802587220      12.619852439  
2023 12 14  12  1  0.00     2.2802566972      12.619854937  
2023 12 14  12  2  0.00     2.2802546722      12.619857433  
2023 12 14  12  3  0.00     2.2802526470      12.619859928  
2023 12 14  12  4  0.00     2.2802506215      12.619862421  
2023 12 14  12  5  0.00     2.2802485958      12.619864912  
2023 12 14  12  6  0.00     2.2802465698      12.619867401  
2023 12 14  12  7  0.00     2.2802445436      12.619869889  
2023 12 14  12  8  0.00     2.2802425172      12.619872375  
2023 12 14  12  9  0.00     2.2802404906      12.619874860  
2023 12 14  12 10  0.00     2.2802384638      12.619877343  
2023 12 14  12 11  0.00     2.2802364368      12.619879824  
2023 12 14  12 12  0.00     2.2802344095      12.619882303  
2023 12 14  12 13  0.00     2.2802323820      12.619884781  
2023 12 14  12 14  0.00     2.2802303544      12.619887257  
2023 12 14  12 15  0.00     2.2802283265      12.619889731  
2023 12 14  12 16  0.00     2.2802262984      12.619892204  
2023 12 14  12 17  0.00     2.2802242702      12.619894675  
2023 12 14  12 18  0.00     2.2802222417      12.619897144  
2023 12 14  12 19  0.00     2.2802202130      12.619899612  
2023 12 14  12 20  0.00     2.2802181842      12.619902078  
2023 12 14  12 21  0.00     2.2802161551      12.619904542  
2023 12 14  12 22  0.00     2.2802141259      12.619907004  
2023 12 14  12 23  0.00     2.2802120965      12.619909465  
2023 12 14  12 24  0.00     2.2802100669      12.619911924  
2023 12 14  12 25  0.00     2.2802080372      12.619914381  
2023 12 14  12 26  0.00     2.2802060073      12.619916837  
2023 12 14  12 27  0.00     2.2802039772      12.619919290  
2023 12 14  12 28  0.00     2.2802019469      12.619921742  
2023 12 14  12 29  0.00     2.2801999164      12.619924193  
2023 12 14  12 30  0.00     2.2801978858      12.619926641  
2023 12 14  12 31  0.00     2.2801958551      12.619929088  
2023 12 14  12 32  0.00     2.2801938242      12.619931533  
2023 12 14  12 33  0.00     2.2801917931      12.619933976  
2023 12 14  12 34  0.00     2.2801897619      12.619936417  
2023 12 14  12 35  0.00     2.2801877305      12.619938857  
2023 12 14  12 36  0.00     2.2801856990      12.619941295  
2023 12 14  12 37  0.00     2.2801836673      12.619943731  
2023 12 14  12 38  0.00     2.2801816355      12.619946165  
2023 12 14  12 39  0.00     2.2801796036      12.619948598  
2023 12 14  12 40  0.00     2.2801775715      12.619951029  
2023 12 14  12 41  0.00     2.2801755393      12.619953458  
2023 12 14  12 42  0.00     2.2801735070      12.619955885  
2023 12 14  12 43  0.00     2.2801714745      12.619958310  
2023 12 14  12 44  0.00     2.2801694419      12.619960734  
2023 12 14  12 45  0.00     2.2801674092      12.619963156  
2023 12 14  12 46  0.00     2.2801653764      12.619965576  
2023 12 14  12 47  0.00     2.2801633435      12.619967994  
2023 12 14  12 48  0.00     2.2801613104      12.619970410  
2023 12 14  12 49  0.00     2.2801592772      12.619972825  
2023 12 14  12 50  0.00     2.2801572440      12.619975238  
2023 12 14  12 51  0.00     2.2801552106      12.619977649  
2023 12 14  12 52  0.00     2.2801531771      12.619980058  
2023 12 14  12 53  0.00     2.2801511435      12.619982465  
2023 12 14  12 54  0.00     2.2801491099      12.619984871  
2023 12 14  12 55  0.00     2.2801470761      12.619987274  
2023 12 14  12 56  0.00     2.2801450422      12.619989676  
2023 12 14  12 57  0.00     2.2801430083      12.619992076  
2023 12 14  12 58  0.00     2.2801409743      12.619994474  
2023 12 14  12 59  0.00     2.2801389402      12.619996871  
2023 12 14  13  0  0.00     2.2801369060      12.619999265  
2023 12 14  13  1  0.00     2.2801348717      12.620001658  
2023 12 14  13  2  0.00     2.2801328374      12.620004049  
2023 12 14  13  3  0.00     2.2801308030      12.620006438  
2023 12 14  13  4  0.00     2.2801287685      12.620008825  
2023 12 14  13  5  0.00     2.2801267340      12.620011210  
2023 12 14  13  6  0.00     2.2801246994      12.620013594  
2023 12 14  13  7  0.00     2.2801226647      12.620015975  
2023 12 14  13  8  0.00     2.2801206300      12.620018355  
2023 12 14  13  9  0.00     2.2801185953      12.620020733  
2023 12 14  13 10  0.00     2.2801165605      12.620023109  
2023 12 14  13 11  0.00     2.2801145256      12.620025483  
2023 12 14  13 12  0.00     2.2801124907      12.620027855  
2023 12 14  13 13  0.00     2.2801104558      12.620030226  
2023 12 14  13 14  0.00     2.2801084208      12.620032594  
2023 12 14  13 15  0.00     2.2801063858      12.620034961  
2023 12 14  13 16  0.00     2.2801043507      12.620037326  
2023 12 14  13 17  0.00     2.2801023156      12.620039689  
2023 12 14  13 18  0.00     2.2801002805      12.620042050  
2023 12 14  13 19  0.00     2.2800982454      12.620044409  
2023 12 14  13 20  0.00     2.2800962102      12.620046767  
2023 12 14  13 21  0.00     2.2800941751      12.620049122  
2023 12 14  13 22  0.00     2.2800921399      12.620051476  
2023 12 14  13 23  0.00     2.2800901047      12.620053827  
2023 12 14  13 24  0.00     2.2800880695      12.620056177  
2023 12 14  13 25  0.00     2.2800860343      12.620058525  
2023 12 14  13 26  0.00     2.2800839991      12.620060871  
2023 12 14  13 27  0.00     2.2800819639      12.620063215  
2023 12 14  13 28  0.00     2.2800799286      12.620065558  
2023 12 14  13 29  0.00     2.2800778934      12.620067898  
2023 12 14  13 30  0.00     2.2800758582      12.620070237  
2023 12 14  13 31  0.00     2.2800738231      12.620072573  
2023 12 14  13 32  0.00     2.2800717879      12.620074908  
2023 12 14  13 33  0.00     2.2800697527      12.620077241  
2023 12 14  13 34  0.00     2.2800677176      12.620079572  
2023 12 14  13 35  0.00     2.2800656825      12.620081901  
2023 12 14  13 36  0.00     2.2800636474      12.620084228  
2023 12 14  13 37  0.00     2.2800616123      12.620086554  
2023 12 14  13 38  0.00     2.2800595773      12.620088877  
2023 12 14  13 39  0.00     2.2800575423      12.620091199  
2023 12 14  13 40  0.00     2.2800555074      12.620093518  
2023 12 14  13 41  0.00     2.2800534725      12.620095836  
2023 12 14  13 42  0.00     2.2800514376      12.620098152  
2023 12 14  13 43  0.00     2.2800494028      12.620100466  
2023 12 14  13 44  0.00     2.2800473680      12.620102778  
2023 12 14  13 45  0.00     2.2800453333      12.620105088  
2023 12 14  13 46  0.00     2.2800432986      12.620107396  
2023 12 14  13 47  0.00     2.2800412640      12.620109703  
2023 12 14  13 48  0.00     2.2800392295      12.620112007  
2023 12 14  13 49  0.00     2.2800371950      12.620114310  
2023 12 14  13 50  0.00     2.2800351606      12.620116610  
2023 12 14  13 51  0.00     2.2800331263      12.620118909  
2023 12 14  13 52  0.00     2.2800310920      12.620121206  
2023 12 14  13 53  0.00     2.2800290578      12.620123501  
2023 12 14  13 54  0.00     2.2800270237      12.620125794  
2023 12 14  13 55  0.00     2.2800249897      12.620128085  
2023 12 14  13 56  0.00     2.2800229557      12.620130374  
2023 12 14  13 57  0.00     2.2800209219      12.620132662  
2023 12 14  13 58  0.00     2.2800188881      12.620134947  
2023 12 14  13 59  0.00     2.2800168544      12.620137231  
2023 12 14  14  0  0.00     2.2800148209      12.620139512  
2023 12 14  14  1  0.00     2.2800127874      12.620141792  
2023 12 14  14  2  0.00     2.2800107540      12.620144070  
2023 12 14  14  3  0.00     2.2800087207      12.620146346  
2023 12 14  14  4  0.00     2.2800066876      12.620148620  
2023 12 14  14  5  0.00     2.2800046545      12.620150892  
2023 12 14  14  6  0.00     2.2800026216      12.620153163  
2023 12 14  14  7  0.00     2.2800005888      12.620155431  
2023 12 14  14  8  0.00     2.2799985561      12.620157698  
2023 12 14  14  9  0.00     2.2799965235      12.620159962  
2023 12 14  14 10  0.00     2.2799944911      12.620162225  
2023 12 14  14 11  0.00     2.2799924588      12.620164486  
2023 12 14  14 12  0.00     2.2799904266      12.620166745  
2023 12 14  14 13  0.00     2.2799883945      12.620169002  
2023 12 14  14 14  0.00     2.2799863626      12.620171257  
2023 12 14  14 15  0.00     2.2799843309      12.620173510  
2023 12 14  14 16  0.00     2.2799822992      12.620175762  
2023 12 14  14 17  0.00     2.2799802678      12.620178011  
2023 12 14  14 18  0.00     2.2799782364      12.620180259  
2023 12 14  14 19  0.00     2.2799762052      12.620182504  
2023 12 14  14 20  0.00     2.2799741742      12.620184748  
2023 12 14  14 21  0.00     2.2799721434      12.620186990  
2023 12 14  14 22  0.00     2.2799701127      12.620189230  
2023 12 14  14 23  0.00     2.2799680821      12.620191468  
2023 12 14  14 24  0.00     2.2799660518      12.620193705  
2023 12 14  14 25  0.00     2.2799640216      12.620195939  
2023 12 14  14 26  0.00     2.2799619915      12.620198172  
2023 12 14  14 27  0.00     2.2799599617      12.620200402  
2023 12 14  14 28  0.00     2.2799579320      12.620202631  
2023 12 14  14 29  0.00     2.2799559025      12.620204858  
2023 12 14  14 30  0.00     2.2799538732      12.620207083  
2023 12 14  14 31  0.00     2.2799518441      12.620209306  
2023 12 14  14 32  0.00     2.2799498152      12.620211527  
2023 12 14  14 33  0.00     2.2799477865      12.620213747  
2023 12 14  14 34  0.00     2.2799457579      12.620215964  
2023 12 14  14 35  0.00     2.2799437296      12.620218180  
2023 12 14  14 36  0.00     2.2799417015      12.620220394  
2023 12 14  14 37  0.00     2.2799396735      12.620222606  
2023 12 14  14 38  0.00     2.2799376458      12.620224816  
2023 12 14  14 39  0.00     2.2799356183      12.620227024  
2023 12 14  14 40  0.00     2.2799335910      12.620229231  
2023 12 14  14 41  0.00     2.2799315639      12.620231435  
2023 12 14  14 42  0.00     2.2799295371      12.620233638  
2023 12 14  14 43  0.00     2.2799275104      12.620235839  
2023 12 14  14 44  0.00     2.2799254840      12.620238038  
2023 12 14  14 45  0.00     2.2799234578      12.620240235  
2023 12 14  14 46  0.00     2.2799214319      12.620242430  
2023 12 14  14 47  0.00     2.2799194062      12.620244624  
2023 12 14  14 48  0.00     2.2799173807      12.620246815  
2023 12 14  14 49  0.00     2.2799153555      12.620249005  
2023 12 14  14 50  0.00     2.2799133305      12.620251193  
2023 12 14  14 51  0.00     2.2799113057      12.620253379  
2023 12 14  14 52  0.00     2.2799092812      12.620255564  
2023 12 14  14 53  0.00     2.2799072570      12.620257746  
2023 12 14  14 54  0.00     2.2799052330      12.620259927  
2023 12 14  14 55  0.00     2.2799032092      12.620262106  
2023 12 14  14 56  0.00     2.2799011857      12.620264283  
2023 12 14  14 57  0.00     2.2798991625      12.620266458  
2023 12 14  14 58  0.00     2.2798971396      12.620268631  
2023 12 14  14 59  0.00     2.2798951169      12.620270803  
2023 12 14  15  0  0.00     2.2798930945      12.620272972  
2023 12 14  15  1  0.00     2.2798910723      12.620275140  
2023 12 14  15  2  0.00     2.2798890505      12.620277307  
2023 12 14  15  3  0.00     2.2798870289      12.620279471  
2023 12 14  15  4  0.00     2.2798850076      12.620281633  
2023 12 14  15  5  0.00     2.2798829866      12.620283794  
2023 12 14  15  6  0.00     2.2798809659      12.620285953  
2023 12 14  15  7  0.00     2.2798789454      12.620288110  
2023 12 14  15  8  0.00     2.2798769253      12.620290266  
2023 12 14  15  9  0.00     2.2798749055      12.620292419  
2023 12 14  15 10  0.00     2.2798728859      12.620294571  
2023 12 14  15 11  0.00     2.2798708667      12.620296721  
2023 12 14  15 12  0.00     2.2798688477      12.620298869  
2023 12 14  15 13  0.00     2.2798668291      12.620301016  
2023 12 14  15 14  0.00     2.2798648108      12.620303161  
2023 12 14  15 15  0.00     2.2798627928      12.620305303  
2023 12 14  15 16  0.00     2.2798607751      12.620307445  
2023 12 14  15 17  0.00     2.2798587577      12.620309584  
2023 12 14  15 18  0.00     2.2798567407      12.620311722  
2023 12 14  15 19  0.00     2.2798547239      12.620313858  
2023 12 14  15 20  0.00     2.2798527075      12.620315992  
2023 12 14  15 21  0.00     2.2798506915      12.620318124  
2023 12 14  15 22  0.00     2.2798486757      12.620320255  
2023 12 14  15 23  0.00     2.2798466603      12.620322384  
2023 12 14  15 24  0.00     2.2798446453      12.620324511  
2023 12 14  15 25  0.00     2.2798426306      12.620326637  
2023 12 14  15 26  0.00     2.2798406162      12.620328760  
2023 12 14  15 27  0.00     2.2798386021      12.620330882  
2023 12 14  15 28  0.00     2.2798365885      12.620333003  
2023 12 14  15 29  0.00     2.2798345751      12.620335121  
2023 12 14  15 30  0.00     2.2798325622      12.620337238  
2023 12 14  15 31  0.00     2.2798305495      12.620339353  
2023 12 14  15 32  0.00     2.2798285373      12.620341467  
2023 12 14  15 33  0.00     2.2798265254      12.620343579  
2023 12 14  15 34  0.00     2.2798245139      12.620345689  
2023 12 14  15 35  0.00     2.2798225027      12.620347797  
2023 12 14  15 36  0.00     2.2798204919      12.620349904  
2023 12 14  15 37  0.00     2.2798184815      12.620352009  
2023 12 14  15 38  0.00     2.2798164714      12.620354112  
2023 12 14  15 39  0.00     2.2798144618      12.620356214  
2023 12 14  15 40  0.00     2.2798124525      12.620358314  
2023 12 14  15 41  0.00     2.2798104436      12.620360412  
2023 12 14  15 42  0.00     2.2798084351      12.620362509  
2023 12 14  15 43  0.00     2.2798064269      12.620364604  
2023 12 14  15 44  0.00     2.2798044192      12.620366697  
2023 12 14  15 45  0.00     2.2798024119      12.620368789  
2023 12 14  15 46  0.00     2.2798004049      12.620370879  
2023 12 14  15 47  0.00     2.2797983984      12.620372968  
2023 12 14  15 48  0.00     2.2797963922      12.620375054  
2023 12 14  15 49  0.00     2.2797943865      12.620377139  
2023 12 14  15 50  0.00     2.2797923812      12.620379223  
2023 12 14  15 51  0.00     2.2797903763      12.620381305  
2023 12 14  15 52  0.00     2.2797883717      12.620383385  
2023 12 14  15 53  0.00     2.2797863677      12.620385464  
2023 12 14  15 54  0.00     2.2797843640      12.620387541  
2023 12 14  15 55  0.00     2.2797823607      12.620389616  
2023 12 14  15 56  0.00     2.2797803579      12.620391690  
2023 12 14  15 57  0.00     2.2797783555      12.620393763  
2023 12 14  15 58  0.00     2.2797763535      12.620395833  
2023 12 14  15 59  0.00     2.2797743520      12.620397902  
2023 12 14  16  0  0.00     2.2797723508      12.620399970  
2023 12 14  16  1  0.00     2.2797703502      12.620402036  
2023 12 14  16  2  0.00     2.2797683499      12.620404100  
2023 12 14  16  3  0.00     2.2797663501      12.620406163  
2023 12 14  16  4  0.00     2.2797643508      12.620408224  
2023 12 14  16  5  0.00     2.2797623518      12.620410284  
2023 12 14  16  6  0.00     2.2797603534      12.620412342  
2023 12 14  16  7  0.00     2.2797583554      12.620414399  
2023 12 14  16  8  0.00     2.2797563578      12.620416454  
2023 12 14  16  9  0.00     2.2797543607      12.620418507  
2023 12 14  16 10  0.00     2.2797523640      12.620420559  
2023 12 14  16 11  0.00     2.2797503679      12.620422610  
2023 12 14  16 12  0.00     2.2797483721      12.620424659  
2023 12 14  16 13  0.00     2.2797463769      12.620426706  
2023 12 14  16 14  0.00     2.2797443821      12.620428752  
2023 12 14  16 15  0.00     2.2797423877      12.620430797  
2023 12 14  16 16  0.00     2.2797403939      12.620432840  
2023 12 14  16 17  0.00     2.2797384005      12.620434881  
2023 12 14  16 18  0.00     2.2797364076      12.620436921  
2023 12 14  16 19  0.00     2.2797344152      12.620438960  
2023 12 14  16 20  0.00     2.2797324233      12.620440997  
2023 12 14  16 21  0.00     2.2797304318      12.620443032  
2023 12 14  16 22  0.00     2.2797284408      12.620445066  
2023 12 14  16 23  0.00     2.2797264504      12.620447099  
2023 12 14  16 24  0.00     2.2797244604      12.620449130  
2023 12 14  16 25  0.00     2.2797224709      12.620451160  
2023 12 14  16 26  0.00     2.2797204819      12.620453188  
2023 12 14  16 27  0.00     2.2797184934      12.620455215  
2023 12 14  16 28  0.00     2.2797165054      12.620457241  
2023 12 14  16 29  0.00     2.2797145179      12.620459265  
2023 12 14  16 30  0.00     2.2797125309      12.620461288  
2023 12 14  16 31  0.00     2.2797105444      12.620463309  
2023 12 14  16 32  0.00     2.2797085584      12.620465329  
2023 12 14  16 33  0.00     2.2797065730      12.620467347  
2023 12 14  16 34  0.00     2.2797045880      12.620469364  
2023 12 14  16 35  0.00     2.2797026036      12.620471380  
2023 12 14  16 36  0.00     2.2797006197      12.620473394  
2023 12 14  16 37  0.00     2.2796986363      12.620475407  
2023 12 14  16 38  0.00     2.2796966534      12.620477418  
2023 12 14  16 39  0.00     2.2796946711      12.620479429  
2023 12 14  16 40  0.00     2.2796926893      12.620481437  
2023 12 14  16 41  0.00     2.2796907080      12.620483445  
2023 12 14  16 42  0.00     2.2796887272      12.620485451  
2023 12 14  16 43  0.00     2.2796867470      12.620487456  
2023 12 14  16 44  0.00     2.2796847673      12.620489459  
2023 12 14  16 45  0.00     2.2796827882      12.620491462  
2023 12 14  16 46  0.00     2.2796808096      12.620493462  
2023 12 14  16 47  0.00     2.2796788316      12.620495462  
2023 12 14  16 48  0.00     2.2796768540      12.620497460  
2023 12 14  16 49  0.00     2.2796748771      12.620499457  
2023 12 14  16 50  0.00     2.2796729007      12.620501453  
2023 12 14  16 51  0.00     2.2796709248      12.620503447  
2023 12 14  16 52  0.00     2.2796689495      12.620505440  
2023 12 14  16 53  0.00     2.2796669748      12.620507432  
2023 12 14  16 54  0.00     2.2796650006      12.620509423  
2023 12 14  16 55  0.00     2.2796630269      12.620511412  
2023 12 14  16 56  0.00     2.2796610539      12.620513400  
2023 12 14  16 57  0.00     2.2796590813      12.620515387  
2023 12 14  16 58  0.00     2.2796571094      12.620517372  
2023 12 14  16 59  0.00     2.2796551380      12.620519357  
2023 12 14  17  0  0.00     2.2796531672      12.620521340  
2023 12 14  17  1  0.00     2.2796511970      12.620523322  
2023 12 14  17  2  0.00     2.2796492274      12.620525303  
2023 12 14  17  3  0.00     2.2796472583      12.620527282  
2023 12 14  17  4  0.00     2.2796452898      12.620529260  
2023 12 14  17  5  0.00     2.2796433219      12.620531238  
2023 12 14  17  6  0.00     2.2796413545      12.620533214  
2023 12 14  17  7  0.00     2.2796393878      12.620535188  
2023 12 14  17  8  0.00     2.2796374216      12.620537162  
2023 12 14  17  9  0.00     2.2796354560      12.620539134  
2023 12 14  17 10  0.00     2.2796334910      12.620541106  
2023 12 14  17 11  0.00     2.2796315267      12.620543076  
2023 12 14  17 12  0.00     2.2796295629      12.620545045  
2023 12 14  17 13  0.00     2.2796275997      12.620547013  
2023 12 14  17 14  0.00     2.2796256370      12.620548980  
2023 12 14  17 15  0.00     2.2796236750      12.620550945  
2023 12 14  17 16  0.00     2.2796217136      12.620552910  
2023 12 14  17 17  0.00     2.2796197528      12.620554873  
2023 12 14  17 18  0.00     2.2796177927      12.620556836  
2023 12 14  17 19  0.00     2.2796158331      12.620558797  
2023 12 14  17 20  0.00     2.2796138741      12.620560757  
2023 12 14  17 21  0.00     2.2796119157      12.620562716  
2023 12 14  17 22  0.00     2.2796099580      12.620564674  
2023 12 14  17 23  0.00     2.2796080008      12.620566632  
2023 12 14  17 24  0.00     2.2796060443      12.620568587  
2023 12 14  17 25  0.00     2.2796040884      12.620570542  
2023 12 14  17 26  0.00     2.2796021331      12.620572496  
2023 12 14  17 27  0.00     2.2796001785      12.620574449  
2023 12 14  17 28  0.00     2.2795982244      12.620576401  
2023 12 14  17 29  0.00     2.2795962710      12.620578352  
2023 12 14  17 30  0.00     2.2795943183      12.620580302  
2023 12 14  17 31  0.00     2.2795923661      12.620582251  
2023 12 14  17 32  0.00     2.2795904146      12.620584199  
2023 12 14  17 33  0.00     2.2795884637      12.620586145  
2023 12 14  17 34  0.00     2.2795865134      12.620588091  
2023 12 14  17 35  0.00     2.2795845638      12.620590036  
2023 12 14  17 36  0.00     2.2795826148      12.620591980  
2023 12 14  17 37  0.00     2.2795806665      12.620593923  
2023 12 14  17 38  0.00     2.2795787188      12.620595866  
2023 12 14  17 39  0.00     2.2795767717      12.620597807  
2023 12 14  17 40  0.00     2.2795748253      12.620599747  
2023 12 14  17 41  0.00     2.2795728795      12.620601686  
2023 12 14  17 42  0.00     2.2795709344      12.620603625  
2023 12 14  17 43  0.00     2.2795689900      12.620605562  
2023 12 14  17 44  0.00     2.2795670461      12.620607499  
2023 12 14  17 45  0.00     2.2795651030      12.620609435  
2023 12 14  17 46  0.00     2.2795631605      12.620611370  
2023 12 14  17 47  0.00     2.2795612186      12.620613304  
2023 12 14  17 48  0.00     2.2795592774      12.620615237  
2023 12 14  17 49  0.00     2.2795573368      12.620617169  
2023 12 14  17 50  0.00     2.2795553970      12.620619101  
2023 12 14  17 51  0.00     2.2795534577      12.620621031  
2023 12 14  17 52  0.00     2.2795515192      12.620622961  
2023 12 14  17 53  0.00     2.2795495813      12.620624890  
2023 12 14  17 54  0.00     2.2795476441      12.620626818  
2023 12 14  17 55  0.00     2.2795457075      12.620628746  
2023 12 14  17 56  0.00     2.2795437716      12.620630672  
2023 12 14  17 57  0.00     2.2795418364      12.620632598  
2023 12 14  17 58  0.00     2.2795399018      12.620634523  
2023 12 14  17 59  0.00     2.2795379680      12.620636448  
2023 12 14  18  0  0.00     2.2795360348      12.620638371  
2023 12 14  18  1  0.00     2.2795341022      12.620640294  
2023 12 14  18  2  0.00     2.2795321704      12.620642216  
2023 12 14  18  3  0.00     2.2795302392      12.620644137  
2023 12 14  18  4  0.00     2.2795283087      12.620646058  
2023 12 14  18  5  0.00     2.2795263789      12.620647978  
2023 12 14  18  6  0.00     2.2795244498      12.620649897  
2023 12 14  18  7  0.00     2.2795225214      12.620651815  
2023 12 14  18  8  0.00     2.2795205936      12.620653733  
2023 12 14  18  9  0.00     2.2795186666      12.620655650  
2023 12 14  18 10  0.00     2.2795167402      12.620657566  
2023 12 14  18 11  0.00     2.2795148145      12.620659482  
2023 12 14  18 12  0.00     2.2795128895      12.620661397  
2023 12 14  18 13  0.00     2.2795109652      12.620663311  
2023 12 14  18 14  0.00     2.2795090416      12.620665225  
2023 12 14  18 15  0.00     2.2795071187      12.620667138  
2023 12 14  18 16  0.00     2.2795051965      12.620669051  
2023 12 14  18 17  0.00     2.2795032749      12.620670963  
2023 12 14  18 18  0.00     2.2795013541      12.620672874  
2023 12 14  18 19  0.00     2.2794994340      12.620674785  
2023 12 14  18 20  0.00     2.2794975146      12.620676695  
2023 12 14  18 21  0.00     2.2794955959      12.620678604  
2023 12 14  18 22  0.00     2.2794936778      12.620680513  
2023 12 14  18 23  0.00     2.2794917605      12.620682421  
2023 12 14  18 24  0.00     2.2794898439      12.620684329  
2023 12 14  18 25  0.00     2.2794879280      12.620686237  
2023 12 14  18 26  0.00     2.2794860128      12.620688143  
2023 12 14  18 27  0.00     2.2794840984      12.620690049  
2023 12 14  18 28  0.00     2.2794821846      12.620691955  
2023 12 14  18 29  0.00     2.2794802715      12.620693860  
2023 12 14  18 30  0.00     2.2794783592      12.620695765  
2023 12 14  18 31  0.00     2.2794764475      12.620697669  
2023 12 14  18 32  0.00     2.2794745366      12.620699573  
2023 12 14  18 33  0.00     2.2794726264      12.620701476  
2023 12 14  18 34  0.00     2.2794707169      12.620703379  
2023 12 14  18 35  0.00     2.2794688082      12.620705281  
2023 12 14  18 36  0.00     2.2794669001      12.620707183  
2023 12 14  18 37  0.00     2.2794649928      12.620709084  
2023 12 14  18 38  0.00     2.2794630861      12.620710985  
2023 12 14  18 39  0.00     2.2794611803      12.620712886  
2023 12 14  18 40  0.00     2.2794592751      12.620714786  
2023 12 14  18 41  0.00     2.2794573706      12.620716686  
2023 12 14  18 42  0.00     2.2794554669      12.620718585  
2023 12 14  18 43  0.00     2.2794535639      12.620720484  
2023 12 14  18 44  0.00     2.2794516616      12.620722383  
2023 12 14  18 45  0.00     2.2794497601      12.620724281  
2023 12 14  18 46  0.00     2.2794478593      12.620726179  
---
2023 12 15  10 20  0.00     2.2778134314      12.623098694  
2023 12 15  10 21  0.00     2.2778115621      12.623101716  
2023 12 15  10 22  0.00     2.2778096923      12.623104737  
2023 12 15  10 23  0.00     2.2778078220      12.623107756  
2023 12 15  10 24  0.00     2.2778059513      12.623110775  
2023 12 15  10 25  0.00     2.2778040801      12.623113793  
2023 12 15  10 26  0.00     2.2778022086      12.623116809  
2023 12 15  10 27  0.00     2.2778003365      12.623119824  
2023 12 15  10 28  0.00     2.2777984641      12.623122839  
2023 12 15  10 29  0.00     2.2777965911      12.623125852  
2023 12 15  10 30  0.00     2.2777947178      12.623128864  
2023 12 15  10 31  0.00     2.2777928440      12.623131875  
2023 12 15  10 32  0.00     2.2777909698      12.623134885  
2023 12 15  10 33  0.00     2.2777890952      12.623137893  
2023 12 15  10 34  0.00     2.2777872201      12.623140901  
2023 12 15  10 35  0.00     2.2777853447      12.623143907  
2023 12 15  10 36  0.00     2.2777834688      12.623146912  
2023 12 15  10 37  0.00     2.2777815924      12.623149916  
2023 12 15  10 38  0.00     2.2777797157      12.623152919  
2023 12 15  10 39  0.00     2.2777778385      12.623155921  
2023 12 15  10 40  0.00     2.2777759609      12.623158921  
2023 12 15  10 41  0.00     2.2777740829      12.623161921  
2023 12 15  10 42  0.00     2.2777722045      12.623164919  
2023 12 15  10 43  0.00     2.2777703257      12.623167916  
2023 12 15  10 44  0.00     2.2777684465      12.623170911  
2023 12 15  10 45  0.00     2.2777665669      12.623173906  
2023 12 15  10 46  0.00     2.2777646868      12.623176899  
2023 12 15  10 47  0.00     2.2777628064      12.623179891  
2023 12 15  10 48  0.00     2.2777609256      12.623182882  
2023 12 15  10 49  0.00     2.2777590444      12.623185871  
2023 12 15  10 50  0.00     2.2777571627      12.623188860  
2023 12 15  10 51  0.00     2.2777552807      12.623191847  
2023 12 15  10 52  0.00     2.2777533983      12.623194832  
2023 12 15  10 53  0.00     2.2777515155      12.623197817  
2023 12 15  10 54  0.00     2.2777496323      12.623200800  
2023 12 15  10 55  0.00     2.2777477488      12.623203782  
2023 12 15  10 56  0.00     2.2777458648      12.623206762  
2023 12 15  10 57  0.00     2.2777439805      12.623209742  
2023 12 15  10 58  0.00     2.2777420958      12.623212720  
2023 12 15  10 59  0.00     2.2777402107      12.623215696  
2023 12 15  11  0  0.00     2.2777383252      12.623218672  
2023 12 15  11  1  0.00     2.2777364394      12.623221646  
2023 12 15  11  2  0.00     2.2777345532      12.623224618  
2023 12 15  11  3  0.00     2.2777326666      12.623227590  
2023 12 15  11  4  0.00     2.2777307797      12.623230560  
2023 12 15  11  5  0.00     2.2777288924      12.623233528  
2023 12 15  11  6  0.00     2.2777270047      12.623236495  
2023 12 15  11  7  0.00     2.2777251167      12.623239461  
2023 12 15  11  8  0.00     2.2777232284      12.623242426  
2023 12 15  11  9  0.00     2.2777213396      12.623245389  
2023 12 15  11 10  0.00     2.2777194506      12.623248351  
2023 12 15  11 11  0.00     2.2777175611      12.623251311  
2023 12 15  11 12  0.00     2.2777156713      12.623254270  
2023 12 15  11 13  0.00     2.2777137812      12.623257228  
2023 12 15  11 14  0.00     2.2777118908      12.623260184  
2023 12 15  11 15  0.00     2.2777100000      12.623263139  
2023 12 15  11 16  0.00     2.2777081088      12.623266092  
2023 12 15  11 17  0.00     2.2777062173      12.623269044  
2023 12 15  11 18  0.00     2.2777043255      12.623271994  
2023 12 15  11 19  0.00     2.2777024334      12.623274943  
2023 12 15  11 20  0.00     2.2777005409      12.623277891  
2023 12 15  11 21  0.00     2.2776986481      12.623280837  
2023 12 15  11 22  0.00     2.2776967550      12.623283782  
2023 12 15  11 23  0.00     2.2776948615      12.623286725  
2023 12 15  11 24  0.00     2.2776929677      12.623289667  
2023 12 15  11 25  0.00     2.2776910737      12.623292607  
2023 12 15  11 26  0.00     2.2776891793      12.623295546  
2023 12 15  11 27  0.00     2.2776872845      12.623298483  
2023 12 15  11 28  0.00     2.2776853895      12.623301419  
2023 12 15  11 29  0.00     2.2776834942      12.623304353  
2023 12 15  11 30  0.00     2.2776815985      12.623307286  
2023 12 15  11 31  0.00     2.2776797026      12.623310218  
2023 12 15  11 32  0.00     2.2776778063      12.623313147  
2023 12 15  11 33  0.00     2.2776759098      12.623316076  
2023 12 15  11 34  0.00     2.2776740130      12.623319003  
2023 12 15  11 35  0.00     2.2776721158      12.623321928  
2023 12 15  11 36  0.00     2.2776702184      12.623324852  
2023 12 15  11 37  0.00     2.2776683207      12.623327774  
2023 12 15  11 38  0.00     2.2776664227      12.623330694  
2023 12 15  11 39  0.00     2.2776645244      12.623333613  
2023 12 15  11 40  0.00     2.2776626258      12.623336531  
2023 12 15  11 41  0.00     2.2776607270      12.623339447  
2023 12 15  11 42  0.00     2.2776588279      12.623342361  
2023 12 15  11 43  0.00     2.2776569285      12.623345274  
2023 12 15  11 44  0.00     2.2776550288      12.623348186  
2023 12 15  11 45  0.00     2.2776531289      12.623351095  
2023 12 15  11 46  0.00     2.2776512287      12.623354003  
2023 12 15  11 47  0.00     2.2776493282      12.623356910  
2023 12 15  11 48  0.00     2.2776474275      12.623359815  
2023 12 15  11 49  0.00     2.2776455265      12.623362718  
2023 12 15  11 50  0.00     2.2776436253      12.623365620  
2023 12 15  11 51  0.00     2.2776417238      12.623368520  
2023 12 15  11 52  0.00     2.2776398220      12.623371419  
2023 12 15  11 53  0.00     2.2776379200      12.623374315  
2023 12 15  11 54  0.00     2.2776360178      12.623377211  
2023 12 15  11 55  0.00     2.2776341153      12.623380104  
2023 12 15  11 56  0.00     2.2776322126      12.623382996  
2023 12 15  11 57  0.00     2.2776303096      12.623385887  
2023 12 15  11 58  0.00     2.2776284064      12.623388776  
2023 12 15  11 59  0.00     2.2776265030      12.623391663  
2023 12 15  12  0  0.00     2.2776245993      12.623394548  
2023 12 15  12  1  0.00     2.2776226954      12.623397432  
2023 12 15  12  2  0.00     2.2776207913      12.623400314  
2023 12 15  12  3  0.00     2.2776188870      12.623403195  
2023 12 15  12  4  0.00     2.2776169824      12.623406073  
2023 12 15  12  5  0.00     2.2776150776      12.623408950  
2023 12 15  12  6  0.00     2.2776131726      12.623411826  
2023 12 15  12  7  0.00     2.2776112674      12.623414700  
2023 12 15  12  8  0.00     2.2776093620      12.623417572  
2023 12 15  12  9  0.00     2.2776074564      12.623420442  
2023 12 15  12 10  0.00     2.2776055505      12.623423311  
2023 12 15  12 11  0.00     2.2776036445      12.623426178  
2023 12 15  12 12  0.00     2.2776017383      12.623429043  
2023 12 15  12 13  0.00     2.2775998319      12.623431907  
2023 12 15  12 14  0.00     2.2775979252      12.623434769  
2023 12 15  12 15  0.00     2.2775960184      12.623437629  
2023 12 15  12 16  0.00     2.2775941114      12.623440488  
2023 12 15  12 17  0.00     2.2775922042      12.623443344  
2023 12 15  12 18  0.00     2.2775902969      12.623446199  
2023 12 15  12 19  0.00     2.2775883893      12.623449053  
2023 12 15  12 20  0.00     2.2775864816      12.623451904  
2023 12 15  12 21  0.00     2.2775845737      12.623454754  
2023 12 15  12 22  0.00     2.2775826656      12.623457602  
2023 12 15  12 23  0.00     2.2775807574      12.623460449  
2023 12 15  12 24  0.00     2.2775788490      12.623463293  
2023 12 15  12 25  0.00     2.2775769404      12.623466136  
2023 12 15  12 26  0.00     2.2775750317      12.623468978  
2023 12 15  12 27  0.00     2.2775731228      12.623471817  
2023 12 15  12 28  0.00     2.2775712137      12.623474655  
2023 12 15  12 29  0.00     2.2775693045      12.623477490  
2023 12 15  12 30  0.00     2.2775673952      12.623480325  
2023 12 15  12 31  0.00     2.2775654857      12.623483157  
2023 12 15  12 32  0.00     2.2775635760      12.623485987  
2023 12 15  12 33  0.00     2.2775616662      12.623488816  
2023 12 15  12 34  0.00     2.2775597563      12.623491643  
2023 12 15  12 35  0.00     2.2775578462      12.623494469  
2023 12 15  12 36  0.00     2.2775559361      12.623497292  
2023 12 15  12 37  0.00     2.2775540257      12.623500114  
2023 12 15  12 38  0.00     2.2775521153      12.623502934  
2023 12 15  12 39  0.00     2.2775502047      12.623505752  
2023 12 15  12 40  0.00     2.2775482940      12.623508568  
2023 12 15  12 41  0.00     2.2775463832      12.623511382  
2023 12 15  12 42  0.00     2.2775444722      12.623514195  
2023 12 15  12 43  0.00     2.2775425612      12.623517006  
2023 12 15  12 44  0.00     2.2775406500      12.623519815  
2023 12 15  12 45  0.00     2.2775387387      12.623522622  
2023 12 15  12 46  0.00     2.2775368274      12.623525428  
2023 12 15  12 47  0.00     2.2775349159      12.623528232  
2023 12 15  12 48  0.00     2.2775330043      12.623531033  
2023 12 15  12 49  0.00     2.2775310926      12.623533833  
2023 12 15  12 50  0.00     2.2775291808      12.623536632  
2023 12 15  12 51  0.00     2.2775272690      12.623539428  
2023 12 15  12 52  0.00     2.2775253570      12.623542223  
2023 12 15  12 53  0.00     2.2775234450      12.623545015  
2023 12 15  12 54  0.00     2.2775215329      12.623547806  
2023 12 15  12 55  0.00     2.2775196207      12.623550595  
2023 12 15  12 56  0.00     2.2775177084      12.623553383  
2023 12 15  12 57  0.00     2.2775157960      12.623556168  
2023 12 15  12 58  0.00     2.2775138836      12.623558951  
2023 12 15  12 59  0.00     2.2775119711      12.623561733  
2023 12 15  13  0  0.00     2.2775100585      12.623564513  
2023 12 15  13  1  0.00     2.2775081459      12.623567291  
2023 12 15  13  2  0.00     2.2775062332      12.623570067  
2023 12 15  13  3  0.00     2.2775043205      12.623572841  
2023 12 15  13  4  0.00     2.2775024077      12.623575614  
2023 12 15  13  5  0.00     2.2775004949      12.623578385  
2023 12 15  13  6  0.00     2.2774985820      12.623581153  
2023 12 15  13  7  0.00     2.2774966690      12.623583920  
2023 12 15  13  8  0.00     2.2774947560      12.623586685  
2023 12 15  13  9  0.00     2.2774928430      12.623589448  
2023 12 15  13 10  0.00     2.2774909300      12.623592210  
2023 12 15  13 11  0.00     2.2774890169      12.623594969  
2023 12 15  13 12  0.00     2.2774871037      12.623597727  
2023 12 15  13 13  0.00     2.2774851906      12.623600482  
2023 12 15  13 14  0.00     2.2774832774      12.623603236  
2023 12 15  13 15  0.00     2.2774813642      12.623605988  
2023 12 15  13 16  0.00     2.2774794510      12.623608738  
2023 12 15  13 17  0.00     2.2774775377      12.623611487  
2023 12 15  13 18  0.00     2.2774756245      12.623614233  
2023 12 15  13 19  0.00     2.2774737112      12.623616977  
2023 12 15  13 20  0.00     2.2774717980      12.623619720  
2023 12 15  13 21  0.00     2.2774698847      12.623622461  
2023 12 15  13 22  0.00     2.2774679714      12.623625200  
2023 12 15  13 23  0.00     2.2774660581      12.623627936  
2023 12 15  13 24  0.00     2.2774641448      12.623630672  
2023 12 15  13 25  0.00     2.2774622316      12.623633405  
2023 12 15  13 26  0.00     2.2774603183      12.623636136  
2023 12 15  13 27  0.00     2.2774584051      12.623638865  
2023 12 15  13 28  0.00     2.2774564919      12.623641593  
2023 12 15  13 29  0.00     2.2774545786      12.623644319  
2023 12 15  13 30  0.00     2.2774526655      12.623647042  
2023 12 15  13 31  0.00     2.2774507523      12.623649764  
2023 12 15  13 32  0.00     2.2774488391      12.623652484  
2023 12 15  13 33  0.00     2.2774469260      12.623655202  
2023 12 15  13 34  0.00     2.2774450130      12.623657919  
2023 12 15  13 35  0.00     2.2774430999      12.623660633  
2023 12 15  13 36  0.00     2.2774411869      12.623663345  
2023 12 15  13 37  0.00     2.2774392740      12.623666056  
2023 12 15  13 38  0.00     2.2774373611      12.623668764  
2023 12 15  13 39  0.00     2.2774354482      12.623671471  
2023 12 15  13 40  0.00     2.2774335354      12.623674176  
2023 12 15  13 41  0.00     2.2774316226      12.623676879  
2023 12 15  13 42  0.00     2.2774297099      12.623679580  
2023 12 15  13 43  0.00     2.2774277973      12.623682279  
2023 12 15  13 44  0.00     2.2774258847      12.623684976  
2023 12 15  13 45  0.00     2.2774239721      12.623687672  
2023 12 15  13 46  0.00     2.2774220597      12.623690365  
2023 12 15  13 47  0.00     2.2774201473      12.623693057  
2023 12 15  13 48  0.00     2.2774182350      12.623695746  
2023 12 15  13 49  0.00     2.2774163228      12.623698434  
2023 12 15  13 50  0.00     2.2774144106      12.623701120  
2023 12 15  13 51  0.00     2.2774124986      12.623703804  
2023 12 15  13 52  0.00     2.2774105866      12.623706486  
2023 12 15  13 53  0.00     2.2774086747      12.623709166  
2023 12 15  13 54  0.00     2.2774067629      12.623711845  
2023 12 15  13 55  0.00     2.2774048512      12.623714521  
2023 12 15  13 56  0.00     2.2774029396      12.623717195  
2023 12 15  13 57  0.00     2.2774010281      12.623719868  
2023 12 15  13 58  0.00     2.2773991167      12.623722539  
2023 12 15  13 59  0.00     2.2773972054      12.623725208  
2023 12 15  14  0  0.00     2.2773952942      12.623727875  
2023 12 15  14  1  0.00     2.2773933831      12.623730540  
2023 12 15  14  2  0.00     2.2773914722      12.623733203  
2023 12 15  14  3  0.00     2.2773895613      12.623735864  
2023 12 15  14  4  0.00     2.2773876506      12.623738523  
2023 12 15  14  5  0.00     2.2773857400      12.623741181  
2023 12 15  14  6  0.00     2.2773838295      12.623743836  
2023 12 15  14  7  0.00     2.2773819192      12.623746490  
2023 12 15  14  8  0.00     2.2773800090      12.623749142  
2023 12 15  14  9  0.00     2.2773780989      12.623751792  
2023 12 15  14 10  0.00     2.2773761890      12.623754440  
2023 12 15  14 11  0.00     2.2773742792      12.623757086  
2023 12 15  14 12  0.00     2.2773723696      12.623759730  
2023 12 15  14 13  0.00     2.2773704601      12.623762372  
2023 12 15  14 14  0.00     2.2773685507      12.623765013  
2023 12 15  14 15  0.00     2.2773666415      12.623767651  
2023 12 15  14 16  0.00     2.2773647325      12.623770288  
2023 12 15  14 17  0.00     2.2773628236      12.623772923  
2023 12 15  14 18  0.00     2.2773609149      12.623775556  
2023 12 15  14 19  0.00     2.2773590063      12.623778187  
2023 12 15  14 20  0.00     2.2773570980      12.623780816  
2023 12 15  14 21  0.00     2.2773551898      12.623783443  
2023 12 15  14 22  0.00     2.2773532817      12.623786069  
2023 12 15  14 23  0.00     2.2773513739      12.623788692  
2023 12 15  14 24  0.00     2.2773494662      12.623791314  
2023 12 15  14 25  0.00     2.2773475587      12.623793933  
2023 12 15  14 26  0.00     2.2773456514      12.623796551  
2023 12 15  14 27  0.00     2.2773437442      12.623799167  
2023 12 15  14 28  0.00     2.2773418373      12.623801782  
2023 12 15  14 29  0.00     2.2773399306      12.623804394  
2023 12 15  14 30  0.00     2.2773380240      12.623807004  
2023 12 15  14 31  0.00     2.2773361177      12.623809613  
2023 12 15  14 32  0.00     2.2773342116      12.623812220  
2023 12 15  14 33  0.00     2.2773323056      12.623814825  
2023 12 15  14 34  0.00     2.2773303999      12.623817428  
2023 12 15  14 35  0.00     2.2773284944      12.623820029  
2023 12 15  14 36  0.00     2.2773265891      12.623822628  
2023 12 15  14 37  0.00     2.2773246840      12.623825225  
2023 12 15  14 38  0.00     2.2773227791      12.623827821  
2023 12 15  14 39  0.00     2.2773208745      12.623830415  
2023 12 15  14 40  0.00     2.2773189701      12.623833007  
2023 12 15  14 41  0.00     2.2773170659      12.623835597  
2023 12 15  14 42  0.00     2.2773151620      12.623838185  
2023 12 15  14 43  0.00     2.2773132582      12.623840771  
2023 12 15  14 44  0.00     2.2773113548      12.623843356  
2023 12 15  14 45  0.00     2.2773094515      12.623845939  
2023 12 15  14 46  0.00     2.2773075485      12.623848520  
2023 12 15  14 47  0.00     2.2773056458      12.623851099  
2023 12 15  14 48  0.00     2.2773037433      12.623853676  
2023 12 15  14 49  0.00     2.2773018410      12.623856251  
2023 12 15  14 50  0.00     2.2772999390      12.623858825  
2023 12 15  14 51  0.00     2.2772980373      12.623861397  
2023 12 15  14 52  0.00     2.2772961358      12.623863966  
2023 12 15  14 53  0.00     2.2772942346      12.623866535  
2023 12 15  14 54  0.00     2.2772923337      12.623869101  
2023 12 15  14 55  0.00     2.2772904330      12.623871665  
2023 12 15  14 56  0.00     2.2772885326      12.623874228  
2023 12 15  14 57  0.00     2.2772866325      12.623876789  
2023 12 15  14 58  0.00     2.2772847326      12.623879348  
2023 12 15  14 59  0.00     2.2772828330      12.623881905  
2023 12 15  15  0  0.00     2.2772809337      12.623884461  
2023 12 15  15  1  0.00     2.2772790347      12.623887014  
2023 12 15  15  2  0.00     2.2772771360      12.623889566  
2023 12 15  15  3  0.00     2.2772752376      12.623892116  
2023 12 15  15  4  0.00     2.2772733395      12.623894665  
2023 12 15  15  5  0.00     2.2772714416      12.623897211  
2023 12 15  15  6  0.00     2.2772695441      12.623899756  
2023 12 15  15  7  0.00     2.2772676469      12.623902299  
2023 12 15  15  8  0.00     2.2772657499      12.623904840  
2023 12 15  15  9  0.00     2.2772638533      12.623907380  
2023 12 15  15 10  0.00     2.2772619570      12.623909917  
2023 12 15  15 11  0.00     2.2772600610      12.623912453  
2023 12 15  15 12  0.00     2.2772581653      12.623914987  
2023 12 15  15 13  0.00     2.2772562700      12.623917520  
2023 12 15  15 14  0.00     2.2772543749      12.623920050  
2023 12 15  15 15  0.00     2.2772524802      12.623922579  
2023 12 15  15 16  0.00     2.2772505858      12.623925106  
2023 12 15  15 17  0.00     2.2772486918      12.623927632  
2023 12 15  15 18  0.00     2.2772467981      12.623930156  
2023 12 15  15 19  0.00     2.2772449047      12.623932677  
2023 12 15  15 20  0.00     2.2772430116      12.623935198  
2023 12 15  15 21  0.00     2.2772411189      12.623937716  
2023 12 15  15 22  0.00     2.2772392266      12.623940233  
2023 12 15  15 23  0.00     2.2772373345      12.623942748  
2023 12 15  15 24  0.00     2.2772354429      12.623945261  
2023 12 15  15 25  0.00     2.2772335516      12.623947773  
2023 12 15  15 26  0.00     2.2772316606      12.623950283  
2023 12 15  15 27  0.00     2.2772297700      12.623952791  
2023 12 15  15 28  0.00     2.2772278797      12.623955297  
2023 12 15  15 29  0.00     2.2772259899      12.623957802  
2023 12 15  15 30  0.00     2.2772241003      12.623960305  
2023 12 15  15 31  0.00     2.2772222112      12.623962807  
2023 12 15  15 32  0.00     2.2772203224      12.623965306  
2023 12 15  15 33  0.00     2.2772184340      12.623967804  
2023 12 15  15 34  0.00     2.2772165460      12.623970301  
2023 12 15  15 35  0.00     2.2772146583      12.623972795  
2023 12 15  15 36  0.00     2.2772127711      12.623975288  
2023 12 15  15 37  0.00     2.2772108842      12.623977780  
2023 12 15  15 38  0.00     2.2772089977      12.623980269  
2023 12 15  15 39  0.00     2.2772071116      12.623982757  
2023 12 15  15 40  0.00     2.2772052259      12.623985244  
2023 12 15  15 41  0.00     2.2772033405      12.623987728  
2023 12 15  15 42  0.00     2.2772014556      12.623990212  
2023 12 15  15 43  0.00     2.2771995711      12.623992693  
2023 12 15  15 44  0.00     2.2771976870      12.623995173  
2023 12 15  15 45  0.00     2.2771958032      12.623997651  
2023 12 15  15 46  0.00     2.2771939199      12.624000128  
2023 12 15  15 47  0.00     2.2771920370      12.624002602  
2023 12 15  15 48  0.00     2.2771901545      12.624005076  
2023 12 15  15 49  0.00     2.2771882725      12.624007548  
2023 12 15  15 50  0.00     2.2771863908      12.624010018  
2023 12 15  15 51  0.00     2.2771845096      12.624012486  
2023 12 15  15 52  0.00     2.2771826287      12.624014953  
2023 12 15  15 53  0.00     2.2771807484      12.624017418  
2023 12 15  15 54  0.00     2.2771788684      12.624019882  
2023 12 15  15 55  0.00     2.2771769889      12.624022344  
2023 12 15  15 56  0.00     2.2771751098      12.624024805  
2023 12 15  15 57  0.00     2.2771732311      12.624027264  
2023 12 15  15 58  0.00     2.2771713529      12.624029721  
2023 12 15  15 59  0.00     2.2771694751      12.624032177  
2023 12 15  16  0  0.00     2.2771675978      12.624034631  
2023 12 15  16  1  0.00     2.2771657209      12.624037084  
2023 12 15  16  2  0.00     2.2771638444      12.624039535  
2023 12 15  16  3  0.00     2.2771619684      12.624041985  
2023 12 15  16  4  0.00     2.2771600929      12.624044433  
2023 12 15  16  5  0.00     2.2771582178      12.624046880  
2023 12 15  16  6  0.00     2.2771563431      12.624049325  
2023 12 15  16  7  0.00     2.2771544690      12.624051768  
2023 12 15  16  8  0.00     2.2771525953      12.624054210  
2023 12 15  16  9  0.00     2.2771507220      12.624056651  
2023 12 15  16 10  0.00     2.2771488492      12.624059090  
2023 12 15  16 11  0.00     2.2771469769      12.624061527  
2023 12 15  16 12  0.00     2.2771451051      12.624063963  
2023 12 15  16 13  0.00     2.2771432337      12.624066398  
2023 12 15  16 14  0.00     2.2771413628      12.624068831  
2023 12 15  16 15  0.00     2.2771394924      12.624071263  
2023 12 15  16 16  0.00     2.2771376225      12.624073693  
2023 12 15  16 17  0.00     2.2771357531      12.624076121  
2023 12 15  16 18  0.00     2.2771338841      12.624078549  
2023 12 15  16 19  0.00     2.2771320157      12.624080974  
2023 12 15  16 20  0.00     2.2771301477      12.624083399  
2023 12 15  16 21  0.00     2.2771282802      12.624085821  
2023 12 15  16 22  0.00     2.2771264132      12.624088243  
2023 12 15  16 23  0.00     2.2771245467      12.624090663  
2023 12 15  16 24  0.00     2.2771226808      12.624093081  
2023 12 15  16 25  0.00     2.2771208153      12.624095499  
2023 12 15  16 26  0.00     2.2771189503      12.624097914  
2023 12 15  16 27  0.00     2.2771170858      12.624100329  
2023 12 15  16 28  0.00     2.2771152219      12.624102741  
2023 12 15  16 29  0.00     2.2771133584      12.624105153  
2023 12 15  16 30  0.00     2.2771114955      12.624107563  
2023 12 15  16 31  0.00     2.2771096331      12.624109972  
2023 12 15  16 32  0.00     2.2771077712      12.624112379  
2023 12 15  16 33  0.00     2.2771059098      12.624114785  
2023 12 15  16 34  0.00     2.2771040489      12.624117190  
2023 12 15  16 35  0.00     2.2771021886      12.624119593  
2023 12 15  16 36  0.00     2.2771003288      12.624121995  
2023 12 15  16 37  0.00     2.2770984695      12.624124396  
2023 12 15  16 38  0.00     2.2770966108      12.624126795  
2023 12 15  16 39  0.00     2.2770947526      12.624129193  
2023 12 15  16 40  0.00     2.2770928949      12.624131589  
2023 12 15  16 41  0.00     2.2770910378      12.624133985  
2023 12 15  16 42  0.00     2.2770891812      12.624136379  
2023 12 15  16 43  0.00     2.2770873252      12.624138771  
2023 12 15  16 44  0.00     2.2770854697      12.624141163  
2023 12 15  16 45  0.00     2.2770836147      12.624143553  
2023 12 15  16 46  0.00     2.2770817603      12.624145941  
2023 12 15  16 47  0.00     2.2770799064      12.624148329  
2023 12 15  16 48  0.00     2.2770780531      12.624150715  
2023 12 15  16 49  0.00     2.2770762004      12.624153100  
2023 12 15  16 50  0.00     2.2770743482      12.624155484  
2023 12 15  16 51  0.00     2.2770724966      12.624157866  
2023 12 15  16 52  0.00     2.2770706455      12.624160247  
2023 12 15  16 53  0.00     2.2770687950      12.624162627  
2023 12 15  16 54  0.00     2.2770669451      12.624165006  
2023 12 15  16 55  0.00     2.2770650957      12.624167383  
2023 12 15  16 56  0.00     2.2770632469      12.624169760  
2023 12 15  16 57  0.00     2.2770613987      12.624172135  
2023 12 15  16 58  0.00     2.2770595511      12.624174509  
2023 12 15  16 59  0.00     2.2770577040      12.624176881  
2023 12 15  17  0  0.00     2.2770558575      12.624179253  
2023 12 15  17  1  0.00     2.2770540116      12.624181623  
2023 12 15  17  2  0.00     2.2770521662      12.624183992  
2023 12 15  17  3  0.00     2.2770503215      12.624186360  
2023 12 15  17  4  0.00     2.2770484773      12.624188727  
2023 12 15  17  5  0.00     2.2770466337      12.624191092  
2023 12 15  17  6  0.00     2.2770447908      12.624193457  
2023 12 15  17  7  0.00     2.2770429484      12.624195820  
2023 12 15  17  8  0.00     2.2770411066      12.624198182  
2023 12 15  17  9  0.00     2.2770392654      12.624200543  
2023 12 15  17 10  0.00     2.2770374248      12.624202903  
2023 12 15  17 11  0.00     2.2770355848      12.624205262  
2023 12 15  17 12  0.00     2.2770337453      12.624207620  
2023 12 15  17 13  0.00     2.2770319065      12.624209976  
2023 12 15  17 14  0.00     2.2770300684      12.624212332  
2023 12 15  17 15  0.00     2.2770282308      12.624214686  
2023 12 15  17 16  0.00     2.2770263938      12.624217040  
2023 12 15  17 17  0.00     2.2770245574      12.624219392  
2023 12 15  17 18  0.00     2.2770227217      12.624221743  
2023 12 15  17 19  0.00     2.2770208865      12.624224093  
2023 12 15  17 20  0.00     2.2770190520      12.624226442  
2023 12 15  17 21  0.00     2.2770172181      12.624228790  
2023 12 15  17 22  0.00     2.2770153848      12.624231138  
2023 12 15  17 23  0.00     2.2770135521      12.624233484  
2023 12 15  17 24  0.00     2.2770117201      12.624235829  
2023 12 15  17 25  0.00     2.2770098887      12.624238173  
2023 12 15  17 26  0.00     2.2770080579      12.624240516  
2023 12 15  17 27  0.00     2.2770062277      12.624242858  
2023 12 15  17 28  0.00     2.2770043982      12.624245199  
2023 12 15  17 29  0.00     2.2770025693      12.624247539  
2023 12 15  17 30  0.00     2.2770007410      12.624249878  
2023 12 15  17 31  0.00     2.2769989134      12.624252216  
2023 12 15  17 32  0.00     2.2769970864      12.624254553  
2023 12 15  17 33  0.00     2.2769952600      12.624256889  
2023 12 15  17 34  0.00     2.2769934343      12.624259224  
2023 12 15  17 35  0.00     2.2769916092      12.624261559  
2023 12 15  17 36  0.00     2.2769897848      12.624263892  
2023 12 15  17 37  0.00     2.2769879610      12.624266225  
2023 12 15  17 38  0.00     2.2769861379      12.624268556  
2023 12 15  17 39  0.00     2.2769843154      12.624270887  
2023 12 15  17 40  0.00     2.2769824936      12.624273217  
2023 12 15  17 41  0.00     2.2769806724      12.624275546  
2023 12 15  17 42  0.00     2.2769788518      12.624277874  
2023 12 15  17 43  0.00     2.2769770320      12.624280201  
2023 12 15  17 44  0.00     2.2769752127      12.624282527  
2023 12 15  17 45  0.00     2.2769733942      12.624284853  
2023 12 15  17 46  0.00     2.2769715763      12.624287177  
2023 12 15  17 47  0.00     2.2769697590      12.624289501  
2023 12 15  17 48  0.00     2.2769679424      12.624291824  
2023 12 15  17 49  0.00     2.2769661265      12.624294146  
2023 12 15  17 50  0.00     2.2769643113      12.624296468  
2023 12 15  17 51  0.00     2.2769624967      12.624298788  
2023 12 15  17 52  0.00     2.2769606828      12.624301108  
2023 12 15  17 53  0.00     2.2769588695      12.624303427  
2023 12 15  17 54  0.00     2.2769570569      12.624305745  
2023 12 15  17 55  0.00     2.2769552450      12.624308063  
2023 12 15  17 56  0.00     2.2769534338      12.624310379  
2023 12 15  17 57  0.00     2.2769516233      12.624312695  
2023 12 15  17 58  0.00     2.2769498134      12.624315010  
2023 12 15  17 59  0.00     2.2769480042      12.624317325  
2023 12 15  18  0  0.00     2.2769461957      12.624319638  
2023 12 15  18  1  0.00     2.2769443878      12.624321951  
2023 12 15  18  2  0.00     2.2769425807      12.624324264  
2023 12 15  18  3  0.00     2.2769407742      12.624326575  
2023 12 15  18  4  0.00     2.2769389684      12.624328886  
2023 12 15  18  5  0.00     2.2769371633      12.624331196  
2023 12 15  18  6  0.00     2.2769353589      12.624333506  
2023 12 15  18  7  0.00     2.2769335552      12.624335815  
2023 12 15  18  8  0.00     2.2769317521      12.624338123  
2023 12 15  18  9  0.00     2.2769299498      12.624340430  
2023 12 15  18 10  0.00     2.2769281482      12.624342737  
2023 12 15  18 11  0.00     2.2769263472      12.624345044  
2023 12 15  18 12  0.00     2.2769245469      12.624347349  
2023 12 15  18 13  0.00     2.2769227474      12.624349654  
2023 12 15  18 14  0.00     2.2769209485      12.624351959  
2023 12 15  18 15  0.00     2.2769191504      12.624354263  
2023 12 15  18 16  0.00     2.2769173529      12.624356566  
2023 12 15  18 17  0.00     2.2769155561      12.624358868  
2023 12 15  18 18  0.00     2.2769137601      12.624361171  
2023 12 15  18 19  0.00     2.2769119647      12.624363472  
2023 12 15  18 20  0.00     2.2769101701      12.624365773  
2023 12 15  18 21  0.00     2.2769083761      12.624368073  
2023 12 15  18 22  0.00     2.2769065829      12.624370373  
2023 12 15  18 23  0.00     2.2769047903      12.624372673  
2023 12 15  18 24  0.00     2.2769029985      12.624374972  
2023 12 15  18 25  0.00     2.2769012074      12.624377270  
2023 12 15  18 26  0.00     2.2768994170      12.624379568  
2023 12 15  18 27  0.00     2.2768976273      12.624381865  
2023 12 15  18 28  0.00     2.2768958383      12.624384162  
2023 12 15  18 29  0.00     2.2768940501      12.624386458  
2023 12 15  18 30  0.00     2.2768922625      12.624388754  
2023 12 15  18 31  0.00     2.2768904757      12.624391050  
2023 12 15  18 32  0.00     2.2768886896      12.624393345  
2023 12 15  18 33  0.00     2.2768869042      12.624395639  
2023 12 15  18 34  0.00     2.2768851195      12.624397933  
2023 12 15  18 35  0.00     2.2768833356      12.624400227  
2023 12 15  18 36  0.00     2.2768815523      12.624402520  
2023 12 15  18 37  0.00     2.2768797698      12.624404813  
2023 12 15  18 38  0.00     2.2768779880      12.624407106  
2023 12 15  18 39  0.00     2.2768762070      12.624409398  
2023 12 15  18 40  0.00     2.2768744267      12.624411690  
2023 12 15  18 41  0.00     2.2768726470      12.624413981  
2023 12 15  18 42  0.00     2.2768708682      12.624416272  
---
