2020 11 13.634543  2 22 37.0968 +13 41 39.590  35.6545701  13.6943305  35.6545672  13.6943342    0.0103   -0.0134    0.0625 15 13 44.50     5.00 /U
2020 11 13.699988  2 22 36.4046 +13 41 36.043  35.6516860  13.6933453  35.6516872  13.6933419   -0.0040    0.0124    0.0252 16 47 59.00    10.00 /U
2020 11 13.699468  2 22 36.4063 +13 41 36.084  35.6516929  13.6933566  35.6517100  13.6933498   -0.0599    0.0241    0.0298 16 47 14.00    10.00 /U
2020 11 13.698947  2 22 36.4182 +13 41 36.100  35.6517427  13.6933611  35.6517329  13.6933578    0.0341    0.0118    0.0313 16 46 29.00    10.00 /U
2020 11 13.698426  2 22 36.4226 +13 41 36.144  35.6517610  13.6933733  35.6517558  13.6933658    0.0182    0.0270    0.0246 16 45 44.00    10.00 /U
2020 11 13.697905  2 22 36.4246 +13 41 36.132  35.6517690  13.6933701  35.6517787  13.6933738   -0.0339   -0.0133    0.0219 16 44 59.00    10.00 /U
2020 11 13.697384  2 22 36.4302 +13 41 36.178  35.6517927  13.6933828  35.6518016  13.6933818   -0.0311    0.0037    0.0252 16 44 14.00    10.00 /U
2020 11 13.696863  2 22 36.4360 +13 41 36.175  35.6518168  13.6933818  35.6518245  13.6933898   -0.0267   -0.0286    0.0270 16 43 29.00    10.00 /U
2020 11 13.696343  2 22 36.4423 +13 41 36.215  35.6518429  13.6933932  35.6518474  13.6933977   -0.0157   -0.0164    0.0279 16 42 44.00    10.00 /U
2020 11 13.695822  2 22 36.4453 +13 41 36.204  35.6518555  13.6933899  35.6518702  13.6934057   -0.0514   -0.0568    0.0287 16 41 59.00    10.00 /U
2020 11 13.695301  2 22 36.4533 +13 41 36.283  35.6518887  13.6934121  35.6518931  13.6934137   -0.0154   -0.0058    0.0223 16 41 14.00    10.00 /U
2020 11 13.694780  2 22 36.4586 +13 41 36.276  35.6519110  13.6934101  35.6519160  13.6934217   -0.0177   -0.0416    0.0148 16 40 29.00    10.00 /U
2020 11 13.694259  2 22 36.4648 +13 41 36.390  35.6519368  13.6934416  35.6519389  13.6934296   -0.0075    0.0432    0.0219 16 39 44.00    10.00 /U
2020 11 13.693750  2 22 36.4709 +13 41 36.396  35.6519620  13.6934434  35.6519613  13.6934374    0.0025    0.0214    0.0305 16 39  0.00    10.00 /U
2020 11 13.693229  2 22 36.4785 +13 41 36.374  35.6519938  13.6934372  35.6519842  13.6934454    0.0337   -0.0296    0.0296 16 38 15.00    10.00 /U
2020 11 13.692708  2 22 36.4834 +13 41 36.441  35.6520142  13.6934557  35.6520071  13.6934534    0.0249    0.0086    0.0256 16 37 30.00    10.00 /U
2020 11 13.692187  2 22 36.4857 +13 41 36.455  35.6520240  13.6934597  35.6520300  13.6934613   -0.0210   -0.0058    0.0227 16 36 45.00    10.00 /U
2020 11 13.691667  2 22 36.4943 +13 41 36.467  35.6520594  13.6934630  35.6520529  13.6934693    0.0228   -0.0226    0.0222 16 36  0.00    10.00 /U
2020 11 13.691146  2 22 36.4954 +13 41 36.506  35.6520641  13.6934738  35.6520757  13.6934773   -0.0406   -0.0124    0.0247 16 35 15.00    10.00 /U
2020 11 13.690625  2 22 36.5039 +13 41 36.546  35.6520998  13.6934850  35.6520986  13.6934852    0.0039   -0.0007    0.0115 16 34 30.00    10.00 /U
2020 11 13.690104  2 22 36.5060 +13 41 36.601  35.6521083  13.6935003  35.6521215  13.6934932   -0.0462    0.0256    0.0401 16 33 45.00    10.00 /U
2020 11 13.689583  2 22 36.5141 +13 41 36.594  35.6521421  13.6934983  35.6521444  13.6935011   -0.0082   -0.0103    0.0233 16 33  0.00    10.00 /U
2020 11 13.689063  2 22 36.5160 +13 41 36.634  35.6521501  13.6935094  35.6521673  13.6935091   -0.0604    0.0011    0.0366 16 32 15.00    10.00 /U
2020 11 13.688542  2 22 36.5231 +13 41 36.605  35.6521794  13.6935014  35.6521902  13.6935170   -0.0378   -0.0562    0.0341 16 31 30.00    10.00 /U
2020 11 13.688021  2 22 36.5299 +13 41 36.680  35.6522080  13.6935221  35.6522131  13.6935250   -0.0178   -0.0105    0.0151 16 30 45.00    10.00 /U
2020 11 13.687500  2 22 36.5385 +13 41 36.690  35.6522438  13.6935251  35.6522360  13.6935330    0.0272   -0.0282    0.0464 16 30  0.00    10.00 /U
2020 11 13.686979  2 22 36.5366 +13 41 36.757  35.6522358  13.6935436  35.6522589  13.6935409   -0.0808    0.0096    0.0208 16 29 15.00    10.00 /U
2020 11 13.686458  2 22 36.5478 +13 41 36.745  35.6522825  13.6935403  35.6522818  13.6935489    0.0025   -0.0309    0.0119 16 28 30.00    10.00 /U
2020 11 13.685937  2 22 36.5517 +13 41 36.809  35.6522987  13.6935580  35.6523047  13.6935568   -0.0210    0.0043    0.0132 16 27 45.00    10.00 /U
2020 11 13.685428  2 22 36.5574 +13 41 36.850  35.6523223  13.6935695  35.6523271  13.6935646   -0.0168    0.0178    0.0266 16 27  1.00    10.00 /U
2020 11 13.700509  2 22 36.4005 +13 41 36.025  35.6516687  13.6933404  35.6516643  13.6933339    0.0154    0.0234    0.0203 16 48 44.00    10.00 /U
2020 11 13.701030  2 22 36.3902 +13 41 35.992  35.6516257  13.6933311  35.6516414  13.6933259   -0.0550    0.0186    0.0271 16 49 29.00    10.00 /U
2020 11 13.701551  2 22 36.3827 +13 41 35.942  35.6515946  13.6933172  35.6516185  13.6933179   -0.0838   -0.0024    0.0213 16 50 14.00    10.00 /U
2020 11 13.702072  2 22 36.3826 +13 41 35.873  35.6515944  13.6932982  35.6515957  13.6933099   -0.0045   -0.0423    0.0141 16 50 59.00    10.00 /U
2020 11 13.719172  2 22 36.2022 +13 41 34.965  35.6508426  13.6930457  35.6508450  13.6930467   -0.0083   -0.0037    0.0216 17 15 36.50    15.00 /U
2020 11 13.718594  2 22 36.2075 +13 41 35.025  35.6508646  13.6930626  35.6508704  13.6930557   -0.0202    0.0249    0.0235 17 14 46.50    15.00 /U
2020 11 13.718015  2 22 36.2128 +13 41 34.972  35.6508868  13.6930477  35.6508958  13.6930646   -0.0315   -0.0609    0.0301 17 13 56.50    15.00 /U
2020 11 13.717436  2 22 36.2191 +13 41 35.145  35.6509128  13.6930958  35.6509211  13.6930735   -0.0291    0.0802    0.0728 17 13  6.50    15.00 /U
2020 11 13.716858  2 22 36.2256 +13 41 35.153  35.6509399  13.6930982  35.6509465  13.6930825   -0.0233    0.0566    0.0351 17 12 16.50    15.00 /U
2020 11 13.716291  2 22 36.2287 +13 41 35.088  35.6509529  13.6930800  35.6509714  13.6930912   -0.0648   -0.0404    0.0224 17 11 27.50    15.00 /U
2020 11 13.715712  2 22 36.2378 +13 41 35.119  35.6509909  13.6930885  35.6509968  13.6931001   -0.0206   -0.0417    0.0275 17 10 37.50    15.00 /U
2020 11 13.715133  2 22 36.2416 +13 41 35.252  35.6510066  13.6931256  35.6510222  13.6931090   -0.0545    0.0595    0.0278 17  9 47.50    15.00 /U
2020 11 13.714554  2 22 36.2502 +13 41 35.192  35.6510424  13.6931088  35.6510476  13.6931180   -0.0183   -0.0332    0.0316 17  8 57.50    15.00 /U
2020 11 13.713976  2 22 36.2561 +13 41 35.263  35.6510672  13.6931286  35.6510730  13.6931269   -0.0204    0.0062    0.0134 17  8  7.50    15.00 /U
2020 11 13.713397  2 22 36.2586 +13 41 35.221  35.6510773  13.6931169  35.6510984  13.6931358   -0.0738   -0.0679    0.0352 17  7 17.50    15.00 /U
2020 11 13.712818  2 22 36.2708 +13 41 35.352  35.6511285  13.6931532  35.6511238  13.6931447    0.0164    0.0307    0.0291 17  6 27.50    15.00 /U
2020 11 13.712240  2 22 36.2780 +13 41 35.376  35.6511582  13.6931599  35.6511492  13.6931536    0.0315    0.0227    0.0287 17  5 37.50    15.00 /U
2020 11 13.711661  2 22 36.2827 +13 41 35.383  35.6511780  13.6931620  35.6511746  13.6931625    0.0120   -0.0018    0.0482 17  4 47.50    15.00 /U
2020 11 13.684907  2 22 36.5626 +13 41 36.837  35.6523444  13.6935657  35.6523500  13.6935725   -0.0197   -0.0244    0.0196 16 26 16.00    10.00 /U
2020 11 13.709346  2 22 36.3061 +13 41 35.467  35.6512754  13.6931852  35.6512762  13.6931981   -0.0028   -0.0466    0.0489 17  1 27.50    15.00 /U
2020 11 13.708189  2 22 36.3125 +13 41 35.511  35.6513020  13.6931975  35.6513270  13.6932159   -0.0877   -0.0663    0.0445 16 59 47.50    15.00 /U
2020 11 13.707610  2 22 36.3244 +13 41 35.609  35.6513518  13.6932248  35.6513524  13.6932248   -0.0023   -0.0003    0.0149 16 58 57.50    15.00 /U
2020 11 13.707031  2 22 36.3346 +13 41 35.655  35.6513943  13.6932375  35.6513778  13.6932337    0.0576    0.0137    0.0410 16 58  7.50    15.00 /U
2020 11 13.706453  2 22 36.3326 +13 41 35.652  35.6513858  13.6932366  35.6514033  13.6932426   -0.0609   -0.0218    0.0087 16 57 17.50    15.00 /U
2020 11 13.705874  2 22 36.3450 +13 41 35.739  35.6514375  13.6932609  35.6514287  13.6932515    0.0309    0.0336    0.0280 16 56 27.50    15.00 /U
2020 11 13.705295  2 22 36.3485 +13 41 35.733  35.6514521  13.6932592  35.6514541  13.6932604   -0.0070   -0.0045    0.0142 16 55 37.50    15.00 /U
2020 11 13.704716  2 22 36.3536 +13 41 35.802  35.6514733  13.6932782  35.6514795  13.6932693   -0.0215    0.0321    0.0207 16 54 47.50    15.00 /U
2020 11 13.704138  2 22 36.3600 +13 41 35.777  35.6515001  13.6932714  35.6515049  13.6932782   -0.0168   -0.0245    0.0140 16 53 57.50    15.00 /U
2020 11 13.703559  2 22 36.3643 +13 41 35.877  35.6515180  13.6932992  35.6515303  13.6932871   -0.0430    0.0437    0.0170 16 53  7.50    15.00 /U
2020 11 13.702980  2 22 36.3676 +13 41 35.851  35.6515318  13.6932918  35.6515557  13.6932960   -0.0838   -0.0149    0.0255 16 52 17.50    15.00 /U
2020 11 13.702402  2 22 36.3756 +13 41 35.860  35.6515649  13.6932944  35.6515812  13.6933048   -0.0567   -0.0376    0.0155 16 51 27.50    15.00 /U
2020 11 13.710503  2 22 36.2953 +13 41 35.456  35.6512303  13.6931821  35.6512254  13.6931803    0.0170    0.0063    0.0392 17  3  7.50    15.00 /U
2020 11 13.719751  2 22 36.1974 +13 41 34.890  35.6508223  13.6930251  35.6508196  13.6930378    0.0096   -0.0458    0.0355 17 16 26.50    15.00 /U
2020 11 13.683866  2 22 36.5719 +13 41 36.886  35.6523830  13.6935794  35.6523958  13.6935884   -0.0448   -0.0323    0.0206 16 24 46.00    10.00 /U
2020 11 13.682824  2 22 36.5853 +13 41 36.982  35.6524388  13.6936061  35.6524416  13.6936043   -0.0098    0.0066    0.0250 16 23 16.00    10.00 /U
2020 11 13.649525  2 22 36.9384 +13 41 38.794  35.6539101  13.6941095  35.6539072  13.6941090    0.0102    0.0018    0.0166 15 35 19.00    10.00 /U
2020 11 13.649005  2 22 36.9400 +13 41 38.776  35.6539168  13.6941045  35.6539301  13.6941169   -0.0467   -0.0444    0.0221 15 34 34.00    10.00 /U
2020 11 13.648484  2 22 36.9465 +13 41 38.879  35.6539437  13.6941331  35.6539531  13.6941247   -0.0329    0.0303    0.0266 15 33 49.00    10.00 /U
2020 11 13.647975  2 22 36.9532 +13 41 38.936  35.6539715  13.6941490  35.6539755  13.6941324   -0.0140    0.0598    0.0285 15 33  5.00    10.00 /U
2020 11 13.647454  2 22 36.9588 +13 41 38.864  35.6539952  13.6941290  35.6539984  13.6941402   -0.0114   -0.0405    0.0265 15 32 20.00    10.00 /U
2020 11 13.646933  2 22 36.9623 +13 41 38.943  35.6540095  13.6941508  35.6540214  13.6941481   -0.0415    0.0100    0.0176 15 31 35.00    10.00 /U
2020 11 13.646412  2 22 36.9704 +13 41 38.987  35.6540433  13.6941632  35.6540443  13.6941559   -0.0037    0.0261    0.0156 15 30 50.00    10.00 /U
2020 11 13.645891  2 22 36.9760 +13 41 38.986  35.6540665  13.6941628  35.6540673  13.6941637   -0.0028   -0.0034    0.0230 15 30  5.00    10.00 /U
2020 11 13.645370  2 22 36.9803 +13 41 39.021  35.6540847  13.6941724  35.6540902  13.6941716   -0.0193    0.0031    0.0193 15 29 20.00    10.00 /U
2020 11 13.644850  2 22 36.9816 +13 41 39.030  35.6540899  13.6941751  35.6541131  13.6941794   -0.0813   -0.0156    0.0285 15 28 35.00    10.00 /U
2020 11 13.644329  2 22 36.9889 +13 41 39.090  35.6541205  13.6941918  35.6541361  13.6941873   -0.0543    0.0163    0.0200 15 27 50.00    10.00 /U
2020 11 13.643808  2 22 36.9974 +13 41 39.121  35.6541558  13.6942002  35.6541590  13.6941951   -0.0111    0.0184    0.0233 15 27  5.00    10.00 /U
2020 11 13.643287  2 22 37.0014 +13 41 39.117  35.6541723  13.6941991  35.6541820  13.6942029   -0.0338   -0.0138    0.0226 15 26 20.00    10.00 /U
2020 11 13.642766  2 22 37.0048 +13 41 39.106  35.6541868  13.6941962  35.6542049  13.6942108   -0.0632   -0.0524    0.0333 15 25 35.00    10.00 /U
2020 11 13.642245  2 22 37.0117 +13 41 39.209  35.6542156  13.6942248  35.6542278  13.6942186   -0.0429    0.0224    0.0148 15 24 50.00    10.00 /U
2020 11 13.641725  2 22 37.0163 +13 41 39.202  35.6542347  13.6942227  35.6542508  13.6942264   -0.0561   -0.0132    0.0276 15 24  5.00    10.00 /U
2020 11 13.641204  2 22 37.0243 +13 41 39.212  35.6542680  13.6942256  35.6542737  13.6942342   -0.0199   -0.0311    0.0167 15 23 20.00    10.00 /U
2020 11 13.640683  2 22 37.0306 +13 41 39.278  35.6542942  13.6942440  35.6542967  13.6942421   -0.0087    0.0068    0.0177 15 22 35.00    10.00 /U
2020 11 13.640162  2 22 37.0328 +13 41 39.283  35.6543035  13.6942452  35.6543196  13.6942499   -0.0565   -0.0168    0.0126 15 21 50.00    10.00 /U
2020 11 13.639641  2 22 37.0396 +13 41 39.343  35.6543315  13.6942618  35.6543426  13.6942577   -0.0385    0.0148    0.0200 15 21  5.00    10.00 /U
2020 11 13.639132  2 22 37.0471 +13 41 39.403  35.6543630  13.6942787  35.6543650  13.6942654   -0.0068    0.0479    0.0311 15 20 21.00    10.00 /U
2020 11 13.638611  2 22 37.0477 +13 41 39.377  35.6543656  13.6942714  35.6543879  13.6942732   -0.0782   -0.0063    0.0447 15 19 36.00    10.00 /U
2020 11 13.638090  2 22 37.0570 +13 41 39.467  35.6544040  13.6942964  35.6544109  13.6942810   -0.0240    0.0553    0.0165 15 18 51.00    10.00 /U
2020 11 13.637569  2 22 37.0626 +13 41 39.456  35.6544277  13.6942933  35.6544338  13.6942888   -0.0216    0.0162    0.0168 15 18  6.00    10.00 /U
2020 11 13.637049  2 22 37.0686 +13 41 39.505  35.6544526  13.6943070  35.6544568  13.6942966   -0.0146    0.0375    0.0327 15 17 21.00    10.00 /U
2020 11 13.636528  2 22 37.0741 +13 41 39.512  35.6544756  13.6943088  35.6544797  13.6943044   -0.0146    0.0157    0.0268 15 16 36.00    10.00 /U
2020 11 13.636007  2 22 37.0800 +13 41 39.564  35.6545002  13.6943234  35.6545027  13.6943123   -0.0086    0.0401    0.0183 15 15 51.00    10.00 /U
2020 11 13.635469  2 22 37.0827 +13 41 39.529  35.6545114  13.6943136  35.6545264  13.6943203   -0.0525   -0.0244    0.0398 15 15  4.50     5.00 /U
2020 11 13.635006  2 22 37.0946 +13 41 39.537  35.6545610  13.6943159  35.6545468  13.6943273    0.0497   -0.0411    0.0682 15 14 24.50     5.00 /U
2020 11 13.650046  2 22 36.9334 +13 41 38.780  35.6538890  13.6941056  35.6538843  13.6941012    0.0167    0.0160    0.0176 15 36  4.00    10.00 /U
2020 11 13.650567  2 22 36.9280 +13 41 38.752  35.6538666  13.6940978  35.6538613  13.6940933    0.0187    0.0162    0.0206 15 36 49.00    10.00 /U
2020 11 13.651088  2 22 36.9164 +13 41 38.683  35.6538185  13.6940786  35.6538384  13.6940855   -0.0694   -0.0248    0.0220 15 37 34.00    10.00 /U
2020 11 13.651609  2 22 36.9112 +13 41 38.602  35.6537966  13.6940561  35.6538154  13.6940776   -0.0660   -0.0773    0.0422 15 38 19.00    10.00 /U
2020 11 13.682303  2 22 36.5915 +13 41 37.034  35.6524647  13.6936205  35.6524645  13.6936122    0.0007    0.0297    0.0079 16 22 31.00    10.00 /U
2020 11 13.681782  2 22 36.5917 +13 41 37.053  35.6524656  13.6936257  35.6524874  13.6936202   -0.0765    0.0201    0.0155 16 21 46.00    10.00 /U
2020 11 13.681262  2 22 36.6016 +13 41 37.032  35.6525067  13.6936201  35.6525103  13.6936281   -0.0129   -0.0288    0.0124 16 21  1.00    10.00 /U
2020 11 13.680741  2 22 36.6068 +13 41 37.096  35.6525282  13.6936379  35.6525333  13.6936360   -0.0175    0.0067    0.0255 16 20 16.00    10.00 /U
2020 11 13.680220  2 22 36.6177 +13 41 37.110  35.6525738  13.6936417  35.6525562  13.6936440    0.0616   -0.0083    0.0279 16 19 31.00    10.00 /U
2020 11 13.679699  2 22 36.6160 +13 41 37.125  35.6525668  13.6936457  35.6525791  13.6936519   -0.0428   -0.0222    0.0235 16 18 46.00    10.00 /U
2020 11 13.679178  2 22 36.6233 +13 41 37.197  35.6525970  13.6936660  35.6526020  13.6936598   -0.0175    0.0221    0.0152 16 18  1.00    10.00 /U
2020 11 13.678657  2 22 36.6280 +13 41 37.189  35.6526167  13.6936636  35.6526249  13.6936678   -0.0285   -0.0151    0.0207 16 17 16.00    10.00 /U
2020 11 13.678137  2 22 36.6334 +13 41 37.186  35.6526390  13.6936628  35.6526478  13.6936757   -0.0308   -0.0465    0.0266 16 16 31.00    10.00 /U
2020 11 13.663056  2 22 36.7928 +13 41 38.079  35.6533032  13.6939110  35.6533114  13.6939046   -0.0287    0.0228    0.0147 15 54 48.00    10.00 /U
2020 11 13.662535  2 22 36.7984 +13 41 38.094  35.6533266  13.6939149  35.6533344  13.6939125   -0.0272    0.0087    0.0225 15 54  3.00    10.00 /U
2020 11 13.662014  2 22 36.8049 +13 41 38.110  35.6533537  13.6939193  35.6533573  13.6939204   -0.0127   -0.0039    0.0144 15 53 18.00    10.00 /U
2020 11 13.661493  2 22 36.8076 +13 41 38.137  35.6533652  13.6939270  35.6533802  13.6939283   -0.0527   -0.0047    0.0159 15 52 33.00    10.00 /U
2020 11 13.660972  2 22 36.8165 +13 41 38.164  35.6534021  13.6939345  35.6534032  13.6939362   -0.0035   -0.0060    0.0230 15 51 48.00    10.00 /U
2020 11 13.683345  2 22 36.5786 +13 41 36.976  35.6524110  13.6936043  35.6524187  13.6935964   -0.0269    0.0287    0.0209 16 24  1.00    10.00 /U
2020 11 13.660451  2 22 36.8251 +13 41 38.244  35.6534380  13.6939566  35.6534261  13.6939440    0.0415    0.0452    0.0418 15 51  3.00    10.00 /U
2020 11 13.658889  2 22 36.8382 +13 41 38.306  35.6534923  13.6939738  35.6534949  13.6939677   -0.0089    0.0219    0.0254 15 48 48.00    10.00 /U
2020 11 13.658368  2 22 36.8448 +13 41 38.332  35.6535199  13.6939810  35.6535178  13.6939756    0.0072    0.0197    0.0167 15 48  3.00    10.00 /U
2020 11 13.657847  2 22 36.8473 +13 41 38.383  35.6535305  13.6939953  35.6535407  13.6939834   -0.0359    0.0427    0.0195 15 47 18.00    10.00 /U
2020 11 13.657326  2 22 36.8543 +13 41 38.402  35.6535595  13.6940004  35.6535637  13.6939913   -0.0146    0.0329    0.0154 15 46 33.00    10.00 /U
2020 11 13.656806  2 22 36.8597 +13 41 38.349  35.6535819  13.6939858  35.6535866  13.6939992   -0.0164   -0.0480    0.0227 15 45 48.00    10.00 /U
2020 11 13.656285  2 22 36.8655 +13 41 38.415  35.6536062  13.6940041  35.6536095  13.6940070   -0.0118   -0.0107    0.0173 15 45  3.00    10.00 /U
2020 11 13.655764  2 22 36.8686 +13 41 38.443  35.6536191  13.6940119  35.6536325  13.6940149   -0.0467   -0.0110    0.0204 15 44 18.00    10.00 /U
2020 11 13.655243  2 22 36.8746 +13 41 38.479  35.6536442  13.6940220  35.6536554  13.6940228   -0.0391   -0.0027    0.0189 15 43 33.00    10.00 /U
2020 11 13.654734  2 22 36.8847 +13 41 38.526  35.6536864  13.6940350  35.6536778  13.6940305    0.0300    0.0163    0.0262 15 42 49.00    10.00 /U
2020 11 13.653692  2 22 36.8931 +13 41 38.561  35.6537215  13.6940446  35.6537237  13.6940462   -0.0078   -0.0055    0.0142 15 41 19.00    10.00 /U
2020 11 13.653171  2 22 36.8952 +13 41 38.589  35.6537300  13.6940524  35.6537466  13.6940540   -0.0580   -0.0060    0.0305 15 40 34.00    10.00 /U
2020 11 13.652650  2 22 36.9054 +13 41 38.658  35.6537726  13.6940715  35.6537696  13.6940619    0.0107    0.0347    0.0225 15 39 49.00    10.00 /U
2020 11 13.652130  2 22 36.9072 +13 41 38.636  35.6537798  13.6940657  35.6537925  13.6940698   -0.0443   -0.0147    0.0269 15 39  4.00    10.00 /U
2020 11 13.659931  2 22 36.8244 +13 41 38.186  35.6534349  13.6939407  35.6534490  13.6939519   -0.0495   -0.0405    0.0280 15 50 18.00    10.00 /U
2020 11 13.720330  2 22 36.1907 +13 41 34.913  35.6507945  13.6930315  35.6507942  13.6930289    0.0009    0.0093    0.0305 17 17 16.50    15.00 /U
2020 11 14.638316  2 22 26.9691 +13 40 38.790  35.6123713  13.6774417  35.6123681  13.6774436    0.0112   -0.0068    0.0184 15 19 10.50    15.00 /U
2020 11 14.704201  2 22 26.3192 +13 40 34.451  35.6096632  13.6762365  35.6096604  13.6762359    0.0098    0.0020    0.0250 16 54  3.00    10.00 /U
2020 11 14.704711  2 22 26.3122 +13 40 34.411  35.6096341  13.6762253  35.6096395  13.6762265   -0.0190   -0.0044    0.0114 16 54 47.00    10.00 /U
2020 11 14.705231  2 22 26.3059 +13 40 34.378  35.6096078  13.6762162  35.6096182  13.6762169   -0.0364   -0.0027    0.0141 16 55 32.00    10.00 /U
2020 11 14.705752  2 22 26.3018 +13 40 34.333  35.6095907  13.6762037  35.6095969  13.6762073   -0.0216   -0.0131    0.0207 16 56 17.00    10.00 /U
2020 11 14.706273  2 22 26.2967 +13 40 34.291  35.6095695  13.6761920  35.6095756  13.6761977   -0.0210   -0.0206    0.0173 16 57  2.00    10.00 /U
2020 11 14.706794  2 22 26.2932 +13 40 34.282  35.6095549  13.6761894  35.6095542  13.6761881    0.0025    0.0045    0.0180 16 57 47.00    10.00 /U
2020 11 14.707315  2 22 26.2860 +13 40 34.246  35.6095251  13.6761795  35.6095329  13.6761785   -0.0273    0.0035    0.0158 16 58 32.00    10.00 /U
2020 11 14.707836  2 22 26.2834 +13 40 34.204  35.6095142  13.6761677  35.6095116  13.6761689    0.0092   -0.0044    0.0173 16 59 17.00    10.00 /U
2020 11 14.708356  2 22 26.2755 +13 40 34.207  35.6094813  13.6761685  35.6094903  13.6761593   -0.0314    0.0330    0.0148 17  0  2.00    10.00 /U
2020 11 14.708877  2 22 26.2720 +13 40 34.092  35.6094665  13.6761367  35.6094689  13.6761497   -0.0084   -0.0470    0.0219 17  0 47.00    10.00 /U
2020 11 14.709398  2 22 26.2670 +13 40 34.097  35.6094460  13.6761380  35.6094476  13.6761401   -0.0056   -0.0075    0.0304 17  1 32.00    10.00 /U
2020 11 14.709919  2 22 26.2618 +13 40 34.080  35.6094242  13.6761335  35.6094263  13.6761305   -0.0073    0.0107    0.0212 17  2 17.00    10.00 /U
2020 11 14.710440  2 22 26.2544 +13 40 34.061  35.6093934  13.6761282  35.6094050  13.6761209   -0.0405    0.0262    0.0205 17  3  2.00    10.00 /U
2020 11 14.710961  2 22 26.2522 +13 40 34.018  35.6093840  13.6761160  35.6093837  13.6761113    0.0012    0.0170    0.0159 17  3 47.00    10.00 /U
2020 11 14.711481  2 22 26.2449 +13 40 33.942  35.6093537  13.6760949  35.6093623  13.6761017   -0.0301   -0.0245    0.0287 17  4 32.00    10.00 /U
2020 11 14.712002  2 22 26.2403 +13 40 33.913  35.6093344  13.6760870  35.6093410  13.6760921   -0.0232   -0.0182    0.0183 17  5 17.00    10.00 /U
2020 11 14.712512  2 22 26.2347 +13 40 33.864  35.6093111  13.6760733  35.6093202  13.6760827   -0.0319   -0.0340    0.0302 17  6  1.00    10.00 /U
2020 11 14.713032  2 22 26.2297 +13 40 33.883  35.6092905  13.6760786  35.6092989  13.6760731   -0.0292    0.0197    0.0112 17  6 46.00    10.00 /U
2020 11 14.713553  2 22 26.2268 +13 40 33.828  35.6092784  13.6760634  35.6092776  13.6760635    0.0029   -0.0002    0.0136 17  7 31.00    10.00 /U
2020 11 14.714074  2 22 26.2211 +13 40 33.782  35.6092548  13.6760505  35.6092563  13.6760539   -0.0052   -0.0121    0.0149 17  8 16.00    10.00 /U
2020 11 14.714595  2 22 26.2141 +13 40 33.754  35.6092254  13.6760428  35.6092350  13.6760442   -0.0336   -0.0052    0.0257 17  9  1.00    10.00 /U
2020 11 14.703681  2 22 26.3233 +13 40 34.497  35.6096803  13.6762492  35.6096817  13.6762455   -0.0048    0.0133    0.0155 16 53 18.00    10.00 /U
2020 11 14.715116  2 22 26.2112 +13 40 33.774  35.6092131  13.6760484  35.6092137  13.6760346   -0.0018    0.0495    0.0265 17  9 46.00    10.00 /U
2020 11 14.703160  2 22 26.3279 +13 40 34.548  35.6096996  13.6762633  35.6097031  13.6762551   -0.0121    0.0296    0.0169 16 52 33.00    10.00 /U
2020 11 14.702118  2 22 26.3382 +13 40 34.575  35.6097424  13.6762709  35.6097457  13.6762743   -0.0118   -0.0122    0.0193 16 51  3.00    10.00 /U
2020 11 14.691204  2 22 26.4454 +13 40 35.355  35.6101891  13.6764875  35.6101932  13.6764752   -0.0141    0.0444    0.0244 16 35 20.00    10.00 /U
2020 11 14.691713  2 22 26.4395 +13 40 35.262  35.6101647  13.6764618  35.6101723  13.6764658   -0.0264   -0.0144    0.0168 16 36  4.00    10.00 /U
2020 11 14.692234  2 22 26.4347 +13 40 35.288  35.6101447  13.6764688  35.6101509  13.6764562   -0.0218    0.0451    0.0352 16 36 49.00    10.00 /U
2020 11 14.692755  2 22 26.4302 +13 40 35.197  35.6101257  13.6764435  35.6101296  13.6764466   -0.0136   -0.0113    0.0236 16 37 34.00    10.00 /U
2020 11 14.693275  2 22 26.4240 +13 40 35.142  35.6101001  13.6764283  35.6101082  13.6764371   -0.0282   -0.0314    0.0197 16 38 19.00    10.00 /U
2020 11 14.693796  2 22 26.4183 +13 40 35.170  35.6100761  13.6764360  35.6100868  13.6764275   -0.0377    0.0308    0.0204 16 39  4.00    10.00 /U
2020 11 14.694317  2 22 26.4148 +13 40 35.094  35.6100615  13.6764150  35.6100655  13.6764179   -0.0139   -0.0104    0.0145 16 39 49.00    10.00 /U
2020 11 14.694838  2 22 26.4095 +13 40 35.103  35.6100395  13.6764176  35.6100441  13.6764083   -0.0161    0.0334    0.0259 16 40 34.00    10.00 /U
2020 11 14.695359  2 22 26.4035 +13 40 35.055  35.6100147  13.6764043  35.6100228  13.6763987   -0.0281    0.0200    0.0196 16 41 19.00    10.00 /U
2020 11 14.695880  2 22 26.3991 +13 40 35.041  35.6099962  13.6764002  35.6100014  13.6763892   -0.0181    0.0396    0.0190 16 42  4.00    10.00 /U
2020 11 14.696400  2 22 26.3942 +13 40 35.000  35.6099760  13.6763889  35.6099801  13.6763796   -0.0143    0.0336    0.0150 16 42 49.00    10.00 /U
2020 11 14.696921  2 22 26.3878 +13 40 34.940  35.6099491  13.6763722  35.6099587  13.6763700   -0.0336    0.0081    0.0156 16 43 34.00    10.00 /U
2020 11 14.697442  2 22 26.3844 +13 40 34.882  35.6099351  13.6763562  35.6099374  13.6763604   -0.0080   -0.0150    0.0187 16 44 19.00    10.00 /U
2020 11 14.697963  2 22 26.3785 +13 40 34.883  35.6099104  13.6763563  35.6099160  13.6763508   -0.0198    0.0199    0.0191 16 45  4.00    10.00 /U
2020 11 14.698484  2 22 26.3745 +13 40 34.832  35.6098938  13.6763423  35.6098947  13.6763412   -0.0030    0.0038    0.0124 16 45 49.00    10.00 /U
2020 11 14.698993  2 22 26.3686 +13 40 34.785  35.6098691  13.6763293  35.6098738  13.6763318   -0.0164   -0.0093    0.0159 16 46 33.00    10.00 /U
2020 11 14.699514  2 22 26.3650 +13 40 34.697  35.6098542  13.6763048  35.6098524  13.6763223    0.0062   -0.0627    0.0299 16 47 18.00    10.00 /U
2020 11 14.700035  2 22 26.3582 +13 40 34.733  35.6098258  13.6763148  35.6098311  13.6763127   -0.0185    0.0076    0.0240 16 48  3.00    10.00 /U
2020 11 14.700556  2 22 26.3532 +13 40 34.723  35.6098050  13.6763119  35.6098098  13.6763031   -0.0166    0.0318    0.0161 16 48 48.00    10.00 /U
2020 11 14.701076  2 22 26.3468 +13 40 34.658  35.6097783  13.6762940  35.6097884  13.6762935   -0.0353    0.0019    0.0228 16 49 33.00    10.00 /U
2020 11 14.701597  2 22 26.3420 +13 40 34.621  35.6097583  13.6762835  35.6097671  13.6762839   -0.0306   -0.0013    0.0131 16 50 18.00    10.00 /U
2020 11 14.702639  2 22 26.3330 +13 40 34.533  35.6097209  13.6762591  35.6097244  13.6762647   -0.0123   -0.0202    0.0156 16 51 48.00    10.00 /U
2020 11 14.690683  2 22 26.4490 +13 40 35.327  35.6102042  13.6764796  35.6102145  13.6764847   -0.0361   -0.0185    0.0302 16 34 35.00    10.00 /U
2020 11 14.715637  2 22 26.2063 +13 40 33.695  35.6091929  13.6760264  35.6091924  13.6760250    0.0018    0.0050    0.0168 17 10 31.00    10.00 /U
2020 11 14.716678  2 22 26.1948 +13 40 33.632  35.6091451  13.6760090  35.6091498  13.6760058   -0.0163    0.0116    0.0188 17 12  1.00    10.00 /U
2020 11 14.730197  2 22 26.0632 +13 40 32.691  35.6085968  13.6757475  35.6085974  13.6757560   -0.0022   -0.0305    0.0169 17 31 29.00    10.00 /U
2020 11 14.730718  2 22 26.0564 +13 40 32.707  35.6085685  13.6757519  35.6085762  13.6757463   -0.0268    0.0199    0.0252 17 32 14.00    10.00 /U
2020 11 14.731238  2 22 26.0531 +13 40 32.660  35.6085546  13.6757388  35.6085549  13.6757367   -0.0010    0.0077    0.0199 17 32 59.00    10.00 /U
2020 11 14.731759  2 22 26.0477 +13 40 32.622  35.6085322  13.6757282  35.6085336  13.6757271   -0.0051    0.0042    0.0254 17 33 44.00    10.00 /U
2020 11 14.732269  2 22 26.0419 +13 40 32.583  35.6085077  13.6757176  35.6085129  13.6757176   -0.0179   -0.0001    0.0245 17 34 28.00    10.00 /U
2020 11 14.732789  2 22 26.0361 +13 40 32.550  35.6084837  13.6757084  35.6084916  13.6757080   -0.0277    0.0016    0.0276 17 35 13.00    10.00 /U
2020 11 14.733831  2 22 26.0268 +13 40 32.519  35.6084452  13.6756996  35.6084491  13.6756887   -0.0136    0.0392    0.0264 17 36 43.00    10.00 /U
2020 11 14.734352  2 22 26.0229 +13 40 32.427  35.6084287  13.6756741  35.6084278  13.6756791    0.0031   -0.0180    0.0197 17 37 28.00    10.00 /U
2020 11 14.734873  2 22 26.0164 +13 40 32.384  35.6084015  13.6756622  35.6084066  13.6756694   -0.0179   -0.0260    0.0204 17 38 13.00    10.00 /U
2020 11 14.735394  2 22 26.0134 +13 40 32.337  35.6083894  13.6756491  35.6083854  13.6756598    0.0140   -0.0385    0.0259 17 38 58.00    10.00 /U
2020 11 14.735914  2 22 26.0081 +13 40 32.358  35.6083669  13.6756549  35.6083641  13.6756501    0.0097    0.0172    0.0177 17 39 43.00    10.00 /U
2020 11 14.736435  2 22 26.0016 +13 40 32.310  35.6083399  13.6756416  35.6083429  13.6756405   -0.0103    0.0041    0.0104 17 40 28.00    10.00 /U
2020 11 14.736956  2 22 25.9946 +13 40 32.254  35.6083106  13.6756261  35.6083216  13.6756309   -0.0385   -0.0170    0.0235 17 41 13.00    10.00 /U
2020 11 14.737477  2 22 25.9907 +13 40 32.252  35.6082946  13.6756256  35.6083004  13.6756212   -0.0203    0.0157    0.0248 17 41 58.00    10.00 /U
2020 11 14.737998  2 22 25.9850 +13 40 32.206  35.6082709  13.6756128  35.6082791  13.6756116   -0.0289    0.0044    0.0233 17 42 43.00    10.00 /U
2020 11 14.738507  2 22 25.9813 +13 40 32.153  35.6082554  13.6755981  35.6082584  13.6756021   -0.0104   -0.0145    0.0168 17 43 27.00    10.00 /U
2020 11 14.739028  2 22 25.9774 +13 40 32.127  35.6082393  13.6755909  35.6082371  13.6755925    0.0074   -0.0058    0.0247 17 44 12.00    10.00 /U
2020 11 14.740081  2 22 25.9643 +13 40 32.063  35.6081847  13.6755731  35.6081942  13.6755730   -0.0331    0.0005    0.0185 17 45 43.00    10.00 /U
2020 11 14.740590  2 22 25.9605 +13 40 32.038  35.6081686  13.6755662  35.6081735  13.6755636   -0.0170    0.0094    0.0164 17 46 27.00    10.00 /U
2020 11 14.729676  2 22 26.0679 +13 40 32.760  35.6086162  13.6757667  35.6086187  13.6757656   -0.0087    0.0039    0.0202 17 30 44.00    10.00 /U
2020 11 14.716157  2 22 26.2005 +13 40 33.681  35.6091688  13.6760225  35.6091711  13.6760154   -0.0078    0.0254    0.0126 17 11 16.00    10.00 /U
2020 11 14.729155  2 22 26.0735 +13 40 32.794  35.6086394  13.6757760  35.6086399  13.6757752   -0.0019    0.0028    0.0238 17 29 59.00    10.00 /U
2020 11 14.728113  2 22 26.0832 +13 40 32.884  35.6086801  13.6758012  35.6086825  13.6757945   -0.0081    0.0240    0.0345 17 28 29.00    10.00 /U
2020 11 14.717199  2 22 26.1887 +13 40 33.584  35.6091197  13.6759956  35.6091285  13.6759962   -0.0306   -0.0019    0.0138 17 12 46.00    10.00 /U
2020 11 14.717720  2 22 26.1850 +13 40 33.554  35.6091041  13.6759872  35.6091072  13.6759866   -0.0107    0.0023    0.0156 17 13 31.00    10.00 /U
2020 11 14.718241  2 22 26.1798 +13 40 33.459  35.6090824  13.6759610  35.6090859  13.6759769   -0.0123   -0.0575    0.0290 17 14 16.00    10.00 /U
2020 11 14.718762  2 22 26.1742 +13 40 33.464  35.6090593  13.6759623  35.6090646  13.6759673   -0.0183   -0.0179    0.0184 17 15  1.00    10.00 /U
2020 11 14.719282  2 22 26.1685 +13 40 33.417  35.6090356  13.6759493  35.6090433  13.6759577   -0.0270   -0.0302    0.0314 17 15 46.00    10.00 /U
2020 11 14.719792  2 22 26.1630 +13 40 33.420  35.6090127  13.6759500  35.6090225  13.6759483   -0.0343    0.0060    0.0154 17 16 30.00    10.00 /U
2020 11 14.720313  2 22 26.1595 +13 40 33.379  35.6089980  13.6759386  35.6090012  13.6759387   -0.0112   -0.0004    0.0273 17 17 15.00    10.00 /U
2020 11 14.720833  2 22 26.1554 +13 40 33.320  35.6089808  13.6759221  35.6089799  13.6759291    0.0032   -0.0249    0.0379 17 18  0.00    10.00 /U
2020 11 14.721354  2 22 26.1495 +13 40 33.304  35.6089562  13.6759179  35.6089586  13.6759194   -0.0083   -0.0057    0.0195 17 18 45.00    10.00 /U
2020 11 14.721875  2 22 26.1443 +13 40 33.270  35.6089347  13.6759084  35.6089373  13.6759098   -0.0090   -0.0052    0.0131 17 19 30.00    10.00 /U
2020 11 14.722396  2 22 26.1395 +13 40 33.252  35.6089144  13.6759033  35.6089160  13.6759002   -0.0056    0.0113    0.0133 17 20 15.00    10.00 /U
2020 11 14.722917  2 22 26.1341 +13 40 33.212  35.6088919  13.6758921  35.6088947  13.6758906   -0.0099    0.0056    0.0125 17 21  0.00    10.00 /U
2020 11 14.723437  2 22 26.1279 +13 40 33.209  35.6088661  13.6758913  35.6088735  13.6758809   -0.0257    0.0373    0.0287 17 21 45.00    10.00 /U
2020 11 14.723958  2 22 26.1217 +13 40 33.132  35.6088402  13.6758699  35.6088522  13.6758713   -0.0418   -0.0051    0.0154 17 22 30.00    10.00 /U
2020 11 14.724479  2 22 26.1203 +13 40 33.065  35.6088347  13.6758513  35.6088309  13.6758617    0.0132   -0.0373    0.0385 17 23 15.00    10.00 /U
2020 11 14.725000  2 22 26.1130 +13 40 33.076  35.6088040  13.6758544  35.6088096  13.6758521   -0.0197    0.0085    0.0204 17 24  0.00    10.00 /U
2020 11 14.725521  2 22 26.1091 +13 40 33.021  35.6087878  13.6758392  35.6087884  13.6758424   -0.0020   -0.0117    0.0219 17 24 45.00    10.00 /U
2020 11 14.726042  2 22 26.1038 +13 40 32.980  35.6087658  13.6758279  35.6087671  13.6758328   -0.0044   -0.0176    0.0306 17 25 30.00    10.00 /U
2020 11 14.726551  2 22 26.0973 +13 40 32.961  35.6087386  13.6758224  35.6087463  13.6758234   -0.0267   -0.0037    0.0233 17 26 14.00    10.00 /U
2020 11 14.727072  2 22 26.0932 +13 40 32.912  35.6087215  13.6758090  35.6087250  13.6758138   -0.0122   -0.0172    0.0191 17 26 59.00    10.00 /U
2020 11 14.727593  2 22 26.0865 +13 40 32.865  35.6086938  13.6757959  35.6087037  13.6758041   -0.0347   -0.0295    0.0231 17 27 44.00    10.00 /U
2020 11 14.728634  2 22 26.0770 +13 40 32.822  35.6086540  13.6757840  35.6086612  13.6757849   -0.0251   -0.0030    0.0153 17 29 14.00    10.00 /U
2020 11 14.741111  2 22 25.9560 +13 40 32.000  35.6081498  13.6755556  35.6081522  13.6755539   -0.0084    0.0062    0.0164 17 47 12.00    10.00 /U
2020 11 14.690162  2 22 26.4556 +13 40 35.380  35.6102317  13.6764943  35.6102359  13.6764943   -0.0148   -0.0000    0.0199 16 33 50.00    10.00 /U
2020 11 14.689120  2 22 26.4666 +13 40 35.463  35.6102777  13.6765175  35.6102786  13.6765135   -0.0033    0.0147    0.0188 16 32 20.00    10.00 /U
2020 11 14.651690  2 22 26.8346 +13 40 37.936  35.6118108  13.6772046  35.6118172  13.6771995   -0.0222    0.0183    0.0124 15 38 26.00    10.00 /U
2020 11 14.652211  2 22 26.8289 +13 40 37.892  35.6117872  13.6771923  35.6117958  13.6771900   -0.0298    0.0083    0.0308 15 39 11.00    10.00 /U
2020 11 14.652731  2 22 26.8245 +13 40 37.873  35.6117687  13.6771869  35.6117743  13.6771804   -0.0195    0.0234    0.0103 15 39 56.00    10.00 /U
2020 11 14.653252  2 22 26.8190 +13 40 37.839  35.6117458  13.6771774  35.6117529  13.6771709   -0.0247    0.0232    0.0135 15 40 41.00    10.00 /U
2020 11 14.653773  2 22 26.8161 +13 40 37.750  35.6117336  13.6771528  35.6117314  13.6771614    0.0077   -0.0309    0.0226 15 41 26.00    10.00 /U
2020 11 14.654294  2 22 26.8092 +13 40 37.766  35.6117049  13.6771573  35.6117100  13.6771519   -0.0179    0.0194    0.0108 15 42 11.00    10.00 /U
2020 11 14.654803  2 22 26.8033 +13 40 37.741  35.6116805  13.6771503  35.6116890  13.6771426   -0.0299    0.0278    0.0130 15 42 55.00    10.00 /U
2020 11 14.655324  2 22 26.7992 +13 40 37.666  35.6116634  13.6771294  35.6116676  13.6771331   -0.0145   -0.0131    0.0271 15 43 40.00    10.00 /U
2020 11 14.656366  2 22 26.7895 +13 40 37.586  35.6116228  13.6771072  35.6116247  13.6771140   -0.0068   -0.0245    0.0248 15 45 10.00    10.00 /U
2020 11 14.657407  2 22 26.7791 +13 40 37.533  35.6115798  13.6770926  35.6115818  13.6770950   -0.0072   -0.0087    0.0196 15 46 40.00    10.00 /U
2020 11 14.657928  2 22 26.7744 +13 40 37.507  35.6115600  13.6770853  35.6115604  13.6770854   -0.0013   -0.0006    0.0181 15 47 25.00    10.00 /U
2020 11 14.658449  2 22 26.7697 +13 40 37.457  35.6115404  13.6770714  35.6115390  13.6770759    0.0050   -0.0164    0.0147 15 48 10.00    10.00 /U
2020 11 14.658970  2 22 26.7626 +13 40 37.424  35.6115109  13.6770621  35.6115175  13.6770664   -0.0232   -0.0153    0.0077 15 48 55.00    10.00 /U
2020 11 14.659491  2 22 26.7598 +13 40 37.391  35.6114993  13.6770529  35.6114961  13.6770569    0.0111   -0.0141    0.0296 15 49 40.00    10.00 /U
2020 11 14.660012  2 22 26.7519 +13 40 37.362  35.6114664  13.6770449  35.6114747  13.6770473   -0.0291   -0.0088    0.0163 15 50 25.00    10.00 /U
2020 11 14.660521  2 22 26.7472 +13 40 37.356  35.6114466  13.6770434  35.6114537  13.6770380   -0.0251    0.0193    0.0214 15 51  9.00    10.00 /U
2020 11 14.661042  2 22 26.7429 +13 40 37.295  35.6114288  13.6770265  35.6114323  13.6770285   -0.0121   -0.0070    0.0129 15 51 54.00    10.00 /U
2020 11 14.661563  2 22 26.7370 +13 40 37.277  35.6114040  13.6770214  35.6114109  13.6770189   -0.0239    0.0088    0.0195 15 52 39.00    10.00 /U
2020 11 14.662083  2 22 26.7325 +13 40 37.245  35.6113852  13.6770126  35.6113894  13.6770094   -0.0148    0.0115    0.0238 15 53 24.00    10.00 /U
2020 11 14.662604  2 22 26.7276 +13 40 37.185  35.6113649  13.6769958  35.6113680  13.6769999   -0.0110   -0.0148    0.0180 15 54  9.00    10.00 /U
2020 11 14.651169  2 22 26.8387 +13 40 37.950  35.6118281  13.6772084  35.6118386  13.6772090   -0.0370   -0.0022    0.0177 15 37 41.00    10.00 /U
2020 11 14.663125  2 22 26.7230 +13 40 37.144  35.6113458  13.6769844  35.6113466  13.6769903   -0.0029   -0.0214    0.0168 15 54 54.00    10.00 /U
2020 11 14.650648  2 22 26.8434 +13 40 38.033  35.6118473  13.6772314  35.6118601  13.6772185   -0.0447    0.0462    0.0182 15 36 56.00    10.00 /U
2020 11 14.649606  2 22 26.8561 +13 40 38.042  35.6119006  13.6772339  35.6119030  13.6772375   -0.0084   -0.0133    0.0183 15 35 26.00    10.00 /U
2020 11 14.638692  2 22 26.9636 +13 40 38.767  35.6123484  13.6774354  35.6123526  13.6774367   -0.0148   -0.0047    0.0212 15 19 43.00    10.00 /U
2020 11 14.639213  2 22 26.9588 +13 40 38.745  35.6123283  13.6774292  35.6123312  13.6774272   -0.0098    0.0070    0.0306 15 20 28.00    10.00 /U
2020 11 14.639734  2 22 26.9522 +13 40 38.714  35.6123006  13.6774205  35.6123097  13.6774177   -0.0317    0.0100    0.0237 15 21 13.00    10.00 /U
2020 11 14.640243  2 22 26.9482 +13 40 38.643  35.6122840  13.6774009  35.6122887  13.6774084   -0.0164   -0.0271    0.0218 15 21 57.00    10.00 /U
2020 11 14.640775  2 22 26.9422 +13 40 38.626  35.6122591  13.6773960  35.6122668  13.6773987   -0.0268   -0.0098    0.0180 15 22 43.00    10.00 /U
2020 11 14.641296  2 22 26.9383 +13 40 38.609  35.6122431  13.6773914  35.6122453  13.6773892   -0.0076    0.0077    0.0185 15 23 28.00    10.00 /U
2020 11 14.641817  2 22 26.9323 +13 40 38.573  35.6122181  13.6773814  35.6122238  13.6773797   -0.0201    0.0061    0.0164 15 24 13.00    10.00 /U
2020 11 14.642326  2 22 26.9287 +13 40 38.527  35.6122027  13.6773685  35.6122029  13.6773704   -0.0004   -0.0070    0.0224 15 24 57.00    10.00 /U
2020 11 14.642847  2 22 26.9229 +13 40 38.490  35.6121786  13.6773583  35.6121814  13.6773609   -0.0096   -0.0093    0.0179 15 25 42.00    10.00 /U
2020 11 14.643368  2 22 26.9166 +13 40 38.461  35.6121524  13.6773503  35.6121599  13.6773514   -0.0262   -0.0039    0.0173 15 26 27.00    10.00 /U
2020 11 14.643889  2 22 26.9117 +13 40 38.439  35.6121323  13.6773443  35.6121385  13.6773419   -0.0217    0.0086    0.0209 15 27 12.00    10.00 /U
2020 11 14.644410  2 22 26.9071 +13 40 38.397  35.6121128  13.6773325  35.6121170  13.6773324   -0.0149    0.0004    0.0171 15 27 57.00    10.00 /U
2020 11 14.644931  2 22 26.9032 +13 40 38.357  35.6120968  13.6773214  35.6120956  13.6773229    0.0043   -0.0054    0.0125 15 28 42.00    10.00 /U
2020 11 14.645451  2 22 26.8965 +13 40 38.299  35.6120688  13.6773054  35.6120741  13.6773134   -0.0187   -0.0289    0.0186 15 29 27.00    10.00 /U
2020 11 14.645972  2 22 26.8918 +13 40 38.291  35.6120492  13.6773031  35.6120527  13.6773039   -0.0120   -0.0030    0.0189 15 30 12.00    10.00 /U
2020 11 14.646493  2 22 26.8867 +13 40 38.287  35.6120280  13.6773021  35.6120312  13.6772944   -0.0111    0.0277    0.0262 15 30 57.00    10.00 /U
2020 11 14.647014  2 22 26.8798 +13 40 38.200  35.6119992  13.6772779  35.6120098  13.6772849   -0.0370   -0.0252    0.0189 15 31 42.00    10.00 /U
2020 11 14.647535  2 22 26.8772 +13 40 38.181  35.6119884  13.6772724  35.6119883  13.6772754    0.0003   -0.0108    0.0305 15 32 27.00    10.00 /U
2020 11 14.648044  2 22 26.8693 +13 40 38.148  35.6119554  13.6772633  35.6119673  13.6772661   -0.0418   -0.0099    0.0276 15 33 11.00    10.00 /U
2020 11 14.648565  2 22 26.8667 +13 40 38.116  35.6119445  13.6772543  35.6119459  13.6772566   -0.0049   -0.0081    0.0338 15 33 56.00    10.00 /U
2020 11 14.649086  2 22 26.8614 +13 40 38.101  35.6119224  13.6772502  35.6119244  13.6772471   -0.0069    0.0113    0.0399 15 34 41.00    10.00 /U
2020 11 14.650127  2 22 26.8494 +13 40 38.039  35.6118723  13.6772332  35.6118815  13.6772280   -0.0322    0.0185    0.0123 15 36 11.00    10.00 /U
2020 11 14.689641  2 22 26.4585 +13 40 35.436  35.6102436  13.6765100  35.6102573  13.6765039   -0.0478    0.0221    0.0157 16 33  5.00    10.00 /U
2020 11 14.663646  2 22 26.7141 +13 40 37.075  35.6113087  13.6769652  35.6113252  13.6769808   -0.0575   -0.0561    0.0310 15 55 39.00    10.00 /U
2020 11 14.664687  2 22 26.7077 +13 40 37.035  35.6112819  13.6769540  35.6112823  13.6769617   -0.0014   -0.0277    0.0259 15 57  9.00    10.00 /U
2020 11 14.678206  2 22 26.5727 +13 40 36.181  35.6107194  13.6767168  35.6107267  13.6767139   -0.0254    0.0104    0.0293 16 16 37.00    10.00 /U
2020 11 14.678727  2 22 26.5685 +13 40 36.139  35.6107023  13.6767053  35.6107053  13.6767044   -0.0106    0.0033    0.0301 16 17 22.00    10.00 /U
2020 11 14.679248  2 22 26.5621 +13 40 36.095  35.6106756  13.6766932  35.6106839  13.6766948   -0.0290   -0.0060    0.0331 16 18  7.00    10.00 /U
2020 11 14.679757  2 22 26.5606 +13 40 36.049  35.6106690  13.6766803  35.6106630  13.6766855    0.0211   -0.0185    0.0224 16 18 51.00    10.00 /U
2020 11 14.680278  2 22 26.5526 +13 40 35.996  35.6106357  13.6766657  35.6106416  13.6766759   -0.0205   -0.0369    0.0179 16 19 36.00    10.00 /U
2020 11 14.680799  2 22 26.5472 +13 40 35.982  35.6106134  13.6766617  35.6106202  13.6766664   -0.0240   -0.0167    0.0278 16 20 21.00    10.00 /U
2020 11 14.681319  2 22 26.5432 +13 40 35.945  35.6105967  13.6766514  35.6105988  13.6766568   -0.0074   -0.0193    0.0253 16 21  6.00    10.00 /U
2020 11 14.681840  2 22 26.5349 +13 40 35.956  35.6105621  13.6766546  35.6105774  13.6766472   -0.0537    0.0264    0.0194 16 21 51.00    10.00 /U
2020 11 14.682361  2 22 26.5347 +13 40 35.871  35.6105613  13.6766309  35.6105561  13.6766377    0.0183   -0.0242    0.0167 16 22 36.00    10.00 /U
2020 11 14.682882  2 22 26.5255 +13 40 35.889  35.6105228  13.6766358  35.6105347  13.6766281   -0.0416    0.0276    0.0101 16 23 21.00    10.00 /U
2020 11 14.683403  2 22 26.5223 +13 40 35.858  35.6105095  13.6766271  35.6105133  13.6766185   -0.0132    0.0309    0.0141 16 24  6.00    10.00 /U
2020 11 14.683924  2 22 26.5193 +13 40 35.806  35.6104969  13.6766127  35.6104919  13.6766090    0.0174    0.0133    0.0124 16 24 51.00    10.00 /U
2020 11 14.684444  2 22 26.5122 +13 40 35.747  35.6104674  13.6765965  35.6104705  13.6765994   -0.0108   -0.0104    0.0179 16 25 36.00    10.00 /U
2020 11 14.684965  2 22 26.5064 +13 40 35.748  35.6104435  13.6765965  35.6104491  13.6765898   -0.0198    0.0241    0.0155 16 26 21.00    10.00 /U
2020 11 14.685486  2 22 26.5027 +13 40 35.684  35.6104277  13.6765790  35.6104278  13.6765803   -0.0001   -0.0045    0.0187 16 27  6.00    10.00 /U
2020 11 14.685995  2 22 26.4966 +13 40 35.682  35.6104025  13.6765785  35.6104069  13.6765709   -0.0151    0.0272    0.0235 16 27 50.00    10.00 /U
2020 11 14.686516  2 22 26.4907 +13 40 35.623  35.6103779  13.6765619  35.6103855  13.6765613   -0.0265    0.0019    0.0159 16 28 35.00    10.00 /U
2020 11 14.687037  2 22 26.4858 +13 40 35.564  35.6103573  13.6765456  35.6103641  13.6765518   -0.0237   -0.0220    0.0195 16 29 20.00    10.00 /U
2020 11 14.687558  2 22 26.4795 +13 40 35.557  35.6103314  13.6765436  35.6103427  13.6765422   -0.0397    0.0049    0.0319 16 30  5.00    10.00 /U
2020 11 14.688079  2 22 26.4756 +13 40 35.537  35.6103149  13.6765380  35.6103214  13.6765326   -0.0225    0.0193    0.0138 16 30 50.00    10.00 /U
2020 11 14.688600  2 22 26.4727 +13 40 35.505  35.6103029  13.6765291  35.6103000  13.6765230    0.0100    0.0219    0.0142 16 31 35.00    10.00 /U
2020 11 14.677685  2 22 26.5787 +13 40 36.211  35.6107445  13.6767254  35.6107481  13.6767235   -0.0124    0.0068    0.0374 16 15 52.00    10.00 /U
2020 11 14.664167  2 22 26.7108 +13 40 37.099  35.6112950  13.6769719  35.6113038  13.6769713   -0.0306    0.0022    0.0267 15 56 24.00    10.00 /U
2020 11 14.677164  2 22 26.5824 +13 40 36.263  35.6107599  13.6767397  35.6107695  13.6767330   -0.0334    0.0241    0.0187 16 15  7.00    10.00 /U
2020 11 14.676123  2 22 26.5947 +13 40 36.321  35.6108115  13.6767559  35.6108123  13.6767522   -0.0029    0.0134    0.0265 16 13 37.00    10.00 /U
2020 11 14.665208  2 22 26.7020 +13 40 37.047  35.6112582  13.6769574  35.6112609  13.6769522   -0.0096    0.0188    0.0117 15 57 54.00    10.00 /U
2020 11 14.665729  2 22 26.6976 +13 40 36.976  35.6112398  13.6769379  35.6112395  13.6769427    0.0011   -0.0172    0.0225 15 58 39.00    10.00 /U
2020 11 14.666250  2 22 26.6908 +13 40 36.978  35.6112118  13.6769383  35.6112181  13.6769331   -0.0219    0.0188    0.0152 15 59 24.00    10.00 /U
2020 11 14.666771  2 22 26.6856 +13 40 36.936  35.6111898  13.6769268  35.6111967  13.6769236   -0.0239    0.0116    0.0212 16  0  9.00    10.00 /U
2020 11 14.667280  2 22 26.6822 +13 40 36.933  35.6111758  13.6769257  35.6111757  13.6769143    0.0004    0.0414    0.0244 16  0 53.00    10.00 /U
2020 11 14.667801  2 22 26.6766 +13 40 36.847  35.6111523  13.6769020  35.6111543  13.6769047   -0.0069   -0.0097    0.0172 16  1 38.00    10.00 /U
2020 11 14.668322  2 22 26.6711 +13 40 36.820  35.6111296  13.6768944  35.6111329  13.6768952   -0.0113   -0.0028    0.0100 16  2 23.00    10.00 /U
2020 11 14.668843  2 22 26.6654 +13 40 36.793  35.6111060  13.6768869  35.6111115  13.6768856   -0.0192    0.0044    0.0144 16  3  8.00    10.00 /U
2020 11 14.669363  2 22 26.6602 +13 40 36.729  35.6110841  13.6768693  35.6110901  13.6768761   -0.0208   -0.0244    0.0236 16  3 53.00    10.00 /U
2020 11 14.669884  2 22 26.6564 +13 40 36.734  35.6110684  13.6768705  35.6110686  13.6768665   -0.0008    0.0144    0.0245 16  4 38.00    10.00 /U
2020 11 14.670405  2 22 26.6497 +13 40 36.668  35.6110404  13.6768522  35.6110472  13.6768570   -0.0239   -0.0173    0.0179 16  5 23.00    10.00 /U
2020 11 14.670926  2 22 26.6446 +13 40 36.649  35.6110191  13.6768471  35.6110258  13.6768475   -0.0237   -0.0014    0.0205 16  6  8.00    10.00 /U
2020 11 14.671447  2 22 26.6392 +13 40 36.596  35.6109967  13.6768321  35.6110044  13.6768379   -0.0271   -0.0210    0.0249 16  6 53.00    10.00 /U
2020 11 14.671968  2 22 26.6341 +13 40 36.549  35.6109754  13.6768191  35.6109830  13.6768284   -0.0268   -0.0334    0.0113 16  7 38.00    10.00 /U
2020 11 14.672488  2 22 26.6295 +13 40 36.538  35.6109562  13.6768161  35.6109616  13.6768188   -0.0191   -0.0096    0.0145 16  8 23.00    10.00 /U
2020 11 14.673009  2 22 26.6228 +13 40 36.484  35.6109283  13.6768011  35.6109402  13.6768093   -0.0418   -0.0293    0.0159 16  9  8.00    10.00 /U
2020 11 14.673519  2 22 26.6207 +13 40 36.480  35.6109194  13.6767999  35.6109193  13.6767999    0.0004   -0.0001    0.0134 16  9 52.00    10.00 /U
2020 11 14.674039  2 22 26.6137 +13 40 36.448  35.6108905  13.6767910  35.6108979  13.6767904   -0.0257    0.0022    0.0183 16 10 37.00    10.00 /U
2020 11 14.674560  2 22 26.6085 +13 40 36.415  35.6108688  13.6767819  35.6108765  13.6767808   -0.0267    0.0039    0.0214 16 11 22.00    10.00 /U
2020 11 14.675081  2 22 26.6029 +13 40 36.357  35.6108456  13.6767659  35.6108551  13.6767713   -0.0332   -0.0194    0.0183 16 12  7.00    10.00 /U
2020 11 14.675602  2 22 26.6007 +13 40 36.303  35.6108362  13.6767507  35.6108337  13.6767617    0.0089   -0.0395    0.0214 16 12 52.00    10.00 /U
2020 11 14.676644  2 22 26.5880 +13 40 36.308  35.6107835  13.6767522  35.6107909  13.6767426   -0.0259    0.0344    0.0134 16 14 22.00    10.00 /U
2020 11 14.741632  2 22 25.9493 +13 40 31.911  35.6081221  13.6755309  35.6081310  13.6755443   -0.0311   -0.0480    0.0318 17 47 57.00    10.00 /U
2020 11 15.628738  2 22 17.7950 +13 39 32.074  35.5741459  13.6589094  35.5741682  13.6589051   -0.0780    0.0155    0.0800 15  5 23.00    10.00 /U
2020 11 15.631863  2 22 17.7904 +13 39 31.526  35.5741266  13.6587573  35.5740513  13.6588469    0.2633   -0.3229    0.0710 15  9 53.00    10.00 /U
2020 11 15.631343  2 22 17.7891 +13 39 31.447  35.5741214  13.6587352  35.5740708  13.6588566    0.1771   -0.4371    0.0521 15  9  8.00    10.00 /U
2020 11 15.630822  2 22 17.7821 +13 39 31.864  35.5740920  13.6588510  35.5740903  13.6588663    0.0062   -0.0553    0.0500 15  8 23.00    10.00 /U
2020 11 15.630301  2 22 17.7839 +13 39 31.885  35.5740998  13.6588570  35.5741098  13.6588760   -0.0350   -0.0685    0.0553 15  7 38.00    10.00 /U
2020 11 15.629780  2 22 17.7823 +13 39 32.095  35.5740928  13.6589153  35.5741292  13.6588857   -0.1275    0.1065    0.0565 15  6 53.00    10.00 /U
2020 11 15.629259  2 22 17.7926 +13 39 32.040  35.5741358  13.6588999  35.5741487  13.6588954   -0.0452    0.0162    0.0451 15  6  8.00    10.00 /U
2020 11 16.626713  2 22  9.4095 +13 38 29.154  35.5392063  13.6414317  35.5392247  13.6414172   -0.0642    0.0522    0.0471 15  2 28.00    10.00 /U
2020 11 16.627234  2 22  9.3891 +13 38 29.209  35.5391211  13.6414469  35.5392068  13.6414089   -0.2997    0.1368    0.0378 15  3 13.00    10.00 /U
2020 11 16.627755  2 22  9.4031 +13 38 28.823  35.5391798  13.6413397  35.5391888  13.6414006   -0.0317   -0.2194    0.0211 15  3 58.00    10.00 /U
2020 11 16.628275  2 22  9.4042 +13 38 28.748  35.5391843  13.6413189  35.5391709  13.6413924    0.0466   -0.2644    0.0247 15  4 43.00    10.00 /U
2020 11 16.628796  2 22  9.3920 +13 38 28.981  35.5391335  13.6413836  35.5391530  13.6413841   -0.0685   -0.0017    0.0217 15  5 28.00    10.00 /U
2020 11 16.629317  2 22  9.3936 +13 38 29.166  35.5391402  13.6414349  35.5391351  13.6413758    0.0177    0.2130    0.0438 15  6 13.00    10.00 /U
2020 11 16.629838  2 22  9.4096 +13 38 28.824  35.5392065  13.6413400  35.5391172  13.6413675    0.3122   -0.0991    0.0320 15  6 58.00    10.00 /U
2020 11 18.589421  2 21 53.7974 +13 37  7.149  35.4741557  13.6186524  35.4741625  13.6186515   -0.0237    0.0032    0.0513 14  8 46.00    10.00 /U
2020 11 18.589942  2 21 53.7687 +13 37  7.374  35.4740361  13.6187149  35.4741443  13.6186476   -0.3783    0.2422    0.0543 14  9 31.00    10.00 /U
2020 11 18.590984  2 21 53.7862 +13 37  7.060  35.4741093  13.6186278  35.4741078  13.6186399    0.0051   -0.0435    0.0318 14 11  1.00    10.00 /U
2020 11 18.591505  2 21 53.7898 +13 37  7.095  35.4741242  13.6186376  35.4740896  13.6186360    0.1211    0.0056    0.0252 14 11 46.00    10.00 /U
2020 11 18.592025  2 21 53.7861 +13 37  7.110  35.4741086  13.6186417  35.4740714  13.6186322    0.1301    0.0344    0.0369 14 12 31.00    10.00 /U
2020 11 18.592546  2 21 53.7888 +13 37  7.180  35.4741201  13.6186610  35.4740532  13.6186283    0.2343    0.1178    0.0398 14 13 16.00    10.00 /U
2020 11 18.593067  2 21 53.7937 +13 37  6.990  35.4741404  13.6186084  35.4740349  13.6186245    0.3692   -0.0579    0.0380 14 14  1.00    10.00 /U
2020 11 18.594630  2 21 53.7839 +13 37  6.925  35.4740995  13.6185903  35.4739803  13.6186129    0.4172   -0.0812    0.0303 14 16 16.00    10.00 /U
2020 11 18.594109  2 21 53.7897 +13 37  6.937  35.4741240  13.6185936  35.4739985  13.6186167    0.4390   -0.0832    0.0301 14 15 31.00    10.00 /U
