2020 11 13.634543  2 22 37.8815 +13 40 56.073  35.6578398  13.6822426  35.6578448  13.6822422   -0.0174    0.0012    0.0625 15 13 44.50     5.00 /U
2020 11 13.699468  2 22 37.3798 +13 40 53.273  35.6557491  13.6814647  35.6557695  13.6814680   -0.0714   -0.0121    0.0298 16 47 14.00    10.00 /U
2020 11 13.698947  2 22 37.3876 +13 40 53.281  35.6557818  13.6814670  35.6557862  13.6814739   -0.0154   -0.0246    0.0313 16 46 29.00    10.00 /U
2020 11 13.698426  2 22 37.3922 +13 40 53.332  35.6558010  13.6814812  35.6558029  13.6814797   -0.0067    0.0053    0.0246 16 45 44.00    10.00 /U
2020 11 13.697905  2 22 37.3948 +13 40 53.301  35.6558118  13.6814724  35.6558196  13.6814855   -0.0270   -0.0473    0.0219 16 44 59.00    10.00 /U
2020 11 13.697384  2 22 37.3998 +13 40 53.332  35.6558326  13.6814811  35.6558363  13.6814914   -0.0127   -0.0371    0.0252 16 44 14.00    10.00 /U
2020 11 13.696863  2 22 37.4015 +13 40 53.325  35.6558398  13.6814793  35.6558530  13.6814972   -0.0461   -0.0646    0.0270 16 43 29.00    10.00 /U
2020 11 13.696343  2 22 37.4071 +13 40 53.359  35.6558628  13.6814887  35.6558697  13.6815031   -0.0238   -0.0520    0.0279 16 42 44.00    10.00 /U
2020 11 13.695822  2 22 37.4074 +13 40 53.394  35.6558641  13.6814983  35.6558863  13.6815090   -0.0780   -0.0382    0.0286 16 41 59.00    10.00 /U
2020 11 13.695301  2 22 37.4143 +13 40 53.427  35.6558930  13.6815075  35.6559030  13.6815148   -0.0351   -0.0262    0.0223 16 41 14.00    10.00 /U
2020 11 13.694780  2 22 37.4166 +13 40 53.423  35.6559026  13.6815065  35.6559197  13.6815207   -0.0598   -0.0511    0.0148 16 40 29.00    10.00 /U
2020 11 13.694259  2 22 37.4227 +13 40 53.485  35.6559281  13.6815237  35.6559364  13.6815266   -0.0291   -0.0103    0.0219 16 39 44.00    10.00 /U
2020 11 13.693750  2 22 37.4271 +13 40 53.496  35.6559461  13.6815266  35.6559527  13.6815323   -0.0231   -0.0206    0.0305 16 39  0.00    10.00 /U
2020 11 13.693229  2 22 37.4334 +13 40 53.491  35.6559725  13.6815252  35.6559694  13.6815382    0.0109   -0.0468    0.0296 16 38 15.00    10.00 /U
2020 11 13.692708  2 22 37.4360 +13 40 53.566  35.6559834  13.6815462  35.6559861  13.6815441   -0.0093    0.0074    0.0256 16 37 30.00    10.00 /U
2020 11 13.699988  2 22 37.3812 +13 40 53.265  35.6557552  13.6814624  35.6557528  13.6814622    0.0082    0.0007    0.0252 16 47 59.00    10.00 /U
2020 11 13.692187  2 22 37.4366 +13 40 53.566  35.6559858  13.6815462  35.6560028  13.6815500   -0.0591   -0.0137    0.0227 16 36 45.00    10.00 /U
2020 11 13.691146  2 22 37.4444 +13 40 53.574  35.6560184  13.6815485  35.6560361  13.6815619   -0.0620   -0.0482    0.0247 16 35 15.00    10.00 /U
2020 11 13.690625  2 22 37.4499 +13 40 53.610  35.6560413  13.6815584  35.6560528  13.6815678   -0.0403   -0.0337    0.0115 16 34 30.00    10.00 /U
2020 11 13.690104  2 22 37.4554 +13 40 53.628  35.6560641  13.6815632  35.6560695  13.6815737   -0.0189   -0.0379    0.0401 16 33 45.00    10.00 /U
2020 11 13.689583  2 22 37.4582 +13 40 53.684  35.6560758  13.6815788  35.6560862  13.6815797   -0.0363   -0.0031    0.0234 16 33  0.00    10.00 /U
2020 11 13.689063  2 22 37.4584 +13 40 53.670  35.6560766  13.6815749  35.6561028  13.6815856   -0.0918   -0.0385    0.0366 16 32 15.00    10.00 /U
2020 11 13.688542  2 22 37.4659 +13 40 53.664  35.6561078  13.6815734  35.6561195  13.6815916   -0.0409   -0.0653    0.0341 16 31 30.00    10.00 /U
2020 11 13.688021  2 22 37.4694 +13 40 53.747  35.6561226  13.6815963  35.6561362  13.6815975   -0.0474   -0.0045    0.0151 16 30 45.00    10.00 /U
2020 11 13.687500  2 22 37.4772 +13 40 53.738  35.6561552  13.6815939  35.6561529  13.6816035    0.0081   -0.0346    0.0464 16 30  0.00    10.00 /U
2020 11 13.686979  2 22 37.4750 +13 40 53.781  35.6561458  13.6816059  35.6561695  13.6816094   -0.0832   -0.0127    0.0208 16 29 15.00    10.00 /U
2020 11 13.686458  2 22 37.4820 +13 40 53.801  35.6561748  13.6816115  35.6561862  13.6816154   -0.0399   -0.0141    0.0119 16 28 30.00    10.00 /U
2020 11 13.685937  2 22 37.4857 +13 40 53.829  35.6561905  13.6816191  35.6562029  13.6816214   -0.0433   -0.0082    0.0132 16 27 45.00    10.00 /U
2020 11 13.685428  2 22 37.4914 +13 40 53.830  35.6562140  13.6816196  35.6562192  13.6816273   -0.0181   -0.0276    0.0266 16 27  1.00    10.00 /U
2020 11 13.684907  2 22 37.4939 +13 40 53.842  35.6562245  13.6816227  35.6562359  13.6816333   -0.0396   -0.0381    0.0196 16 26 16.00    10.00 /U
2020 11 13.683866  2 22 37.5037 +13 40 53.917  35.6562653  13.6816435  35.6562692  13.6816453   -0.0137   -0.0063    0.0206 16 24 46.00    10.00 /U
2020 11 13.691667  2 22 37.4433 +13 40 53.579  35.6560138  13.6815496  35.6560194  13.6815560   -0.0196   -0.0228    0.0222 16 36  0.00    10.00 /U
2020 11 13.700509  2 22 37.3738 +13 40 53.248  35.6557241  13.6814578  35.6557361  13.6814564   -0.0421    0.0052    0.0203 16 48 44.00    10.00 /U
2020 11 13.701030  2 22 37.3690 +13 40 53.217  35.6557042  13.6814490  35.6557194  13.6814506   -0.0534   -0.0056    0.0271 16 49 29.00    10.00 /U
2020 11 13.701551  2 22 37.3623 +13 40 53.179  35.6556764  13.6814386  35.6557027  13.6814448   -0.0920   -0.0222    0.0212 16 50 14.00    10.00 /U
2020 11 13.719172  2 22 37.2316 +13 40 52.514  35.6551317  13.6812538  35.6551373  13.6812521   -0.0199    0.0059    0.0216 17 15 36.50    15.00 /U
2020 11 13.718594  2 22 37.2361 +13 40 52.504  35.6551505  13.6812512  35.6551559  13.6812583   -0.0190   -0.0258    0.0235 17 14 46.50    15.00 /U
2020 11 13.718015  2 22 37.2373 +13 40 52.513  35.6551555  13.6812536  35.6551745  13.6812646   -0.0664   -0.0394    0.0300 17 13 56.50    15.00 /U
2020 11 13.717436  2 22 37.2432 +13 40 52.612  35.6551801  13.6812811  35.6551931  13.6812708   -0.0453    0.0370    0.0728 17 13  6.50    15.00 /U
2020 11 13.716858  2 22 37.2492 +13 40 52.635  35.6552049  13.6812874  35.6552117  13.6812770   -0.0237    0.0373    0.0351 17 12 16.50    15.00 /U
2020 11 13.716291  2 22 37.2514 +13 40 52.563  35.6552141  13.6812674  35.6552299  13.6812831   -0.0552   -0.0566    0.0223 17 11 27.50    15.00 /U
2020 11 13.715712  2 22 37.2561 +13 40 52.583  35.6552336  13.6812730  35.6552485  13.6812894   -0.0519   -0.0589    0.0275 17 10 37.50    15.00 /U
2020 11 13.715133  2 22 37.2597 +13 40 52.676  35.6552487  13.6812990  35.6552670  13.6812957   -0.0643    0.0121    0.0278 17  9 47.50    15.00 /U
2020 11 13.714554  2 22 37.2677 +13 40 52.658  35.6552821  13.6812940  35.6552856  13.6813019   -0.0123   -0.0287    0.0316 17  8 57.50    15.00 /U
2020 11 13.713976  2 22 37.2702 +13 40 52.682  35.6552925  13.6813007  35.6553042  13.6813082   -0.0408   -0.0271    0.0134 17  8  7.50    15.00 /U
2020 11 13.713397  2 22 37.2726 +13 40 52.636  35.6553024  13.6812877  35.6553228  13.6813145   -0.0712   -0.0965    0.0352 17  7 17.50    15.00 /U
2020 11 13.712818  2 22 37.2813 +13 40 52.747  35.6553389  13.6813187  35.6553413  13.6813208   -0.0084   -0.0075    0.0291 17  6 27.50    15.00 /U
2020 11 13.712240  2 22 37.2867 +13 40 52.741  35.6553611  13.6813168  35.6553599  13.6813271    0.0041   -0.0369    0.0287 17  5 37.50    15.00 /U
2020 11 13.711661  2 22 37.2887 +13 40 52.782  35.6553698  13.6813285  35.6553785  13.6813334   -0.0304   -0.0177    0.0482 17  4 47.50    15.00 /U
2020 11 13.710503  2 22 37.3000 +13 40 52.803  35.6554167  13.6813343  35.6554156  13.6813460    0.0037   -0.0422    0.0392 17  3  7.50    15.00 /U
2020 11 13.709925  2 22 37.2989 +13 40 52.788  35.6554122  13.6813299  35.6554342  13.6813524   -0.0769   -0.0807    0.0301 17  2 17.50    15.00 /U
2020 11 13.702072  2 22 37.3623 +13 40 53.173  35.6556762  13.6814369  35.6556860  13.6814390   -0.0345   -0.0076    0.0141 16 50 59.00    10.00 /U
2020 11 13.702402  2 22 37.3571 +13 40 53.120  35.6556546  13.6814222  35.6556755  13.6814353   -0.0730   -0.0474    0.0155 16 51 27.50    15.00 /U
2020 11 13.702980  2 22 37.3521 +13 40 53.113  35.6556339  13.6814203  35.6556569  13.6814289   -0.0804   -0.0311    0.0255 16 52 17.50    15.00 /U
2020 11 13.703559  2 22 37.3505 +13 40 53.143  35.6556269  13.6814287  35.6556383  13.6814225   -0.0400    0.0224    0.0170 16 53  7.50    15.00 /U
2020 11 13.704138  2 22 37.3469 +13 40 53.067  35.6556122  13.6814074  35.6556198  13.6814161   -0.0267   -0.0313    0.0140 16 53 57.50    15.00 /U
2020 11 13.704716  2 22 37.3411 +13 40 53.100  35.6555880  13.6814168  35.6556012  13.6814097   -0.0464    0.0256    0.0207 16 54 47.50    15.00 /U
2020 11 13.683345  2 22 37.5076 +13 40 53.924  35.6562818  13.6816454  35.6562859  13.6816513   -0.0143   -0.0210    0.0209 16 24  1.00    10.00 /U
2020 11 13.705295  2 22 37.3363 +13 40 53.028  35.6555679  13.6813967  35.6555827  13.6814033   -0.0518   -0.0236    0.0142 16 55 37.50    15.00 /U
2020 11 13.706453  2 22 37.3255 +13 40 52.975  35.6555228  13.6813818  35.6555456  13.6813905   -0.0796   -0.0311    0.0087 16 57 17.50    15.00 /U
2020 11 13.707031  2 22 37.3288 +13 40 52.991  35.6555368  13.6813863  35.6555270  13.6813841    0.0342    0.0080    0.0410 16 58  7.50    15.00 /U
2020 11 13.707610  2 22 37.3195 +13 40 52.924  35.6554979  13.6813678  35.6555084  13.6813777   -0.0369   -0.0359    0.0149 16 58 57.50    15.00 /U
2020 11 13.708767  2 22 37.3127 +13 40 52.941  35.6554697  13.6813726  35.6554713  13.6813650   -0.0055    0.0274    0.0577 17  0 37.50    15.00 /U
2020 11 13.709346  2 22 37.3078 +13 40 52.855  35.6554492  13.6813487  35.6554527  13.6813587   -0.0125   -0.0360    0.0489 17  1 27.50    15.00 /U
2020 11 13.705874  2 22 37.3360 +13 40 53.040  35.6555665  13.6814001  35.6555641  13.6813969    0.0082    0.0117    0.0280 16 56 27.50    15.00 /U
2020 11 13.682824  2 22 37.5125 +13 40 53.962  35.6563021  13.6816561  35.6563025  13.6816573   -0.0015   -0.0042    0.0250 16 23 16.00    10.00 /U
2020 11 13.682303  2 22 37.5164 +13 40 53.990  35.6563182  13.6816640  35.6563192  13.6816633   -0.0035    0.0026    0.0079 16 22 31.00    10.00 /U
2020 11 13.681782  2 22 37.5147 +13 40 53.995  35.6563113  13.6816653  35.6563359  13.6816693   -0.0859   -0.0147    0.0155 16 21 46.00    10.00 /U
2020 11 13.650567  2 22 37.7592 +13 40 55.356  35.6573302  13.6820433  35.6573335  13.6820422   -0.0116    0.0040    0.0206 15 36 49.00    10.00 /U
2020 11 13.650046  2 22 37.7643 +13 40 55.383  35.6573513  13.6820507  35.6573501  13.6820486    0.0040    0.0078    0.0176 15 36  4.00    10.00 /U
2020 11 13.649525  2 22 37.7674 +13 40 55.389  35.6573641  13.6820525  35.6573668  13.6820550   -0.0093   -0.0089    0.0166 15 35 19.00    10.00 /U
2020 11 13.649005  2 22 37.7682 +13 40 55.395  35.6573674  13.6820542  35.6573834  13.6820614   -0.0561   -0.0259    0.0221 15 34 34.00    10.00 /U
2020 11 13.648484  2 22 37.7735 +13 40 55.452  35.6573895  13.6820700  35.6574000  13.6820678   -0.0369    0.0077    0.0266 15 33 49.00    10.00 /U
2020 11 13.647975  2 22 37.7777 +13 40 55.484  35.6574069  13.6820789  35.6574163  13.6820741   -0.0327    0.0170    0.0285 15 33  5.00    10.00 /U
2020 11 13.647454  2 22 37.7810 +13 40 55.439  35.6574208  13.6820665  35.6574329  13.6820806   -0.0421   -0.0507    0.0265 15 32 20.00    10.00 /U
2020 11 13.646933  2 22 37.7844 +13 40 55.489  35.6574348  13.6820802  35.6574495  13.6820870   -0.0513   -0.0244    0.0176 15 31 35.00    10.00 /U
2020 11 13.646412  2 22 37.7898 +13 40 55.528  35.6574573  13.6820911  35.6574661  13.6820935   -0.0307   -0.0085    0.0156 15 30 50.00    10.00 /U
2020 11 13.645891  2 22 37.7939 +13 40 55.536  35.6574746  13.6820934  35.6574827  13.6820999   -0.0285   -0.0234    0.0230 15 30  5.00    10.00 /U
2020 11 13.645370  2 22 37.7973 +13 40 55.552  35.6574888  13.6820977  35.6574994  13.6821064   -0.0368   -0.0312    0.0193 15 29 20.00    10.00 /U
2020 11 13.644850  2 22 37.7987 +13 40 55.590  35.6574944  13.6821082  35.6575160  13.6821129   -0.0755   -0.0167    0.0285 15 28 35.00    10.00 /U
2020 11 13.644329  2 22 37.8058 +13 40 55.644  35.6575241  13.6821233  35.6575326  13.6821193   -0.0296    0.0143    0.0200 15 27 50.00    10.00 /U
2020 11 13.643808  2 22 37.8105 +13 40 55.648  35.6575435  13.6821245  35.6575492  13.6821258   -0.0199   -0.0048    0.0233 15 27  5.00    10.00 /U
2020 11 13.643287  2 22 37.8123 +13 40 55.686  35.6575511  13.6821351  35.6575658  13.6821323   -0.0517    0.0101    0.0226 15 26 20.00    10.00 /U
2020 11 13.642766  2 22 37.8156 +13 40 55.655  35.6575649  13.6821264  35.6575825  13.6821388   -0.0612   -0.0447    0.0333 15 25 35.00    10.00 /U
2020 11 13.642245  2 22 37.8211 +13 40 55.723  35.6575880  13.6821454  35.6575991  13.6821453   -0.0387    0.0003    0.0148 15 24 50.00    10.00 /U
2020 11 13.635469  2 22 37.8718 +13 40 56.014  35.6577993  13.6822260  35.6578152  13.6822305   -0.0557   -0.0161    0.0398 15 15  4.50     5.00 /U
2020 11 13.636007  2 22 37.8703 +13 40 56.030  35.6577927  13.6822307  35.6577981  13.6822237   -0.0187    0.0251    0.0183 15 15 51.00    10.00 /U
2020 11 13.636528  2 22 37.8659 +13 40 55.983  35.6577745  13.6822174  35.6577815  13.6822171   -0.0243    0.0010    0.0268 15 16 36.00    10.00 /U
2020 11 13.637049  2 22 37.8608 +13 40 55.989  35.6577533  13.6822191  35.6577648  13.6822106   -0.0403    0.0307    0.0327 15 17 21.00    10.00 /U
2020 11 13.637569  2 22 37.8583 +13 40 55.958  35.6577428  13.6822106  35.6577482  13.6822040   -0.0189    0.0238    0.0168 15 18  6.00    10.00 /U
2020 11 13.651088  2 22 37.7510 +13 40 55.298  35.6572958  13.6820273  35.6573169  13.6820357   -0.0737   -0.0304    0.0220 15 37 34.00    10.00 /U
2020 11 13.638090  2 22 37.8550 +13 40 55.935  35.6577293  13.6822041  35.6577316  13.6821974   -0.0081    0.0242    0.0165 15 18 51.00    10.00 /U
2020 11 13.639132  2 22 37.8468 +13 40 55.890  35.6576948  13.6821917  35.6576984  13.6821843   -0.0124    0.0264    0.0311 15 20 21.00    10.00 /U
2020 11 13.639641  2 22 37.8396 +13 40 55.888  35.6576648  13.6821910  35.6576822  13.6821779   -0.0606    0.0471    0.0200 15 21  5.00    10.00 /U
2020 11 13.640162  2 22 37.8373 +13 40 55.805  35.6576554  13.6821681  35.6576655  13.6821714   -0.0354   -0.0118    0.0126 15 21 50.00    10.00 /U
2020 11 13.640683  2 22 37.8337 +13 40 55.803  35.6576406  13.6821674  35.6576489  13.6821649   -0.0291    0.0092    0.0177 15 22 35.00    10.00 /U
2020 11 13.641204  2 22 37.8289 +13 40 55.749  35.6576206  13.6821524  35.6576323  13.6821584   -0.0410   -0.0213    0.0167 15 23 20.00    10.00 /U
2020 11 13.641725  2 22 37.8228 +13 40 55.703  35.6575952  13.6821397  35.6576157  13.6821518   -0.0718   -0.0437    0.0276 15 24  5.00    10.00 /U
2020 11 13.638611  2 22 37.8453 +13 40 55.873  35.6576889  13.6821869  35.6577150  13.6821909   -0.0914   -0.0145    0.0447 15 19 36.00    10.00 /U
2020 11 13.719751  2 22 37.2259 +13 40 52.429  35.6551081  13.6812303  35.6551188  13.6812459   -0.0372   -0.0563    0.0355 17 16 26.50    15.00 /U
2020 11 13.651609  2 22 37.7476 +13 40 55.252  35.6572817  13.6820143  35.6573002  13.6820294   -0.0648   -0.0540    0.0422 15 38 19.00    10.00 /U
2020 11 13.652650  2 22 37.7454 +13 40 55.293  35.6572723  13.6820257  35.6572670  13.6820166    0.0186    0.0330    0.0225 15 39 49.00    10.00 /U
2020 11 13.681262  2 22 37.5216 +13 40 53.997  35.6563401  13.6816658  35.6563525  13.6816754   -0.0436   -0.0345    0.0124 16 21  1.00    10.00 /U
2020 11 13.680741  2 22 37.5252 +13 40 54.013  35.6563549  13.6816702  35.6563692  13.6816814   -0.0499   -0.0403    0.0255 16 20 16.00    10.00 /U
2020 11 13.680220  2 22 37.5346 +13 40 54.030  35.6563942  13.6816750  35.6563859  13.6816875    0.0293   -0.0447    0.0280 16 19 31.00    10.00 /U
2020 11 13.679699  2 22 37.5334 +13 40 54.081  35.6563894  13.6816891  35.6564025  13.6816935   -0.0460   -0.0159    0.0235 16 18 46.00    10.00 /U
2020 11 13.679178  2 22 37.5373 +13 40 54.129  35.6564052  13.6817025  35.6564192  13.6816996   -0.0489    0.0103    0.0152 16 18  1.00    10.00 /U
2020 11 13.678657  2 22 37.5429 +13 40 54.102  35.6564289  13.6816951  35.6564359  13.6817057   -0.0244   -0.0380    0.0206 16 17 16.00    10.00 /U
2020 11 13.667211  2 22 37.6295 +13 40 54.567  35.6567894  13.6818243  35.6568019  13.6818406   -0.0435   -0.0587    0.0218 16  0 47.00    10.00 /U
2020 11 13.666690  2 22 37.6344 +13 40 54.655  35.6568100  13.6818487  35.6568185  13.6818468   -0.0298    0.0070    0.0241 16  0  2.00    10.00 /U
2020 11 13.665127  2 22 37.6474 +13 40 54.697  35.6568642  13.6818604  35.6568685  13.6818655   -0.0149   -0.0183    0.0191 15 57 47.00    10.00 /U
2020 11 13.664606  2 22 37.6479 +13 40 54.680  35.6568663  13.6818556  35.6568851  13.6818717   -0.0658   -0.0581    0.0278 15 57  2.00    10.00 /U
2020 11 13.664097  2 22 37.6531 +13 40 54.752  35.6568879  13.6818755  35.6569014  13.6818778   -0.0473   -0.0083    0.0185 15 56 18.00    10.00 /U
2020 11 13.663576  2 22 37.6571 +13 40 54.781  35.6569046  13.6818836  35.6569180  13.6818841   -0.0471   -0.0018    0.0269 15 55 33.00    10.00 /U
2020 11 13.663056  2 22 37.6599 +13 40 54.802  35.6569161  13.6818895  35.6569347  13.6818903   -0.0650   -0.0030    0.0147 15 54 48.00    10.00 /U
2020 11 13.662535  2 22 37.6648 +13 40 54.848  35.6569368  13.6819022  35.6569513  13.6818966   -0.0506    0.0203    0.0225 15 54  3.00    10.00 /U
2020 11 13.662014  2 22 37.6707 +13 40 54.800  35.6569613  13.6818888  35.6569679  13.6819028   -0.0232   -0.0504    0.0144 15 53 18.00    10.00 /U
2020 11 13.661493  2 22 37.6723 +13 40 54.851  35.6569677  13.6819031  35.6569846  13.6819091   -0.0589   -0.0215    0.0159 15 52 33.00    10.00 /U
2020 11 13.660972  2 22 37.6795 +13 40 54.879  35.6569980  13.6819107  35.6570012  13.6819154   -0.0111   -0.0168    0.0230 15 51 48.00    10.00 /U
2020 11 13.653171  2 22 37.7348 +13 40 55.213  35.6572284  13.6820036  35.6572504  13.6820102   -0.0770   -0.0237    0.0305 15 40 34.00    10.00 /U
2020 11 13.653692  2 22 37.7346 +13 40 55.202  35.6572275  13.6820006  35.6572337  13.6820038   -0.0218   -0.0115    0.0142 15 41 19.00    10.00 /U
2020 11 13.654734  2 22 37.7284 +13 40 55.153  35.6572017  13.6819870  35.6572005  13.6819911    0.0044   -0.0147    0.0262 15 42 49.00    10.00 /U
2020 11 13.655243  2 22 37.7198 +13 40 55.126  35.6571660  13.6819794  35.6571842  13.6819849   -0.0636   -0.0196    0.0189 15 43 33.00    10.00 /U
2020 11 13.655764  2 22 37.7179 +13 40 55.087  35.6571580  13.6819686  35.6571676  13.6819785   -0.0333   -0.0358    0.0204 15 44 18.00    10.00 /U
2020 11 13.656285  2 22 37.7141 +13 40 55.061  35.6571420  13.6819613  35.6571509  13.6819722   -0.0313   -0.0392    0.0173 15 45  3.00    10.00 /U
2020 11 13.652130  2 22 37.7441 +13 40 55.258  35.6572669  13.6820162  35.6572836  13.6820230   -0.0585   -0.0244    0.0269 15 39  4.00    10.00 /U
2020 11 13.656806  2 22 37.7086 +13 40 55.040  35.6571193  13.6819556  35.6571343  13.6819659   -0.0524   -0.0368    0.0227 15 45 48.00    10.00 /U
2020 11 13.657847  2 22 37.7019 +13 40 55.022  35.6570914  13.6819506  35.6571010  13.6819532   -0.0338   -0.0094    0.0195 15 47 18.00    10.00 /U
2020 11 13.658368  2 22 37.6994 +13 40 55.014  35.6570808  13.6819482  35.6570844  13.6819469   -0.0126    0.0049    0.0167 15 48  3.00    10.00 /U
2020 11 13.658889  2 22 37.6927 +13 40 55.005  35.6570529  13.6819460  35.6570678  13.6819406   -0.0522    0.0194    0.0254 15 48 48.00    10.00 /U
2020 11 13.659410  2 22 37.6954 +13 40 55.010  35.6570643  13.6819472  35.6570511  13.6819343    0.0460    0.0466    0.0456 15 49 33.00    10.00 /U
2020 11 13.659931  2 22 37.6844 +13 40 54.870  35.6570182  13.6819083  35.6570345  13.6819280   -0.0570   -0.0710    0.0280 15 50 18.00    10.00 /U
2020 11 13.660451  2 22 37.6864 +13 40 54.927  35.6570268  13.6819241  35.6570179  13.6819217    0.0313    0.0088    0.0418 15 51  3.00    10.00 /U
2020 11 13.657326  2 22 37.7069 +13 40 55.030  35.6571120  13.6819529  35.6571177  13.6819595   -0.0198   -0.0239    0.0155 15 46 33.00    10.00 /U
2020 11 13.720330  2 22 37.2219 +13 40 52.435  35.6550912  13.6812321  35.6551002  13.6812397   -0.0313   -0.0275    0.0305 17 17 16.50    15.00 /U
2020 11 14.638316  2 22 28.9283 +13 40 35.605  35.6205344  13.6765570  35.6205189  13.6765691    0.0541   -0.0434    0.0184 15 19 10.50    15.00 /U
2020 11 14.704201  2 22 28.1988 +13 40 33.878  35.6174950  13.6760773  35.6174881  13.6760832    0.0242   -0.0214    0.0250 16 54  3.00    10.00 /U
2020 11 14.704711  2 22 28.1924 +13 40 33.880  35.6174684  13.6760777  35.6174645  13.6760791    0.0135   -0.0050    0.0114 16 54 47.00    10.00 /U
2020 11 14.705231  2 22 28.1863 +13 40 33.865  35.6174431  13.6760736  35.6174404  13.6760749    0.0094   -0.0045    0.0141 16 55 32.00    10.00 /U
2020 11 14.705752  2 22 28.1795 +13 40 33.823  35.6174147  13.6760618  35.6174163  13.6760706   -0.0058   -0.0318    0.0207 16 56 17.00    10.00 /U
2020 11 14.706273  2 22 28.1751 +13 40 33.809  35.6173964  13.6760579  35.6173922  13.6760664    0.0145   -0.0305    0.0172 16 57  2.00    10.00 /U
2020 11 14.706794  2 22 28.1709 +13 40 33.810  35.6173787  13.6760585  35.6173681  13.6760622    0.0370   -0.0134    0.0180 16 57 47.00    10.00 /U
2020 11 14.707315  2 22 28.1634 +13 40 33.793  35.6173476  13.6760536  35.6173440  13.6760579    0.0125   -0.0157    0.0158 16 58 32.00    10.00 /U
2020 11 14.707836  2 22 28.1585 +13 40 33.785  35.6173273  13.6760514  35.6173199  13.6760537    0.0258   -0.0083    0.0173 16 59 17.00    10.00 /U
2020 11 14.708356  2 22 28.1509 +13 40 33.774  35.6172952  13.6760484  35.6172958  13.6760494   -0.0021   -0.0038    0.0148 17  0  2.00    10.00 /U
2020 11 14.708877  2 22 28.1455 +13 40 33.694  35.6172730  13.6760260  35.6172717  13.6760452    0.0046   -0.0690    0.0219 17  0 47.00    10.00 /U
2020 11 14.709398  2 22 28.1420 +13 40 33.721  35.6172584  13.6760337  35.6172476  13.6760409    0.0378   -0.0260    0.0304 17  1 32.00    10.00 /U
2020 11 14.709919  2 22 28.1337 +13 40 33.739  35.6172239  13.6760386  35.6172235  13.6760366    0.0014    0.0072    0.0212 17  2 17.00    10.00 /U
2020 11 14.710440  2 22 28.1280 +13 40 33.689  35.6172002  13.6760248  35.6171994  13.6760323    0.0028   -0.0273    0.0205 17  3  2.00    10.00 /U
2020 11 14.710961  2 22 28.1234 +13 40 33.708  35.6171807  13.6760301  35.6171753  13.6760280    0.0192    0.0074    0.0159 17  3 47.00    10.00 /U
2020 11 14.711481  2 22 28.1158 +13 40 33.656  35.6171492  13.6760156  35.6171512  13.6760238   -0.0069   -0.0293    0.0287 17  4 32.00    10.00 /U
2020 11 14.712002  2 22 28.1127 +13 40 33.605  35.6171361  13.6760014  35.6171270  13.6760195    0.0316   -0.0650    0.0183 17  5 17.00    10.00 /U
2020 11 14.712512  2 22 28.1040 +13 40 33.614  35.6170999  13.6760040  35.6171035  13.6760152   -0.0126   -0.0406    0.0302 17  6  1.00    10.00 /U
2020 11 14.713032  2 22 28.0984 +13 40 33.631  35.6170768  13.6760087  35.6170793  13.6760109   -0.0090   -0.0080    0.0112 17  6 46.00    10.00 /U
2020 11 14.713553  2 22 28.0940 +13 40 33.627  35.6170585  13.6760075  35.6170552  13.6760066    0.0116    0.0030    0.0136 17  7 31.00    10.00 /U
2020 11 14.714074  2 22 28.0902 +13 40 33.580  35.6170426  13.6759945  35.6170311  13.6760023    0.0402   -0.0282    0.0149 17  8 16.00    10.00 /U
2020 11 14.714595  2 22 28.0827 +13 40 33.547  35.6170112  13.6759853  35.6170070  13.6759980    0.0147   -0.0454    0.0257 17  9  1.00    10.00 /U
2020 11 14.703681  2 22 28.2041 +13 40 33.894  35.6175173  13.6760817  35.6175122  13.6760874    0.0179   -0.0206    0.0155 16 53 18.00    10.00 /U
2020 11 14.715116  2 22 28.0771 +13 40 33.570  35.6169879  13.6759917  35.6169828  13.6759936    0.0177   -0.0070    0.0265 17  9 46.00    10.00 /U
2020 11 14.703160  2 22 28.2094 +13 40 33.948  35.6175391  13.6760966  35.6175363  13.6760916    0.0099    0.0177    0.0169 16 52 33.00    10.00 /U
2020 11 14.702118  2 22 28.2210 +13 40 33.943  35.6175876  13.6760953  35.6175844  13.6761000    0.0110   -0.0169    0.0193 16 51  3.00    10.00 /U
2020 11 14.691204  2 22 28.3427 +13 40 34.302  35.6180947  13.6761951  35.6180888  13.6761865    0.0208    0.0311    0.0244 16 35 20.00    10.00 /U
2020 11 14.691713  2 22 28.3360 +13 40 34.234  35.6180665  13.6761760  35.6180653  13.6761825    0.0044   -0.0232    0.0168 16 36  4.00    10.00 /U
2020 11 14.692234  2 22 28.3311 +13 40 34.264  35.6180464  13.6761845  35.6180412  13.6761784    0.0182    0.0220    0.0352 16 36 49.00    10.00 /U
2020 11 14.692755  2 22 28.3266 +13 40 34.212  35.6180273  13.6761699  35.6180172  13.6761743    0.0355   -0.0158    0.0236 16 37 34.00    10.00 /U
2020 11 14.693275  2 22 28.3200 +13 40 34.153  35.6179999  13.6761537  35.6179931  13.6761702    0.0237   -0.0597    0.0197 16 38 19.00    10.00 /U
2020 11 14.693796  2 22 28.3127 +13 40 34.204  35.6179696  13.6761678  35.6179690  13.6761662    0.0019    0.0058    0.0204 16 39  4.00    10.00 /U
2020 11 14.694317  2 22 28.3080 +13 40 34.172  35.6179499  13.6761590  35.6179450  13.6761621    0.0173   -0.0111    0.0146 16 39 49.00    10.00 /U
2020 11 14.694838  2 22 28.3017 +13 40 34.192  35.6179237  13.6761645  35.6179209  13.6761580    0.0097    0.0235    0.0259 16 40 34.00    10.00 /U
2020 11 14.695359  2 22 28.2959 +13 40 34.150  35.6178997  13.6761528  35.6178969  13.6761539    0.0099   -0.0037    0.0196 16 41 19.00    10.00 /U
2020 11 14.695880  2 22 28.2902 +13 40 34.151  35.6178757  13.6761530  35.6178728  13.6761497    0.0100    0.0118    0.0190 16 42  4.00    10.00 /U
2020 11 14.696400  2 22 28.2842 +13 40 34.138  35.6178508  13.6761495  35.6178487  13.6761456    0.0072    0.0140    0.0150 16 42 49.00    10.00 /U
2020 11 14.696921  2 22 28.2782 +13 40 34.112  35.6178259  13.6761422  35.6178247  13.6761415    0.0042    0.0027    0.0156 16 43 34.00    10.00 /U
2020 11 14.697442  2 22 28.2746 +13 40 34.050  35.6178108  13.6761250  35.6178006  13.6761374    0.0356   -0.0447    0.0187 16 44 19.00    10.00 /U
2020 11 14.697963  2 22 28.2672 +13 40 34.067  35.6177800  13.6761298  35.6177765  13.6761332    0.0120   -0.0123    0.0191 16 45  4.00    10.00 /U
2020 11 14.698484  2 22 28.2620 +13 40 34.042  35.6177582  13.6761228  35.6177525  13.6761291    0.0202   -0.0226    0.0124 16 45 49.00    10.00 /U
2020 11 14.698993  2 22 28.2560 +13 40 34.028  35.6177334  13.6761189  35.6177289  13.6761250    0.0158   -0.0221    0.0159 16 46 33.00    10.00 /U
2020 11 14.699514  2 22 28.2516 +13 40 33.962  35.6177151  13.6761006  35.6177048  13.6761209    0.0361   -0.0730    0.0299 16 47 18.00    10.00 /U
2020 11 14.700035  2 22 28.2444 +13 40 33.995  35.6176849  13.6761097  35.6176808  13.6761167    0.0144   -0.0254    0.0240 16 48  3.00    10.00 /U
2020 11 14.700556  2 22 28.2390 +13 40 34.008  35.6176626  13.6761132  35.6176567  13.6761125    0.0205    0.0024    0.0161 16 48 48.00    10.00 /U
2020 11 14.701076  2 22 28.2299 +13 40 33.990  35.6176246  13.6761084  35.6176326  13.6761084   -0.0279    0.0002    0.0229 16 49 33.00    10.00 /U
2020 11 14.701597  2 22 28.2273 +13 40 33.966  35.6176138  13.6761017  35.6176085  13.6761042    0.0186   -0.0089    0.0131 16 50 18.00    10.00 /U
2020 11 14.702639  2 22 28.2163 +13 40 33.896  35.6175678  13.6760822  35.6175603  13.6760958    0.0260   -0.0492    0.0156 16 51 48.00    10.00 /U
2020 11 14.690683  2 22 28.3464 +13 40 34.253  35.6181100  13.6761813  35.6181128  13.6761905   -0.0100   -0.0331    0.0302 16 34 35.00    10.00 /U
2020 11 14.715637  2 22 28.0730 +13 40 33.524  35.6169708  13.6759790  35.6169587  13.6759893    0.0423   -0.0372    0.0168 17 10 31.00    10.00 /U
2020 11 14.716678  2 22 28.0594 +13 40 33.534  35.6169142  13.6759818  35.6169105  13.6759806    0.0130    0.0043    0.0188 17 12  1.00    10.00 /U
2020 11 14.730197  2 22 27.9103 +13 40 33.070  35.6162928  13.6758528  35.6162837  13.6758654    0.0317   -0.0454    0.0169 17 31 29.00    10.00 /U
2020 11 14.730718  2 22 27.9009 +13 40 33.089  35.6162537  13.6758580  35.6162595  13.6758609   -0.0203   -0.0104    0.0252 17 32 14.00    10.00 /U
2020 11 14.731238  2 22 27.8976 +13 40 33.057  35.6162400  13.6758493  35.6162354  13.6758564    0.0162   -0.0255    0.0199 17 32 59.00    10.00 /U
2020 11 14.731759  2 22 27.8922 +13 40 33.043  35.6162177  13.6758454  35.6162112  13.6758518    0.0227   -0.0232    0.0254 17 33 44.00    10.00 /U
2020 11 14.732269  2 22 27.8859 +13 40 33.030  35.6161914  13.6758417  35.6161876  13.6758474    0.0134   -0.0206    0.0245 17 34 28.00    10.00 /U
2020 11 14.732789  2 22 27.8785 +13 40 33.004  35.6161604  13.6758345  35.6161634  13.6758428   -0.0105   -0.0299    0.0276 17 35 13.00    10.00 /U
2020 11 14.733831  2 22 27.8673 +13 40 33.016  35.6161138  13.6758378  35.6161151  13.6758337   -0.0045    0.0146    0.0264 17 36 43.00    10.00 /U
2020 11 14.734352  2 22 27.8655 +13 40 32.936  35.6161061  13.6758155  35.6160909  13.6758292    0.0531   -0.0492    0.0196 17 37 28.00    10.00 /U
2020 11 14.734873  2 22 27.8567 +13 40 32.911  35.6160697  13.6758086  35.6160667  13.6758246    0.0104   -0.0578    0.0204 17 38 13.00    10.00 /U
2020 11 14.735394  2 22 27.8521 +13 40 32.922  35.6160503  13.6758116  35.6160425  13.6758200    0.0271   -0.0302    0.0259 17 38 58.00    10.00 /U
2020 11 14.735914  2 22 27.8471 +13 40 32.943  35.6160296  13.6758176  35.6160184  13.6758154    0.0393    0.0077    0.0177 17 39 43.00    10.00 /U
2020 11 14.736435  2 22 27.8398 +13 40 32.905  35.6159993  13.6758070  35.6159942  13.6758109    0.0181   -0.0137    0.0104 17 40 28.00    10.00 /U
2020 11 14.736956  2 22 27.8340 +13 40 32.854  35.6159748  13.6757927  35.6159700  13.6758063    0.0168   -0.0489    0.0235 17 41 13.00    10.00 /U
2020 11 14.737477  2 22 27.8281 +13 40 32.878  35.6159503  13.6757995  35.6159458  13.6758017    0.0157   -0.0079    0.0248 17 41 58.00    10.00 /U
2020 11 14.737998  2 22 27.8209 +13 40 32.851  35.6159204  13.6757919  35.6159216  13.6757970   -0.0042   -0.0184    0.0233 17 42 43.00    10.00 /U
2020 11 14.738507  2 22 27.8165 +13 40 32.804  35.6159022  13.6757789  35.6158980  13.6757925    0.0145   -0.0492    0.0167 17 43 27.00    10.00 /U
2020 11 14.739028  2 22 27.8124 +13 40 32.788  35.6158850  13.6757745  35.6158738  13.6757879    0.0391   -0.0484    0.0247 17 44 12.00    10.00 /U
2020 11 14.740081  2 22 27.7971 +13 40 32.776  35.6158213  13.6757711  35.6158249  13.6757786   -0.0126   -0.0270    0.0185 17 45 43.00    10.00 /U
2020 11 14.740590  2 22 27.7929 +13 40 32.759  35.6158039  13.6757665  35.6158013  13.6757740    0.0093   -0.0272    0.0164 17 46 27.00    10.00 /U
2020 11 14.729676  2 22 27.9147 +13 40 33.114  35.6163113  13.6758650  35.6163079  13.6758699    0.0122   -0.0177    0.0202 17 30 44.00    10.00 /U
2020 11 14.716157  2 22 28.0651 +13 40 33.530  35.6169381  13.6759805  35.6169346  13.6759849    0.0122   -0.0158    0.0126 17 11 16.00    10.00 /U
2020 11 14.729155  2 22 27.9220 +13 40 33.147  35.6163416  13.6758743  35.6163320  13.6758744    0.0335   -0.0005    0.0238 17 29 59.00    10.00 /U
2020 11 14.728113  2 22 27.9306 +13 40 33.163  35.6163775  13.6758785  35.6163803  13.6758834   -0.0098   -0.0177    0.0345 17 28 29.00    10.00 /U
2020 11 14.717199  2 22 28.0535 +13 40 33.483  35.6168896  13.6759674  35.6168863  13.6759762    0.0116   -0.0317    0.0138 17 12 46.00    10.00 /U
2020 11 14.717720  2 22 28.0486 +13 40 33.486  35.6168690  13.6759684  35.6168622  13.6759719    0.0239   -0.0123    0.0156 17 13 31.00    10.00 /U
2020 11 14.718241  2 22 28.0411 +13 40 33.435  35.6168377  13.6759541  35.6168381  13.6759675   -0.0012   -0.0482    0.0290 17 14 16.00    10.00 /U
2020 11 14.718762  2 22 28.0370 +13 40 33.431  35.6168210  13.6759530  35.6168139  13.6759631    0.0246   -0.0362    0.0183 17 15  1.00    10.00 /U
2020 11 14.719282  2 22 28.0308 +13 40 33.415  35.6167951  13.6759487  35.6167898  13.6759587    0.0185   -0.0362    0.0314 17 15 46.00    10.00 /U
2020 11 14.719792  2 22 28.0247 +13 40 33.438  35.6167695  13.6759551  35.6167662  13.6759544    0.0117    0.0025    0.0154 17 16 30.00    10.00 /U
2020 11 14.720313  2 22 28.0191 +13 40 33.402  35.6167461  13.6759449  35.6167420  13.6759500    0.0141   -0.0185    0.0273 17 17 15.00    10.00 /U
2020 11 14.720833  2 22 28.0134 +13 40 33.387  35.6167223  13.6759408  35.6167179  13.6759456    0.0154   -0.0173    0.0379 17 18  0.00    10.00 /U
2020 11 14.721354  2 22 28.0094 +13 40 33.360  35.6167058  13.6759334  35.6166938  13.6759412    0.0421   -0.0281    0.0195 17 18 45.00    10.00 /U
2020 11 14.721875  2 22 28.0027 +13 40 33.361  35.6166778  13.6759336  35.6166696  13.6759368    0.0286   -0.0116    0.0131 17 19 30.00    10.00 /U
2020 11 14.722396  2 22 27.9964 +13 40 33.361  35.6166518  13.6759336  35.6166455  13.6759324    0.0222    0.0044    0.0133 17 20 15.00    10.00 /U
2020 11 14.722917  2 22 27.9904 +13 40 33.311  35.6166266  13.6759198  35.6166213  13.6759279    0.0185   -0.0295    0.0125 17 21  0.00    10.00 /U
2020 11 14.723437  2 22 27.9836 +13 40 33.341  35.6165983  13.6759281  35.6165972  13.6759235    0.0039    0.0165    0.0287 17 21 45.00    10.00 /U
2020 11 14.723958  2 22 27.9772 +13 40 33.298  35.6165716  13.6759162  35.6165730  13.6759191   -0.0050   -0.0105    0.0154 17 22 30.00    10.00 /U
2020 11 14.724479  2 22 27.9735 +13 40 33.232  35.6165563  13.6758978  35.6165489  13.6759146    0.0260   -0.0607    0.0384 17 23 15.00    10.00 /U
2020 11 14.725000  2 22 27.9665 +13 40 33.253  35.6165269  13.6759035  35.6165247  13.6759102    0.0076   -0.0240    0.0204 17 24  0.00    10.00 /U
2020 11 14.725521  2 22 27.9605 +13 40 33.239  35.6165022  13.6758998  35.6165006  13.6759057    0.0056   -0.0213    0.0219 17 24 45.00    10.00 /U
2020 11 14.726042  2 22 27.9563 +13 40 33.234  35.6164846  13.6758983  35.6164764  13.6759012    0.0285   -0.0106    0.0306 17 25 30.00    10.00 /U
2020 11 14.726551  2 22 27.9479 +13 40 33.215  35.6164495  13.6758929  35.6164528  13.6758969   -0.0117   -0.0142    0.0234 17 26 14.00    10.00 /U
2020 11 14.727072  2 22 27.9433 +13 40 33.179  35.6164303  13.6758831  35.6164287  13.6758924    0.0056   -0.0335    0.0190 17 26 59.00    10.00 /U
2020 11 14.727593  2 22 27.9362 +13 40 33.156  35.6164008  13.6758768  35.6164045  13.6758879   -0.0128   -0.0401    0.0231 17 27 44.00    10.00 /U
2020 11 14.728634  2 22 27.9271 +13 40 33.142  35.6163630  13.6758727  35.6163562  13.6758789    0.0240   -0.0224    0.0153 17 29 14.00    10.00 /U
2020 11 14.741111  2 22 27.7875 +13 40 32.747  35.6157811  13.6757630  35.6157771  13.6757694    0.0139   -0.0229    0.0164 17 47 12.00    10.00 /U
2020 11 14.690162  2 22 28.3541 +13 40 34.269  35.6181420  13.6761858  35.6181369  13.6761946    0.0179   -0.0314    0.0199 16 33 50.00    10.00 /U
2020 11 14.689120  2 22 28.3664 +13 40 34.320  35.6181935  13.6761999  35.6181850  13.6762027    0.0299   -0.0098    0.0188 16 32 20.00    10.00 /U
2020 11 14.651690  2 22 28.7775 +13 40 35.316  35.6199064  13.6764767  35.6199069  13.6764778   -0.0018   -0.0042    0.0124 15 38 26.00    10.00 /U
2020 11 14.652211  2 22 28.7710 +13 40 35.287  35.6198793  13.6764685  35.6198830  13.6764742   -0.0130   -0.0206    0.0309 15 39 11.00    10.00 /U
2020 11 14.652731  2 22 28.7675 +13 40 35.284  35.6198647  13.6764677  35.6198591  13.6764706    0.0193   -0.0106    0.0104 15 39 56.00    10.00 /U
2020 11 14.653252  2 22 28.7611 +13 40 35.278  35.6198380  13.6764660  35.6198353  13.6764670    0.0094   -0.0033    0.0135 15 40 41.00    10.00 /U
2020 11 14.654294  2 22 28.7498 +13 40 35.257  35.6197909  13.6764601  35.6197875  13.6764597    0.0119    0.0017    0.0108 15 42 11.00    10.00 /U
2020 11 14.654803  2 22 28.7437 +13 40 35.247  35.6197653  13.6764576  35.6197641  13.6764561    0.0041    0.0054    0.0131 15 42 55.00    10.00 /U
2020 11 14.655324  2 22 28.7395 +13 40 35.193  35.6197481  13.6764424  35.6197403  13.6764524    0.0275   -0.0360    0.0271 15 43 40.00    10.00 /U
2020 11 14.656366  2 22 28.7276 +13 40 35.181  35.6196985  13.6764390  35.6196925  13.6764451    0.0211   -0.0218    0.0248 15 45 10.00    10.00 /U
2020 11 14.657407  2 22 28.7168 +13 40 35.152  35.6196532  13.6764311  35.6196447  13.6764377    0.0298   -0.0240    0.0196 15 46 40.00    10.00 /U
2020 11 14.657928  2 22 28.7109 +13 40 35.139  35.6196289  13.6764276  35.6196208  13.6764340    0.0283   -0.0231    0.0181 15 47 25.00    10.00 /U
2020 11 14.658449  2 22 28.7066 +13 40 35.134  35.6196108  13.6764262  35.6195969  13.6764303    0.0489   -0.0150    0.0147 15 48 10.00    10.00 /U
2020 11 14.658970  2 22 28.6990 +13 40 35.101  35.6195791  13.6764169  35.6195730  13.6764266    0.0215   -0.0353    0.0077 15 48 55.00    10.00 /U
2020 11 14.659491  2 22 28.6952 +13 40 35.088  35.6195633  13.6764132  35.6195491  13.6764229    0.0500   -0.0350    0.0296 15 49 40.00    10.00 /U
2020 11 14.660012  2 22 28.6859 +13 40 35.072  35.6195244  13.6764089  35.6195251  13.6764192   -0.0025   -0.0372    0.0163 15 50 25.00    10.00 /U
2020 11 14.660521  2 22 28.6814 +13 40 35.082  35.6195060  13.6764117  35.6195018  13.6764156    0.0148   -0.0141    0.0214 15 51  9.00    10.00 /U
2020 11 14.661042  2 22 28.6756 +13 40 35.068  35.6194815  13.6764079  35.6194778  13.6764119    0.0129   -0.0144    0.0129 15 51 54.00    10.00 /U
2020 11 14.661563  2 22 28.6706 +13 40 35.056  35.6194607  13.6764045  35.6194539  13.6764081    0.0238   -0.0130    0.0195 15 52 39.00    10.00 /U
2020 11 14.662083  2 22 28.6651 +13 40 35.051  35.6194380  13.6764031  35.6194300  13.6764044    0.0281   -0.0047    0.0238 15 53 24.00    10.00 /U
2020 11 14.662604  2 22 28.6591 +13 40 35.022  35.6194130  13.6763949  35.6194061  13.6764007    0.0243   -0.0209    0.0180 15 54  9.00    10.00 /U
2020 11 14.651169  2 22 28.7855 +13 40 35.321  35.6199397  13.6764779  35.6199308  13.6764815    0.0313   -0.0127    0.0177 15 37 41.00    10.00 /U
2020 11 14.663125  2 22 28.6533 +13 40 34.993  35.6193888  13.6763869  35.6193821  13.6763969    0.0232   -0.0360    0.0168 15 54 54.00    10.00 /U
2020 11 14.650648  2 22 28.7900 +13 40 35.348  35.6199585  13.6764856  35.6199546  13.6764851    0.0134    0.0020    0.0182 15 36 56.00    10.00 /U
2020 11 14.649606  2 22 28.8023 +13 40 35.353  35.6200095  13.6764870  35.6200024  13.6764923    0.0249   -0.0190    0.0183 15 35 26.00    10.00 /U
2020 11 14.638692  2 22 28.9229 +13 40 35.622  35.6205120  13.6765616  35.6205018  13.6765666    0.0358   -0.0177    0.0211 15 19 43.00    10.00 /U
2020 11 14.639213  2 22 28.9163 +13 40 35.595  35.6204845  13.6765541  35.6204780  13.6765631    0.0230   -0.0324    0.0306 15 20 28.00    10.00 /U
2020 11 14.639734  2 22 28.9098 +13 40 35.595  35.6204576  13.6765541  35.6204542  13.6765596    0.0120   -0.0196    0.0237 15 21 13.00    10.00 /U
2020 11 14.640243  2 22 28.9045 +13 40 35.555  35.6204353  13.6765432  35.6204309  13.6765562    0.0157   -0.0467    0.0218 15 21 57.00    10.00 /U
2020 11 14.640775  2 22 28.8992 +13 40 35.554  35.6204134  13.6765428  35.6204065  13.6765526    0.0239   -0.0353    0.0180 15 22 43.00    10.00 /U
2020 11 14.641296  2 22 28.8952 +13 40 35.535  35.6203966  13.6765375  35.6203827  13.6765491    0.0484   -0.0415    0.0185 15 23 28.00    10.00 /U
2020 11 14.641817  2 22 28.8885 +13 40 35.529  35.6203686  13.6765359  35.6203589  13.6765455    0.0339   -0.0347    0.0163 15 24 13.00    10.00 /U
2020 11 14.642326  2 22 28.8843 +13 40 35.529  35.6203513  13.6765358  35.6203356  13.6765421    0.0549   -0.0228    0.0224 15 24 57.00    10.00 /U
2020 11 14.643368  2 22 28.8696 +13 40 35.488  35.6202902  13.6765243  35.6202880  13.6765350    0.0077   -0.0386    0.0173 15 26 27.00    10.00 /U
2020 11 14.643889  2 22 28.8651 +13 40 35.497  35.6202713  13.6765271  35.6202641  13.6765315    0.0251   -0.0160    0.0209 15 27 12.00    10.00 /U
2020 11 14.644410  2 22 28.8593 +13 40 35.467  35.6202470  13.6765187  35.6202403  13.6765280    0.0233   -0.0333    0.0171 15 27 57.00    10.00 /U
2020 11 14.644931  2 22 28.8544 +13 40 35.476  35.6202265  13.6765210  35.6202165  13.6765244    0.0353   -0.0123    0.0125 15 28 42.00    10.00 /U
2020 11 14.645451  2 22 28.8474 +13 40 35.432  35.6201974  13.6765088  35.6201926  13.6765209    0.0166   -0.0433    0.0186 15 29 27.00    10.00 /U
2020 11 14.645972  2 22 28.8427 +13 40 35.436  35.6201778  13.6765099  35.6201688  13.6765173    0.0316   -0.0265    0.0189 15 30 12.00    10.00 /U
2020 11 14.646493  2 22 28.8366 +13 40 35.442  35.6201524  13.6765116  35.6201449  13.6765137    0.0260   -0.0076    0.0262 15 30 57.00    10.00 /U
2020 11 14.647014  2 22 28.8289 +13 40 35.378  35.6201206  13.6764940  35.6201211  13.6765102   -0.0017   -0.0581    0.0189 15 31 42.00    10.00 /U
2020 11 14.647535  2 22 28.8258 +13 40 35.396  35.6201076  13.6764988  35.6200973  13.6765066    0.0362   -0.0280    0.0305 15 32 27.00    10.00 /U
2020 11 14.648044  2 22 28.8185 +13 40 35.386  35.6200770  13.6764960  35.6200739  13.6765031    0.0108   -0.0254    0.0276 15 33 11.00    10.00 /U
2020 11 14.648565  2 22 28.8146 +13 40 35.342  35.6200608  13.6764839  35.6200501  13.6764995    0.0375   -0.0563    0.0338 15 33 56.00    10.00 /U
2020 11 14.649086  2 22 28.8085 +13 40 35.366  35.6200355  13.6764906  35.6200262  13.6764959    0.0324   -0.0190    0.0399 15 34 41.00    10.00 /U
2020 11 14.650127  2 22 28.7953 +13 40 35.366  35.6199805  13.6764905  35.6199785  13.6764887    0.0069    0.0064    0.0123 15 36 11.00    10.00 /U
2020 11 14.689641  2 22 28.3587 +13 40 34.330  35.6181614  13.6762027  35.6181609  13.6761986    0.0017    0.0146    0.0157 16 33  5.00    10.00 /U
2020 11 14.663646  2 22 28.6471 +13 40 34.937  35.6193629  13.6763715  35.6193582  13.6763932    0.0165   -0.0780    0.0310 15 55 39.00    10.00 /U
2020 11 14.664687  2 22 28.6385 +13 40 34.930  35.6193271  13.6763694  35.6193103  13.6763857    0.0587   -0.0584    0.0259 15 57  9.00    10.00 /U
2020 11 14.678206  2 22 28.4873 +13 40 34.601  35.6186970  13.6762780  35.6186883  13.6762860    0.0305   -0.0289    0.0293 16 16 37.00    10.00 /U
2020 11 14.678727  2 22 28.4813 +13 40 34.584  35.6186722  13.6762733  35.6186643  13.6762821    0.0277   -0.0317    0.0301 16 17 22.00    10.00 /U
2020 11 14.679248  2 22 28.4739 +13 40 34.571  35.6186412  13.6762697  35.6186403  13.6762781    0.0032   -0.0303    0.0331 16 18  7.00    10.00 /U
2020 11 14.680278  2 22 28.4651 +13 40 34.528  35.6186046  13.6762577  35.6185928  13.6762704    0.0411   -0.0455    0.0179 16 19 36.00    10.00 /U
2020 11 14.680799  2 22 28.4586 +13 40 34.502  35.6185775  13.6762506  35.6185688  13.6762664    0.0306   -0.0571    0.0278 16 20 21.00    10.00 /U
2020 11 14.681319  2 22 28.4518 +13 40 34.524  35.6185493  13.6762567  35.6185448  13.6762625    0.0159   -0.0207    0.0253 16 21  6.00    10.00 /U
2020 11 14.681840  2 22 28.4442 +13 40 34.514  35.6185176  13.6762538  35.6185208  13.6762585   -0.0113   -0.0169    0.0194 16 21 51.00    10.00 /U
2020 11 14.682361  2 22 28.4429 +13 40 34.487  35.6185121  13.6762465  35.6184968  13.6762546    0.0535   -0.0292    0.0167 16 22 36.00    10.00 /U
2020 11 14.682882  2 22 28.4329 +13 40 34.492  35.6184703  13.6762477  35.6184728  13.6762506   -0.0087   -0.0105    0.0101 16 23 21.00    10.00 /U
2020 11 14.683403  2 22 28.4287 +13 40 34.490  35.6184530  13.6762472  35.6184487  13.6762466    0.0149    0.0022    0.0141 16 24  6.00    10.00 /U
2020 11 14.683924  2 22 28.4242 +13 40 34.463  35.6184343  13.6762398  35.6184247  13.6762427    0.0334   -0.0104    0.0124 16 24 51.00    10.00 /U
2020 11 14.684444  2 22 28.4176 +13 40 34.421  35.6184065  13.6762281  35.6184007  13.6762387    0.0203   -0.0381    0.0179 16 25 36.00    10.00 /U
2020 11 14.684965  2 22 28.4114 +13 40 34.443  35.6183807  13.6762342  35.6183767  13.6762347    0.0140   -0.0016    0.0155 16 26 21.00    10.00 /U
2020 11 14.685486  2 22 28.4073 +13 40 34.406  35.6183638  13.6762238  35.6183526  13.6762307    0.0391   -0.0247    0.0187 16 27  6.00    10.00 /U
2020 11 14.685995  2 22 28.4001 +13 40 34.402  35.6183336  13.6762228  35.6183292  13.6762268    0.0157   -0.0144    0.0235 16 27 50.00    10.00 /U
2020 11 14.686516  2 22 28.3932 +13 40 34.394  35.6183051  13.6762207  35.6183051  13.6762228   -0.0001   -0.0076    0.0159 16 28 35.00    10.00 /U
2020 11 14.687037  2 22 28.3885 +13 40 34.342  35.6182853  13.6762062  35.6182811  13.6762188    0.0146   -0.0452    0.0195 16 29 20.00    10.00 /U
2020 11 14.687558  2 22 28.3816 +13 40 34.336  35.6182568  13.6762044  35.6182571  13.6762147   -0.0008   -0.0372    0.0319 16 30  5.00    10.00 /U
2020 11 14.688079  2 22 28.3771 +13 40 34.337  35.6182379  13.6762046  35.6182330  13.6762107    0.0172   -0.0221    0.0138 16 30 50.00    10.00 /U
2020 11 14.688600  2 22 28.3717 +13 40 34.317  35.6182153  13.6761992  35.6182090  13.6762067    0.0222   -0.0269    0.0142 16 31 35.00    10.00 /U
2020 11 14.677685  2 22 28.4921 +13 40 34.628  35.6187169  13.6762854  35.6187123  13.6762899    0.0163   -0.0161    0.0374 16 15 52.00    10.00 /U
2020 11 14.664167  2 22 28.6410 +13 40 34.982  35.6193375  13.6763839  35.6193343  13.6763894    0.0113   -0.0197    0.0267 15 56 24.00    10.00 /U
2020 11 14.677164  2 22 28.4977 +13 40 34.663  35.6187402  13.6762953  35.6187363  13.6762938    0.0139    0.0055    0.0187 16 15  7.00    10.00 /U
2020 11 14.676123  2 22 28.5108 +13 40 34.663  35.6187951  13.6762952  35.6187842  13.6763016    0.0380   -0.0230    0.0265 16 13 37.00    10.00 /U
2020 11 14.665208  2 22 28.6304 +13 40 34.949  35.6192932  13.6763748  35.6192864  13.6763819    0.0237   -0.0253    0.0117 15 57 54.00    10.00 /U
2020 11 14.665729  2 22 28.6260 +13 40 34.913  35.6192750  13.6763647  35.6192625  13.6763781    0.0437   -0.0482    0.0225 15 58 39.00    10.00 /U
2020 11 14.666250  2 22 28.6187 +13 40 34.932  35.6192446  13.6763701  35.6192385  13.6763743    0.0213   -0.0153    0.0152 15 59 24.00    10.00 /U
2020 11 14.666771  2 22 28.6127 +13 40 34.945  35.6192197  13.6763737  35.6192146  13.6763705    0.0178    0.0114    0.0212 16  0  9.00    10.00 /U
2020 11 14.667280  2 22 28.6084 +13 40 34.928  35.6192015  13.6763690  35.6191912  13.6763668    0.0362    0.0077    0.0244 16  0 53.00    10.00 /U
2020 11 14.667801  2 22 28.6029 +13 40 34.880  35.6191786  13.6763555  35.6191672  13.6763630    0.0398   -0.0271    0.0172 16  1 38.00    10.00 /U
2020 11 14.668322  2 22 28.5959 +13 40 34.877  35.6191494  13.6763548  35.6191433  13.6763592    0.0214   -0.0161    0.0100 16  2 23.00    10.00 /U
2020 11 14.668843  2 22 28.5890 +13 40 34.856  35.6191210  13.6763489  35.6191193  13.6763554    0.0060   -0.0237    0.0144 16  3  8.00    10.00 /U
2020 11 14.669363  2 22 28.5845 +13 40 34.830  35.6191023  13.6763417  35.6190954  13.6763516    0.0242   -0.0358    0.0236 16  3 53.00    10.00 /U
2020 11 14.669884  2 22 28.5798 +13 40 34.837  35.6190825  13.6763437  35.6190714  13.6763478    0.0388   -0.0148    0.0245 16  4 38.00    10.00 /U
2020 11 14.670405  2 22 28.5726 +13 40 34.812  35.6190526  13.6763367  35.6190474  13.6763440    0.0182   -0.0263    0.0179 16  5 23.00    10.00 /U
2020 11 14.670926  2 22 28.5663 +13 40 34.802  35.6190262  13.6763339  35.6190235  13.6763401    0.0097   -0.0225    0.0205 16  6  8.00    10.00 /U
2020 11 14.671447  2 22 28.5609 +13 40 34.760  35.6190039  13.6763223  35.6189995  13.6763363    0.0155   -0.0503    0.0249 16  6 53.00    10.00 /U
2020 11 14.671968  2 22 28.5560 +13 40 34.766  35.6189832  13.6763238  35.6189755  13.6763325    0.0268   -0.0312    0.0114 16  7 38.00    10.00 /U
2020 11 14.672488  2 22 28.5497 +13 40 34.753  35.6189573  13.6763203  35.6189516  13.6763286    0.0199   -0.0298    0.0145 16  8 23.00    10.00 /U
2020 11 14.673009  2 22 28.5431 +13 40 34.727  35.6189296  13.6763132  35.6189276  13.6763248    0.0070   -0.0416    0.0159 16  9  8.00    10.00 /U
2020 11 14.673519  2 22 28.5400 +13 40 34.738  35.6189166  13.6763161  35.6189042  13.6763210    0.0435   -0.0175    0.0134 16  9 52.00    10.00 /U
2020 11 14.674039  2 22 28.5316 +13 40 34.742  35.6188815  13.6763172  35.6188802  13.6763171    0.0046    0.0003    0.0183 16 10 37.00    10.00 /U
2020 11 14.674560  2 22 28.5260 +13 40 34.720  35.6188584  13.6763112  35.6188562  13.6763133    0.0076   -0.0074    0.0214 16 11 22.00    10.00 /U
2020 11 14.675081  2 22 28.5209 +13 40 34.690  35.6188369  13.6763028  35.6188322  13.6763094    0.0164   -0.0235    0.0183 16 12  7.00    10.00 /U
2020 11 14.675602  2 22 28.5159 +13 40 34.644  35.6188164  13.6762899  35.6188082  13.6763055    0.0285   -0.0560    0.0214 16 12 52.00    10.00 /U
2020 11 14.676644  2 22 28.5029 +13 40 34.681  35.6187621  13.6763003  35.6187603  13.6762977    0.0066    0.0093    0.0134 16 14 22.00    10.00 /U
2020 11 14.741632  2 22 27.7808 +13 40 32.683  35.6157532  13.6757452  35.6157529  13.6757647    0.0010   -0.0703    0.0318 17 47 57.00    10.00 /U
2020 11 15.628738  2 22 18.6881 +13 39 36.565  35.5778670  13.6601570  35.5778963  13.6601486   -0.1027    0.0302    0.0800 15  5 23.00    10.00 /U
2020 11 15.631863  2 22 18.6842 +13 39 36.022  35.5778509  13.6600062  35.5777820  13.6600806    0.2411   -0.2676    0.0710 15  9 53.00    10.00 /U
2020 11 15.631343  2 22 18.6811 +13 39 35.914  35.5778377  13.6599761  35.5778010  13.6600919    0.1284   -0.4168    0.0521 15  9  8.00    10.00 /U
2020 11 15.630822  2 22 18.6764 +13 39 36.329  35.5778184  13.6600915  35.5778201  13.6601032   -0.0058   -0.0422    0.0500 15  8 23.00    10.00 /U
2020 11 15.630301  2 22 18.6764 +13 39 36.310  35.5778185  13.6600862  35.5778391  13.6601146   -0.0722   -0.1021    0.0553 15  7 38.00    10.00 /U
2020 11 15.629780  2 22 18.6756 +13 39 36.541  35.5778148  13.6601502  35.5778582  13.6601259   -0.1517    0.0875    0.0565 15  6 53.00    10.00 /U
2020 11 15.629259  2 22 18.6854 +13 39 36.507  35.5778559  13.6601408  35.5778773  13.6601373   -0.0749    0.0128    0.0451 15  6  8.00    10.00 /U
2020 11 16.626713  2 22 10.9510 +13 38 49.870  35.5456291  13.6471861  35.5456230  13.6471934    0.0215   -0.0263    0.0471 15  2 28.00    10.00 /U
2020 11 16.627234  2 22 10.9278 +13 38 49.946  35.5455327  13.6472074  35.5456041  13.6471916   -0.2498    0.0569    0.0378 15  3 13.00    10.00 /U
2020 11 16.627755  2 22 10.9409 +13 38 49.606  35.5455870  13.6471129  35.5455852  13.6471898    0.0064   -0.2766    0.0211 15  3 58.00    10.00 /U
2020 11 16.628275  2 22 10.9406 +13 38 49.574  35.5455857  13.6471039  35.5455663  13.6471880    0.0678   -0.3025    0.0247 15  4 43.00    10.00 /U
2020 11 16.628796  2 22 10.9290 +13 38 49.828  35.5455376  13.6471744  35.5455474  13.6471862   -0.0342   -0.0424    0.0217 15  5 28.00    10.00 /U
2020 11 16.629317  2 22 10.9318 +13 38 50.053  35.5455493  13.6472368  35.5455285  13.6471844    0.0730    0.1889    0.0438 15  6 13.00    10.00 /U
2020 11 16.629838  2 22 10.9456 +13 38 49.711  35.5456067  13.6471420  35.5455095  13.6471826    0.3398   -0.1461    0.0320 15  6 58.00    10.00 /U
2020 11 18.589421  2 21 52.3746 +13 37 15.071  35.4682276  13.6208531  35.4682514  13.6208584   -0.0832   -0.0188    0.0513 14  8 46.00    10.00 /U
2020 11 18.589942  2 21 52.3498 +13 37 15.293  35.4681243  13.6209148  35.4682354  13.6208510   -0.3890    0.2298    0.0543 14  9 31.00    10.00 /U
2020 11 18.590984  2 21 52.3685 +13 37 14.947  35.4682022  13.6208185  35.4682036  13.6208361   -0.0047   -0.0635    0.0318 14 11  1.00    10.00 /U
2020 11 18.591505  2 21 52.3718 +13 37 14.986  35.4682158  13.6208295  35.4681876  13.6208287    0.0985    0.0027    0.0252 14 11 46.00    10.00 /U
2020 11 18.592025  2 21 52.3683 +13 37 15.001  35.4682012  13.6208335  35.4681717  13.6208214    0.1031    0.0438    0.0369 14 12 31.00    10.00 /U
2020 11 18.592546  2 21 52.3718 +13 37 15.053  35.4682156  13.6208480  35.4681558  13.6208140    0.2094    0.1224    0.0398 14 13 16.00    10.00 /U
2020 11 18.593067  2 21 52.3737 +13 37 14.850  35.4682236  13.6207917  35.4681398  13.6208066    0.2931   -0.0536    0.0380 14 14  1.00    10.00 /U
2020 11 18.594630  2 21 52.3677 +13 37 14.742  35.4681988  13.6207616  35.4680921  13.6207845    0.3736   -0.0826    0.0303 14 16 16.00    10.00 /U
2020 11 18.594109  2 21 52.3726 +13 37 14.749  35.4682192  13.6207635  35.4681080  13.6207919    0.3891   -0.1021    0.0301 14 15 31.00    10.00 /U
