2020 11 13.634543  2 22 39.1443 +13 41 42.916  35.6631011  13.6952545  35.6631022  13.6952570   -0.0039   -0.0091    0.0624 15 13 44.50     5.00 /U
2020 11 13.699468  2 22 38.4691 +13 41 40.793  35.6602881  13.6946646  35.6603022  13.6946608   -0.0495    0.0140    0.0298 16 47 14.00    10.00 /U
2020 11 13.698947  2 22 38.4793 +13 41 40.796  35.6603305  13.6946655  35.6603247  13.6946656    0.0205   -0.0003    0.0313 16 46 29.00    10.00 /U
2020 11 13.698426  2 22 38.4841 +13 41 40.818  35.6603506  13.6946717  35.6603471  13.6946704    0.0121    0.0047    0.0246 16 45 44.00    10.00 /U
2020 11 13.697905  2 22 38.4860 +13 41 40.797  35.6603583  13.6946658  35.6603696  13.6946753   -0.0394   -0.0341    0.0219 16 44 59.00    10.00 /U
2020 11 13.697384  2 22 38.4927 +13 41 40.850  35.6603861  13.6946805  35.6603921  13.6946801   -0.0210    0.0015    0.0252 16 44 14.00    10.00 /U
2020 11 13.696863  2 22 38.4988 +13 41 40.837  35.6604115  13.6946770  35.6604146  13.6946849   -0.0107   -0.0284    0.0270 16 43 29.00    10.00 /U
2020 11 13.696343  2 22 38.5053 +13 41 40.869  35.6604389  13.6946857  35.6604370  13.6946897    0.0065   -0.0145    0.0279 16 42 44.00    10.00 /U
2020 11 13.695822  2 22 38.5057 +13 41 40.852  35.6604402  13.6946812  35.6604595  13.6946946   -0.0675   -0.0482    0.0286 16 41 59.00    10.00 /U
2020 11 13.695301  2 22 38.5149 +13 41 40.891  35.6604789  13.6946919  35.6604820  13.6946994   -0.0108   -0.0270    0.0223 16 41 14.00    10.00 /U
2020 11 13.694780  2 22 38.5195 +13 41 40.898  35.6604980  13.6946940  35.6605044  13.6947042   -0.0226   -0.0369    0.0148 16 40 29.00    10.00 /U
2020 11 13.694259  2 22 38.5266 +13 41 40.989  35.6605274  13.6947191  35.6605269  13.6947091    0.0019    0.0361    0.0219 16 39 44.00    10.00 /U
2020 11 13.693750  2 22 38.5333 +13 41 40.975  35.6605552  13.6947153  35.6605489  13.6947138    0.0222    0.0056    0.0305 16 39  0.00    10.00 /U
2020 11 13.693229  2 22 38.5392 +13 41 40.943  35.6605801  13.6947065  35.6605714  13.6947186    0.0305   -0.0436    0.0296 16 38 15.00    10.00 /U
2020 11 13.692708  2 22 38.5444 +13 41 41.009  35.6606016  13.6947247  35.6605938  13.6947234    0.0271    0.0047    0.0256 16 37 30.00    10.00 /U
2020 11 13.699988  2 22 38.4666 +13 41 40.758  35.6602774  13.6946550  35.6602797  13.6946559   -0.0081   -0.0035    0.0252 16 47 59.00    10.00 /U
2020 11 13.692187  2 22 38.5457 +13 41 41.022  35.6606069  13.6947283  35.6606163  13.6947283   -0.0330    0.0001    0.0227 16 36 45.00    10.00 /U
2020 11 13.691146  2 22 38.5557 +13 41 41.014  35.6606486  13.6947260  35.6606612  13.6947379   -0.0443   -0.0429    0.0247 16 35 15.00    10.00 /U
2020 11 13.690625  2 22 38.5627 +13 41 41.067  35.6606778  13.6947408  35.6606837  13.6947427   -0.0206   -0.0069    0.0115 16 34 30.00    10.00 /U
2020 11 13.690104  2 22 38.5689 +13 41 41.094  35.6607039  13.6947482  35.6607062  13.6947475   -0.0080    0.0025    0.0401 16 33 45.00    10.00 /U
2020 11 13.689583  2 22 38.5745 +13 41 41.109  35.6607273  13.6947524  35.6607287  13.6947524   -0.0049    0.0001    0.0233 16 33  0.00    10.00 /U
2020 11 13.689063  2 22 38.5754 +13 41 41.110  35.6607307  13.6947527  35.6607511  13.6947572   -0.0714   -0.0161    0.0366 16 32 15.00    10.00 /U
2020 11 13.688542  2 22 38.5848 +13 41 41.100  35.6607698  13.6947500  35.6607736  13.6947620   -0.0133   -0.0433    0.0341 16 31 30.00    10.00 /U
2020 11 13.688021  2 22 38.5897 +13 41 41.134  35.6607906  13.6947596  35.6607961  13.6947668   -0.0192   -0.0261    0.0151 16 30 45.00    10.00 /U
2020 11 13.687500  2 22 38.5978 +13 41 41.163  35.6608240  13.6947676  35.6608186  13.6947716    0.0191   -0.0146    0.0464 16 30  0.00    10.00 /U
2020 11 13.686979  2 22 38.5987 +13 41 41.182  35.6608281  13.6947727  35.6608410  13.6947764   -0.0452   -0.0135    0.0208 16 29 15.00    10.00 /U
2020 11 13.686458  2 22 38.6068 +13 41 41.189  35.6608616  13.6947748  35.6608635  13.6947813   -0.0068   -0.0234    0.0119 16 28 30.00    10.00 /U
2020 11 13.685937  2 22 38.6116 +13 41 41.214  35.6608815  13.6947818  35.6608860  13.6947861   -0.0156   -0.0154    0.0132 16 27 45.00    10.00 /U
2020 11 13.685428  2 22 38.6162 +13 41 41.251  35.6609008  13.6947920  35.6609079  13.6947908   -0.0251    0.0045    0.0266 16 27  1.00    10.00 /U
2020 11 13.684907  2 22 38.6227 +13 41 41.228  35.6609279  13.6947857  35.6609304  13.6947956   -0.0089   -0.0358    0.0196 16 26 16.00    10.00 /U
2020 11 13.683866  2 22 38.6316 +13 41 41.260  35.6609648  13.6947944  35.6609753  13.6948052   -0.0368   -0.0391    0.0206 16 24 46.00    10.00 /U
2020 11 13.691667  2 22 38.5547 +13 41 41.001  35.6606445  13.6947225  35.6606388  13.6947331    0.0200   -0.0381    0.0221 16 36  0.00    10.00 /U
2020 11 13.700509  2 22 38.4627 +13 41 40.755  35.6602613  13.6946540  35.6602573  13.6946511    0.0143    0.0106    0.0203 16 48 44.00    10.00 /U
2020 11 13.701030  2 22 38.4530 +13 41 40.705  35.6602207  13.6946404  35.6602348  13.6946462   -0.0493   -0.0212    0.0271 16 49 29.00    10.00 /U
2020 11 13.701551  2 22 38.4460 +13 41 40.711  35.6601918  13.6946418  35.6602123  13.6946414   -0.0717    0.0016    0.0213 16 50 14.00    10.00 /U
2020 11 13.719172  2 22 38.2672 +13 41 40.098  35.6594467  13.6944716  35.6594521  13.6944772   -0.0189   -0.0202    0.0216 17 15 36.50    15.00 /U
2020 11 13.718594  2 22 38.2754 +13 41 40.124  35.6594810  13.6944788  35.6594770  13.6944826    0.0139   -0.0137    0.0235 17 14 46.50    15.00 /U
2020 11 13.718015  2 22 38.2794 +13 41 40.119  35.6594974  13.6944774  35.6595020  13.6944881   -0.0162   -0.0383    0.0301 17 13 56.50    15.00 /U
2020 11 13.717436  2 22 38.2845 +13 41 40.243  35.6595189  13.6945120  35.6595270  13.6944935   -0.0280    0.0667    0.0728 17 13  6.50    15.00 /U
2020 11 13.716858  2 22 38.2930 +13 41 40.240  35.6595544  13.6945110  35.6595519  13.6944989    0.0085    0.0438    0.0351 17 12 16.50    15.00 /U
2020 11 13.716291  2 22 38.2961 +13 41 40.175  35.6595672  13.6944930  35.6595764  13.6945042   -0.0321   -0.0402    0.0223 17 11 27.50    15.00 /U
2020 11 13.715712  2 22 38.3033 +13 41 40.178  35.6595969  13.6944938  35.6596014  13.6945096   -0.0156   -0.0569    0.0275 17 10 37.50    15.00 /U
2020 11 13.715133  2 22 38.3074 +13 41 40.286  35.6596141  13.6945239  35.6596263  13.6945150   -0.0427    0.0322    0.0278 17  9 47.50    15.00 /U
2020 11 13.714554  2 22 38.3156 +13 41 40.244  35.6596482  13.6945121  35.6596513  13.6945204   -0.0106   -0.0296    0.0316 17  8 57.50    15.00 /U
2020 11 13.713976  2 22 38.3222 +13 41 40.288  35.6596759  13.6945244  35.6596763  13.6945258   -0.0011   -0.0048    0.0134 17  8  7.50    15.00 /U
2020 11 13.713397  2 22 38.3243 +13 41 40.255  35.6596845  13.6945154  35.6597012  13.6945312   -0.0586   -0.0568    0.0352 17  7 17.50    15.00 /U
2020 11 13.712818  2 22 38.3356 +13 41 40.355  35.6597317  13.6945431  35.6597262  13.6945365    0.0193    0.0236    0.0291 17  6 27.50    15.00 /U
2020 11 13.712240  2 22 38.3419 +13 41 40.363  35.6597578  13.6945453  35.6597512  13.6945419    0.0233    0.0120    0.0287 17  5 37.50    15.00 /U
2020 11 13.711661  2 22 38.3467 +13 41 40.341  35.6597778  13.6945391  35.6597761  13.6945473    0.0060   -0.0296    0.0482 17  4 47.50    15.00 /U
2020 11 13.710503  2 22 38.3606 +13 41 40.403  35.6598357  13.6945564  35.6598261  13.6945581    0.0338   -0.0063    0.0392 17  3  7.50    15.00 /U
2020 11 13.709925  2 22 38.3593 +13 41 40.341  35.6598305  13.6945392  35.6598510  13.6945635   -0.0718   -0.0875    0.0301 17  2 17.50    15.00 /U
2020 11 13.702072  2 22 38.4434 +13 41 40.670  35.6601806  13.6946304  35.6601898  13.6946366   -0.0322   -0.0221    0.0141 16 50 59.00    10.00 /U
2020 11 13.702402  2 22 38.4394 +13 41 40.649  35.6601641  13.6946246  35.6601756  13.6946335   -0.0403   -0.0321    0.0155 16 51 27.50    15.00 /U
2020 11 13.702980  2 22 38.4314 +13 41 40.643  35.6601310  13.6946230  35.6601506  13.6946281   -0.0689   -0.0183    0.0255 16 52 17.50    15.00 /U
2020 11 13.703559  2 22 38.4282 +13 41 40.660  35.6601176  13.6946279  35.6601257  13.6946227   -0.0281    0.0185    0.0170 16 53  7.50    15.00 /U
2020 11 13.704138  2 22 38.4231 +13 41 40.600  35.6600963  13.6946112  35.6601007  13.6946174   -0.0154   -0.0223    0.0140 16 53 57.50    15.00 /U
2020 11 13.704716  2 22 38.4176 +13 41 40.639  35.6600735  13.6946220  35.6600757  13.6946120   -0.0078    0.0361    0.0207 16 54 47.50    15.00 /U
2020 11 13.683345  2 22 38.6381 +13 41 41.325  35.6609919  13.6948126  35.6609978  13.6948100   -0.0206    0.0093    0.0209 16 24  1.00    10.00 /U
2020 11 13.705295  2 22 38.4120 +13 41 40.573  35.6600500  13.6946037  35.6600508  13.6946066   -0.0028   -0.0105    0.0142 16 55 37.50    15.00 /U
2020 11 13.706453  2 22 38.3974 +13 41 40.516  35.6599893  13.6945878  35.6600008  13.6945958   -0.0404   -0.0289    0.0087 16 57 17.50    15.00 /U
2020 11 13.707031  2 22 38.3977 +13 41 40.553  35.6599905  13.6945980  35.6599759  13.6945905    0.0512    0.0270    0.0410 16 58  7.50    15.00 /U
2020 11 13.707610  2 22 38.3898 +13 41 40.522  35.6599575  13.6945895  35.6599509  13.6945851    0.0231    0.0159    0.0149 16 58 57.50    15.00 /U
2020 11 13.708189  2 22 38.3755 +13 41 40.404  35.6598981  13.6945567  35.6599259  13.6945797   -0.0973   -0.0828    0.0445 16 59 47.50    15.00 /U
2020 11 13.709346  2 22 38.3716 +13 41 40.419  35.6598818  13.6945609  35.6598760  13.6945689    0.0205   -0.0289    0.0489 17  1 27.50    15.00 /U
2020 11 13.705874  2 22 38.4083 +13 41 40.592  35.6600347  13.6946088  35.6600258  13.6946012    0.0312    0.0273    0.0280 16 56 27.50    15.00 /U
2020 11 13.682824  2 22 38.6445 +13 41 41.335  35.6610189  13.6948152  35.6610203  13.6948148   -0.0050    0.0012    0.0250 16 23 16.00    10.00 /U
2020 11 13.682303  2 22 38.6515 +13 41 41.380  35.6610480  13.6948277  35.6610428  13.6948196    0.0185    0.0289    0.0079 16 22 31.00    10.00 /U
2020 11 13.681782  2 22 38.6516 +13 41 41.347  35.6610485  13.6948187  35.6610652  13.6948244   -0.0584   -0.0208    0.0155 16 21 46.00    10.00 /U
2020 11 13.650567  2 22 38.9803 +13 41 42.404  35.6624179  13.6951121  35.6624116  13.6951110    0.0222    0.0039    0.0206 15 36 49.00    10.00 /U
2020 11 13.650046  2 22 38.9843 +13 41 42.432  35.6624346  13.6951199  35.6624340  13.6951158    0.0018    0.0146    0.0176 15 36  4.00    10.00 /U
2020 11 13.649525  2 22 38.9913 +13 41 42.428  35.6624639  13.6951190  35.6624565  13.6951206    0.0258   -0.0058    0.0166 15 35 19.00    10.00 /U
2020 11 13.649005  2 22 38.9928 +13 41 42.418  35.6624699  13.6951161  35.6624789  13.6951253   -0.0316   -0.0332    0.0222 15 34 34.00    10.00 /U
2020 11 13.648484  2 22 38.9989 +13 41 42.491  35.6624955  13.6951363  35.6625014  13.6951301   -0.0206    0.0225    0.0266 15 33 49.00    10.00 /U
2020 11 13.647975  2 22 39.0052 +13 41 42.531  35.6625216  13.6951476  35.6625234  13.6951347   -0.0062    0.0463    0.0285 15 33  5.00    10.00 /U
2020 11 13.647454  2 22 39.0106 +13 41 42.465  35.6625441  13.6951293  35.6625458  13.6951395   -0.0060   -0.0368    0.0265 15 32 20.00    10.00 /U
2020 11 13.646933  2 22 39.0142 +13 41 42.499  35.6625591  13.6951387  35.6625683  13.6951442   -0.0320   -0.0198    0.0176 15 31 35.00    10.00 /U
2020 11 13.646412  2 22 39.0217 +13 41 42.556  35.6625905  13.6951544  35.6625907  13.6951490   -0.0009    0.0194    0.0156 15 30 50.00    10.00 /U
2020 11 13.645891  2 22 39.0257 +13 41 42.531  35.6626073  13.6951474  35.6626132  13.6951537   -0.0206   -0.0227    0.0230 15 30  5.00    10.00 /U
2020 11 13.645370  2 22 39.0327 +13 41 42.567  35.6626364  13.6951574  35.6626356  13.6951585    0.0028   -0.0038    0.0193 15 29 20.00    10.00 /U
2020 11 13.644850  2 22 39.0332 +13 41 42.569  35.6626384  13.6951581  35.6626581  13.6951632   -0.0687   -0.0186    0.0285 15 28 35.00    10.00 /U
2020 11 13.644329  2 22 39.0408 +13 41 42.586  35.6626702  13.6951629  35.6626805  13.6951680   -0.0361   -0.0183    0.0200 15 27 50.00    10.00 /U
2020 11 13.643808  2 22 39.0487 +13 41 42.621  35.6627027  13.6951724  35.6627030  13.6951727   -0.0008   -0.0013    0.0233 15 27  5.00    10.00 /U
2020 11 13.643287  2 22 39.0514 +13 41 42.625  35.6627143  13.6951737  35.6627254  13.6951775   -0.0387   -0.0137    0.0225 15 26 20.00    10.00 /U
2020 11 13.642766  2 22 39.0562 +13 41 42.621  35.6627340  13.6951726  35.6627479  13.6951822   -0.0484   -0.0346    0.0333 15 25 35.00    10.00 /U
2020 11 13.642245  2 22 39.0632 +13 41 42.677  35.6627632  13.6951880  35.6627703  13.6951870   -0.0248    0.0039    0.0148 15 24 50.00    10.00 /U
2020 11 13.635006  2 22 39.1425 +13 41 42.841  35.6630937  13.6952337  35.6630823  13.6952528    0.0398   -0.0688    0.0682 15 14 24.50     5.00 /U
2020 11 13.635469  2 22 39.1324 +13 41 42.861  35.6630516  13.6952390  35.6630623  13.6952486   -0.0375   -0.0345    0.0398 15 15  4.50     5.00 /U
2020 11 13.636007  2 22 39.1307 +13 41 42.891  35.6630447  13.6952474  35.6630392  13.6952437    0.0192    0.0133    0.0183 15 15 51.00    10.00 /U
2020 11 13.636528  2 22 39.1235 +13 41 42.846  35.6630144  13.6952349  35.6630167  13.6952390   -0.0080   -0.0146    0.0268 15 16 36.00    10.00 /U
2020 11 13.637049  2 22 39.1190 +13 41 42.863  35.6629956  13.6952396  35.6629943  13.6952342    0.0048    0.0192    0.0327 15 17 21.00    10.00 /U
2020 11 13.637569  2 22 39.1126 +13 41 42.845  35.6629691  13.6952348  35.6629718  13.6952295   -0.0094    0.0190    0.0168 15 18  6.00    10.00 /U
2020 11 13.651088  2 22 38.9696 +13 41 42.369  35.6623734  13.6951025  35.6623891  13.6951063   -0.0550   -0.0135    0.0220 15 37 34.00    10.00 /U
2020 11 13.638090  2 22 39.1067 +13 41 42.841  35.6629445  13.6952337  35.6629494  13.6952248   -0.0173    0.0320    0.0165 15 18 51.00    10.00 /U
2020 11 13.639132  2 22 39.0964 +13 41 42.804  35.6629017  13.6952234  35.6629045  13.6952153   -0.0096    0.0293    0.0311 15 20 21.00    10.00 /U
2020 11 13.639641  2 22 39.0904 +13 41 42.755  35.6628766  13.6952098  35.6628825  13.6952107   -0.0209   -0.0030    0.0200 15 21  5.00    10.00 /U
2020 11 13.640162  2 22 39.0837 +13 41 42.716  35.6628486  13.6951988  35.6628601  13.6952059   -0.0402   -0.0256    0.0126 15 21 50.00    10.00 /U
2020 11 13.640683  2 22 39.0804 +13 41 42.712  35.6628352  13.6951978  35.6628377  13.6952012   -0.0087   -0.0122    0.0177 15 22 35.00    10.00 /U
2020 11 13.641204  2 22 39.0736 +13 41 42.692  35.6628069  13.6951921  35.6628152  13.6951964   -0.0292   -0.0156    0.0167 15 23 20.00    10.00 /U
2020 11 13.641725  2 22 39.0652 +13 41 42.648  35.6627717  13.6951800  35.6627928  13.6951917   -0.0735   -0.0420    0.0276 15 24  5.00    10.00 /U
2020 11 13.638611  2 22 39.0990 +13 41 42.791  35.6629126  13.6952198  35.6629269  13.6952200   -0.0501   -0.0007    0.0447 15 19 36.00    10.00 /U
2020 11 13.719751  2 22 38.2636 +13 41 40.067  35.6594318  13.6944630  35.6594271  13.6944718    0.0164   -0.0318    0.0355 17 16 26.50    15.00 /U
2020 11 13.651609  2 22 38.9644 +13 41 42.297  35.6623517  13.6950826  35.6623667  13.6951015   -0.0523   -0.0683    0.0422 15 38 19.00    10.00 /U
2020 11 13.652650  2 22 38.9582 +13 41 42.364  35.6623259  13.6951010  35.6623218  13.6950920    0.0144    0.0323    0.0225 15 39 49.00    10.00 /U
2020 11 13.681262  2 22 38.6600 +13 41 41.356  35.6610834  13.6948210  35.6610877  13.6948293   -0.0149   -0.0296    0.0124 16 21  1.00    10.00 /U
2020 11 13.680741  2 22 38.6647 +13 41 41.401  35.6611031  13.6948337  35.6611102  13.6948341   -0.0249   -0.0015    0.0255 16 20 16.00    10.00 /U
2020 11 13.680220  2 22 38.6746 +13 41 41.397  35.6611443  13.6948325  35.6611326  13.6948389    0.0408   -0.0228    0.0279 16 19 31.00    10.00 /U
2020 11 13.679699  2 22 38.6760 +13 41 41.435  35.6611501  13.6948430  35.6611551  13.6948437   -0.0175   -0.0023    0.0235 16 18 46.00    10.00 /U
2020 11 13.679178  2 22 38.6802 +13 41 41.482  35.6611676  13.6948562  35.6611776  13.6948485   -0.0349    0.0279    0.0152 16 18  1.00    10.00 /U
2020 11 13.678657  2 22 38.6875 +13 41 41.459  35.6611978  13.6948497  35.6612001  13.6948533   -0.0079   -0.0128    0.0207 16 17 16.00    10.00 /U
2020 11 13.678137  2 22 38.6929 +13 41 41.459  35.6612204  13.6948498  35.6612225  13.6948581   -0.0075   -0.0296    0.0266 16 16 31.00    10.00 /U
2020 11 13.677616  2 22 38.6985 +13 41 41.548  35.6612439  13.6948743  35.6612450  13.6948629   -0.0037    0.0413    0.0356 16 15 46.00    10.00 /U
2020 11 13.677095  2 22 38.7052 +13 41 41.515  35.6612717  13.6948652  35.6612675  13.6948677    0.0148   -0.0089    0.0276 16 15  1.00    10.00 /U
2020 11 13.676574  2 22 38.7067 +13 41 41.514  35.6612780  13.6948651  35.6612899  13.6948725   -0.0417   -0.0267    0.0238 16 14 16.00    10.00 /U
2020 11 13.676053  2 22 38.7134 +13 41 41.513  35.6613058  13.6948647  35.6613124  13.6948773   -0.0230   -0.0453    0.0077 16 13 31.00    10.00 /U
2020 11 13.663576  2 22 38.8425 +13 41 41.970  35.6618439  13.6949916  35.6618506  13.6949920   -0.0233   -0.0014    0.0269 15 55 33.00    10.00 /U
2020 11 13.663056  2 22 38.8478 +13 41 41.996  35.6618657  13.6949990  35.6618731  13.6949967   -0.0256    0.0081    0.0147 15 54 48.00    10.00 /U
2020 11 13.662535  2 22 38.8544 +13 41 42.020  35.6618935  13.6950055  35.6618955  13.6950015   -0.0070    0.0143    0.0225 15 54  3.00    10.00 /U
2020 11 13.662014  2 22 38.8594 +13 41 41.995  35.6619142  13.6949986  35.6619180  13.6950063   -0.0133   -0.0276    0.0144 15 53 18.00    10.00 /U
2020 11 13.661493  2 22 38.8641 +13 41 42.029  35.6619337  13.6950080  35.6619404  13.6950111   -0.0237   -0.0110    0.0159 15 52 33.00    10.00 /U
2020 11 13.660972  2 22 38.8720 +13 41 42.029  35.6619668  13.6950080  35.6619629  13.6950158    0.0136   -0.0284    0.0230 15 51 48.00    10.00 /U
2020 11 13.653171  2 22 38.9479 +13 41 42.308  35.6622828  13.6950854  35.6622993  13.6950873   -0.0578   -0.0066    0.0305 15 40 34.00    10.00 /U
2020 11 13.653692  2 22 38.9460 +13 41 42.287  35.6622750  13.6950797  35.6622768  13.6950825   -0.0066   -0.0102    0.0142 15 41 19.00    10.00 /U
2020 11 13.654734  2 22 38.9372 +13 41 42.266  35.6622384  13.6950740  35.6622319  13.6950730    0.0225    0.0036    0.0262 15 42 49.00    10.00 /U
2020 11 13.655243  2 22 38.9280 +13 41 42.225  35.6622001  13.6950624  35.6622100  13.6950683   -0.0347   -0.0214    0.0189 15 43 33.00    10.00 /U
2020 11 13.655764  2 22 38.9229 +13 41 42.201  35.6621786  13.6950558  35.6621875  13.6950635   -0.0313   -0.0278    0.0204 15 44 18.00    10.00 /U
2020 11 13.656285  2 22 38.9187 +13 41 42.197  35.6621613  13.6950547  35.6621650  13.6950588   -0.0130   -0.0148    0.0173 15 45  3.00    10.00 /U
2020 11 13.652130  2 22 38.9598 +13 41 42.335  35.6623326  13.6950929  35.6623442  13.6950968   -0.0405   -0.0138    0.0269 15 39  4.00    10.00 /U
2020 11 13.656806  2 22 38.9126 +13 41 42.159  35.6621357  13.6950443  35.6621426  13.6950540   -0.0241   -0.0349    0.0227 15 45 48.00    10.00 /U
2020 11 13.657847  2 22 38.9017 +13 41 42.190  35.6620906  13.6950527  35.6620977  13.6950445   -0.0249    0.0296    0.0195 15 47 18.00    10.00 /U
2020 11 13.658368  2 22 38.8981 +13 41 42.168  35.6620753  13.6950467  35.6620752  13.6950397    0.0002    0.0251    0.0167 15 48  3.00    10.00 /U
2020 11 13.658889  2 22 38.8921 +13 41 42.153  35.6620506  13.6950426  35.6620527  13.6950349   -0.0075    0.0276    0.0254 15 48 48.00    10.00 /U
2020 11 13.659931  2 22 38.8793 +13 41 42.068  35.6619971  13.6950190  35.6620078  13.6950254   -0.0375   -0.0231    0.0280 15 50 18.00    10.00 /U
2020 11 13.660451  2 22 38.8789 +13 41 42.121  35.6619954  13.6950337  35.6619854  13.6950206    0.0351    0.0472    0.0418 15 51  3.00    10.00 /U
2020 11 13.657326  2 22 38.9075 +13 41 42.189  35.6621145  13.6950524  35.6621201  13.6950492   -0.0197    0.0115    0.0154 15 46 33.00    10.00 /U
2020 11 13.720330  2 22 38.2588 +13 41 40.101  35.6594117  13.6944726  35.6594021  13.6944664    0.0335    0.0223    0.0305 17 17 16.50    15.00 /U
2020 11 14.638316  2 22 28.8643 +13 41  6.086  35.6202678  13.6850238  35.6202623  13.6850306    0.0192   -0.0246    0.0184 15 19 10.50    15.00 /U
2020 11 14.704201  2 22 28.1737 +13 41  3.388  35.6173906  13.6842743  35.6173885  13.6842773    0.0071   -0.0108    0.0250 16 54  3.00    10.00 /U
2020 11 14.704711  2 22 28.1671 +13 41  3.380  35.6173630  13.6842723  35.6173663  13.6842714   -0.0115    0.0032    0.0114 16 54 47.00    10.00 /U
2020 11 14.705231  2 22 28.1617 +13 41  3.348  35.6173406  13.6842634  35.6173436  13.6842654   -0.0106   -0.0071    0.0141 16 55 32.00    10.00 /U
2020 11 14.705752  2 22 28.1551 +13 41  3.341  35.6173127  13.6842613  35.6173209  13.6842594   -0.0287    0.0067    0.0207 16 56 17.00    10.00 /U
2020 11 14.706273  2 22 28.1506 +13 41  3.272  35.6172943  13.6842423  35.6172982  13.6842534   -0.0137   -0.0400    0.0173 16 57  2.00    10.00 /U
2020 11 14.706794  2 22 28.1488 +13 41  3.275  35.6172865  13.6842430  35.6172755  13.6842474    0.0385   -0.0156    0.0180 16 57 47.00    10.00 /U
2020 11 14.707315  2 22 28.1396 +13 41  3.268  35.6172485  13.6842412  35.6172528  13.6842413   -0.0150   -0.0003    0.0158 16 58 32.00    10.00 /U
2020 11 14.707836  2 22 28.1351 +13 41  3.245  35.6172296  13.6842348  35.6172301  13.6842353   -0.0019   -0.0018    0.0173 16 59 17.00    10.00 /U
2020 11 14.708356  2 22 28.1276 +13 41  3.258  35.6171984  13.6842383  35.6172074  13.6842293   -0.0316    0.0325    0.0148 17  0  2.00    10.00 /U
2020 11 14.708877  2 22 28.1233 +13 41  3.178  35.6171805  13.6842162  35.6171847  13.6842233   -0.0147   -0.0254    0.0219 17  0 47.00    10.00 /U
2020 11 14.709398  2 22 28.1201 +13 41  3.139  35.6171669  13.6842053  35.6171620  13.6842172    0.0173   -0.0431    0.0304 17  1 32.00    10.00 /U
2020 11 14.709919  2 22 28.1129 +13 41  3.166  35.6171372  13.6842129  35.6171393  13.6842112   -0.0074    0.0061    0.0212 17  2 17.00    10.00 /U
2020 11 14.710440  2 22 28.1061 +13 41  3.116  35.6171089  13.6841989  35.6171166  13.6842052   -0.0268   -0.0225    0.0205 17  3  2.00    10.00 /U
2020 11 14.710961  2 22 28.1043 +13 41  3.100  35.6171012  13.6841945  35.6170939  13.6841992    0.0257   -0.0169    0.0159 17  3 47.00    10.00 /U
2020 11 14.711481  2 22 28.0957 +13 41  3.069  35.6170655  13.6841859  35.6170712  13.6841931   -0.0199   -0.0261    0.0287 17  4 32.00    10.00 /U
2020 11 14.712002  2 22 28.0905 +13 41  3.070  35.6170437  13.6841861  35.6170485  13.6841871   -0.0169   -0.0036    0.0183 17  5 17.00    10.00 /U
2020 11 14.712512  2 22 28.0842 +13 41  3.002  35.6170175  13.6841673  35.6170263  13.6841812   -0.0306   -0.0499    0.0302 17  6  1.00    10.00 /U
2020 11 14.713032  2 22 28.0798 +13 41  3.037  35.6169990  13.6841768  35.6170036  13.6841752   -0.0159    0.0060    0.0112 17  6 46.00    10.00 /U
2020 11 14.713553  2 22 28.0753 +13 41  3.006  35.6169804  13.6841683  35.6169809  13.6841691   -0.0017   -0.0029    0.0136 17  7 31.00    10.00 /U
2020 11 14.714074  2 22 28.0713 +13 41  2.995  35.6169638  13.6841654  35.6169582  13.6841631    0.0196    0.0083    0.0149 17  8 16.00    10.00 /U
2020 11 14.714595  2 22 28.0630 +13 41  2.968  35.6169290  13.6841578  35.6169355  13.6841571   -0.0228    0.0026    0.0257 17  9  1.00    10.00 /U
2020 11 14.703681  2 22 28.1784 +13 41  3.420  35.6174099  13.6842833  35.6174113  13.6842833   -0.0049    0.0001    0.0155 16 53 18.00    10.00 /U
2020 11 14.715116  2 22 28.0585 +13 41  2.960  35.6169106  13.6841555  35.6169128  13.6841510   -0.0076    0.0160    0.0265 17  9 46.00    10.00 /U
2020 11 14.703160  2 22 28.1831 +13 41  3.465  35.6174296  13.6842958  35.6174340  13.6842893   -0.0153    0.0231    0.0169 16 52 33.00    10.00 /U
2020 11 14.702118  2 22 28.1947 +13 41  3.485  35.6174779  13.6843014  35.6174794  13.6843014   -0.0054    0.0001    0.0193 16 51  3.00    10.00 /U
2020 11 14.691204  2 22 28.3083 +13 41  3.938  35.6179511  13.6844273  35.6179553  13.6844271   -0.0147    0.0006    0.0244 16 35 20.00    10.00 /U
2020 11 14.691713  2 22 28.3018 +13 41  3.880  35.6179244  13.6844111  35.6179331  13.6844213   -0.0306   -0.0368    0.0168 16 36  4.00    10.00 /U
2020 11 14.692234  2 22 28.2969 +13 41  3.902  35.6179037  13.6844171  35.6179104  13.6844153   -0.0234    0.0065    0.0352 16 36 49.00    10.00 /U
2020 11 14.692755  2 22 28.2918 +13 41  3.861  35.6178826  13.6844058  35.6178877  13.6844093   -0.0179   -0.0125    0.0236 16 37 34.00    10.00 /U
2020 11 14.693275  2 22 28.2878 +13 41  3.842  35.6178657  13.6844007  35.6178650  13.6844033    0.0027   -0.0094    0.0197 16 38 19.00    10.00 /U
2020 11 14.693796  2 22 28.2798 +13 41  3.855  35.6178325  13.6844041  35.6178423  13.6843973   -0.0341    0.0246    0.0204 16 39  4.00    10.00 /U
2020 11 14.694317  2 22 28.2772 +13 41  3.780  35.6178215  13.6843835  35.6178195  13.6843913    0.0069   -0.0282    0.0145 16 39 49.00    10.00 /U
2020 11 14.694838  2 22 28.2708 +13 41  3.794  35.6177951  13.6843871  35.6177968  13.6843853   -0.0061    0.0065    0.0259 16 40 34.00    10.00 /U
2020 11 14.695359  2 22 28.2640 +13 41  3.776  35.6177668  13.6843822  35.6177741  13.6843793   -0.0258    0.0103    0.0196 16 41 19.00    10.00 /U
2020 11 14.695880  2 22 28.2594 +13 41  3.777  35.6177473  13.6843824  35.6177514  13.6843733   -0.0143    0.0328    0.0190 16 42  4.00    10.00 /U
2020 11 14.696400  2 22 28.2532 +13 41  3.724  35.6177215  13.6843676  35.6177287  13.6843673   -0.0250    0.0012    0.0150 16 42 49.00    10.00 /U
2020 11 14.696921  2 22 28.2479 +13 41  3.694  35.6176996  13.6843595  35.6177060  13.6843613   -0.0224   -0.0065    0.0156 16 43 34.00    10.00 /U
2020 11 14.697442  2 22 28.2456 +13 41  3.645  35.6176899  13.6843458  35.6176833  13.6843553    0.0231   -0.0342    0.0187 16 44 19.00    10.00 /U
2020 11 14.697963  2 22 28.2369 +13 41  3.652  35.6176537  13.6843477  35.6176606  13.6843493   -0.0241   -0.0057    0.0191 16 45  4.00    10.00 /U
2020 11 14.698484  2 22 28.2338 +13 41  3.622  35.6176406  13.6843394  35.6176378  13.6843433    0.0098   -0.0140    0.0124 16 45 49.00    10.00 /U
2020 11 14.698993  2 22 28.2262 +13 41  3.609  35.6176090  13.6843358  35.6176156  13.6843374   -0.0233   -0.0059    0.0159 16 46 33.00    10.00 /U
2020 11 14.699514  2 22 28.2235 +13 41  3.559  35.6175981  13.6843219  35.6175929  13.6843314    0.0182   -0.0342    0.0299 16 47 18.00    10.00 /U
2020 11 14.700035  2 22 28.2168 +13 41  3.576  35.6175701  13.6843265  35.6175702  13.6843254   -0.0005    0.0041    0.0240 16 48  3.00    10.00 /U
2020 11 14.700556  2 22 28.2107 +13 41  3.568  35.6175444  13.6843244  35.6175475  13.6843194   -0.0108    0.0179    0.0161 16 48 48.00    10.00 /U
2020 11 14.701076  2 22 28.2038 +13 41  3.541  35.6175158  13.6843169  35.6175248  13.6843134   -0.0315    0.0126    0.0228 16 49 33.00    10.00 /U
2020 11 14.701597  2 22 28.1993 +13 41  3.492  35.6174973  13.6843033  35.6175021  13.6843074   -0.0169   -0.0145    0.0131 16 50 18.00    10.00 /U
2020 11 14.702639  2 22 28.1898 +13 41  3.439  35.6174574  13.6842886  35.6174567  13.6842954    0.0027   -0.0243    0.0156 16 51 48.00    10.00 /U
2020 11 14.690683  2 22 28.3114 +13 41  3.927  35.6179640  13.6844242  35.6179780  13.6844331   -0.0491   -0.0321    0.0302 16 34 35.00    10.00 /U
2020 11 14.715637  2 22 28.0550 +13 41  2.925  35.6168959  13.6841457  35.6168901  13.6841450    0.0205    0.0026    0.0168 17 10 31.00    10.00 /U
2020 11 14.716678  2 22 28.0432 +13 41  2.893  35.6168469  13.6841370  35.6168447  13.6841329    0.0076    0.0145    0.0188 17 12  1.00    10.00 /U
2020 11 14.730197  2 22 27.9022 +13 41  2.308  35.6162592  13.6839743  35.6162557  13.6839759    0.0122   -0.0055    0.0169 17 31 29.00    10.00 /U
2020 11 14.731238  2 22 27.8898 +13 41  2.258  35.6162074  13.6839605  35.6162103  13.6839637   -0.0101   -0.0116    0.0199 17 32 59.00    10.00 /U
2020 11 14.731759  2 22 27.8856 +13 41  2.258  35.6161899  13.6839605  35.6161876  13.6839577    0.0078    0.0100    0.0254 17 33 44.00    10.00 /U
2020 11 14.732269  2 22 27.8782 +13 41  2.224  35.6161592  13.6839510  35.6161654  13.6839517   -0.0219   -0.0027    0.0245 17 34 28.00    10.00 /U
2020 11 14.732789  2 22 27.8719 +13 41  2.215  35.6161330  13.6839486  35.6161428  13.6839457   -0.0342    0.0106    0.0276 17 35 13.00    10.00 /U
2020 11 14.733831  2 22 27.8619 +13 41  2.192  35.6160914  13.6839422  35.6160974  13.6839335   -0.0211    0.0312    0.0264 17 36 43.00    10.00 /U
2020 11 14.734352  2 22 27.8591 +13 41  2.122  35.6160795  13.6839227  35.6160747  13.6839275    0.0168   -0.0173    0.0196 17 37 28.00    10.00 /U
2020 11 14.734873  2 22 27.8511 +13 41  2.064  35.6160462  13.6839066  35.6160520  13.6839214   -0.0206   -0.0531    0.0204 17 38 13.00    10.00 /U
2020 11 14.735394  2 22 27.8482 +13 41  2.057  35.6160340  13.6839048  35.6160294  13.6839153    0.0164   -0.0377    0.0259 17 38 58.00    10.00 /U
2020 11 14.735914  2 22 27.8437 +13 41  2.092  35.6160152  13.6839144  35.6160067  13.6839093    0.0299    0.0185    0.0177 17 39 43.00    10.00 /U
2020 11 14.736435  2 22 27.8354 +13 41  2.057  35.6159809  13.6839048  35.6159840  13.6839032   -0.0109    0.0059    0.0104 17 40 28.00    10.00 /U
2020 11 14.736956  2 22 27.8297 +13 41  2.018  35.6159569  13.6838939  35.6159613  13.6838971   -0.0154   -0.0116    0.0235 17 41 13.00    10.00 /U
2020 11 14.737477  2 22 27.8259 +13 41  2.032  35.6159412  13.6838977  35.6159386  13.6838910    0.0091    0.0238    0.0248 17 41 58.00    10.00 /U
2020 11 14.737998  2 22 27.8165 +13 41  1.987  35.6159021  13.6838852  35.6159160  13.6838849   -0.0483    0.0009    0.0233 17 42 43.00    10.00 /U
2020 11 14.738507  2 22 27.8136 +13 41  1.980  35.6158902  13.6838834  35.6158938  13.6838790   -0.0127    0.0160    0.0168 17 43 27.00    10.00 /U
2020 11 14.739028  2 22 27.8101 +13 41  1.908  35.6158755  13.6838635  35.6158711  13.6838729    0.0154   -0.0341    0.0247 17 44 12.00    10.00 /U
2020 11 14.740081  2 22 27.7941 +13 41  1.902  35.6158088  13.6838618  35.6158253  13.6838606   -0.0577    0.0041    0.0185 17 45 43.00    10.00 /U
2020 11 14.740590  2 22 27.7928 +13 41  1.881  35.6158034  13.6838557  35.6158031  13.6838547    0.0010    0.0037    0.0164 17 46 27.00    10.00 /U
2020 11 14.729676  2 22 27.9062 +13 41  2.335  35.6162758  13.6839820  35.6162784  13.6839819   -0.0091    0.0001    0.0202 17 30 44.00    10.00 /U
2020 11 14.716157  2 22 28.0476 +13 41  2.925  35.6168648  13.6841459  35.6168674  13.6841390   -0.0090    0.0251    0.0126 17 11 16.00    10.00 /U
2020 11 14.729155  2 22 27.9130 +13 41  2.360  35.6163042  13.6839890  35.6163011  13.6839880    0.0111    0.0036    0.0238 17 29 59.00    10.00 /U
2020 11 14.728113  2 22 27.9214 +13 41  2.399  35.6163393  13.6839997  35.6163464  13.6840001   -0.0250   -0.0015    0.0345 17 28 29.00    10.00 /U
2020 11 14.717199  2 22 28.0354 +13 41  2.847  35.6168142  13.6841243  35.6168220  13.6841269   -0.0271   -0.0095    0.0138 17 12 46.00    10.00 /U
2020 11 14.717720  2 22 28.0317 +13 41  2.845  35.6167989  13.6841236  35.6167993  13.6841208   -0.0013    0.0098    0.0156 17 13 31.00    10.00 /U
2020 11 14.718241  2 22 28.0263 +13 41  2.759  35.6167761  13.6840998  35.6167766  13.6841148   -0.0019   -0.0539    0.0290 17 14 16.00    10.00 /U
2020 11 14.718762  2 22 28.0209 +13 41  2.782  35.6167539  13.6841062  35.6167539  13.6841088    0.0002   -0.0091    0.0184 17 15  1.00    10.00 /U
2020 11 14.719282  2 22 28.0136 +13 41  2.739  35.6167232  13.6840940  35.6167312  13.6841027   -0.0278   -0.0312    0.0314 17 15 46.00    10.00 /U
2020 11 14.719792  2 22 28.0086 +13 41  2.770  35.6167025  13.6841026  35.6167090  13.6840968   -0.0226    0.0210    0.0154 17 16 30.00    10.00 /U
2020 11 14.720313  2 22 28.0036 +13 41  2.733  35.6166818  13.6840925  35.6166863  13.6840908   -0.0159    0.0064    0.0273 17 17 15.00    10.00 /U
2020 11 14.720833  2 22 27.9993 +13 41  2.694  35.6166639  13.6840816  35.6166636  13.6840847    0.0010   -0.0110    0.0379 17 18  0.00    10.00 /U
2020 11 14.721354  2 22 27.9941 +13 41  2.680  35.6166421  13.6840779  35.6166409  13.6840787    0.0043   -0.0028    0.0195 17 18 45.00    10.00 /U
2020 11 14.721875  2 22 27.9882 +13 41  2.655  35.6166175  13.6840708  35.6166182  13.6840726   -0.0024   -0.0067    0.0131 17 19 30.00    10.00 /U
2020 11 14.722396  2 22 27.9834 +13 41  2.656  35.6165976  13.6840712  35.6165955  13.6840666    0.0073    0.0168    0.0133 17 20 15.00    10.00 /U
2020 11 14.722917  2 22 27.9779 +13 41  2.608  35.6165744  13.6840578  35.6165728  13.6840605    0.0054   -0.0099    0.0125 17 21  0.00    10.00 /U
2020 11 14.723437  2 22 27.9709 +13 41  2.637  35.6165455  13.6840659  35.6165501  13.6840545   -0.0162    0.0410    0.0287 17 21 45.00    10.00 /U
2020 11 14.723958  2 22 27.9656 +13 41  2.557  35.6165233  13.6840435  35.6165274  13.6840484   -0.0147   -0.0178    0.0154 17 22 30.00    10.00 /U
2020 11 14.724479  2 22 27.9617 +13 41  2.505  35.6165069  13.6840291  35.6165048  13.6840424    0.0076   -0.0477    0.0385 17 23 15.00    10.00 /U
2020 11 14.725000  2 22 27.9555 +13 41  2.513  35.6164810  13.6840315  35.6164821  13.6840363   -0.0036   -0.0174    0.0204 17 24  0.00    10.00 /U
2020 11 14.725521  2 22 27.9507 +13 41  2.505  35.6164612  13.6840291  35.6164594  13.6840303    0.0063   -0.0041    0.0219 17 24 45.00    10.00 /U
2020 11 14.726042  2 22 27.9453 +13 41  2.467  35.6164388  13.6840187  35.6164367  13.6840242    0.0073   -0.0197    0.0306 17 25 30.00    10.00 /U
2020 11 14.726551  2 22 27.9370 +13 41  2.491  35.6164043  13.6840254  35.6164145  13.6840183   -0.0357    0.0254    0.0234 17 26 14.00    10.00 /U
2020 11 14.727072  2 22 27.9333 +13 41  2.422  35.6163886  13.6840060  35.6163918  13.6840122   -0.0111   -0.0223    0.0191 17 26 59.00    10.00 /U
2020 11 14.727593  2 22 27.9264 +13 41  2.388  35.6163599  13.6839967  35.6163691  13.6840062   -0.0324   -0.0341    0.0231 17 27 44.00    10.00 /U
2020 11 14.728634  2 22 27.9160 +13 41  2.387  35.6163166  13.6839965  35.6163237  13.6839941   -0.0251    0.0087    0.0153 17 29 14.00    10.00 /U
2020 11 14.741111  2 22 27.7871 +13 41  1.864  35.6157796  13.6838512  35.6157804  13.6838486   -0.0028    0.0092    0.0164 17 47 12.00    10.00 /U
2020 11 14.690162  2 22 28.3189 +13 41  3.958  35.6179952  13.6844328  35.6180008  13.6844391   -0.0193   -0.0228    0.0199 16 33 50.00    10.00 /U
2020 11 14.689120  2 22 28.3317 +13 41  4.033  35.6180485  13.6844537  35.6180462  13.6844511    0.0083    0.0094    0.0188 16 32 20.00    10.00 /U
2020 11 14.651690  2 22 28.7221 +13 41  5.584  35.6196753  13.6848844  35.6196789  13.6848790   -0.0127    0.0197    0.0124 15 38 26.00    10.00 /U
2020 11 14.652211  2 22 28.7150 +13 41  5.541  35.6196457  13.6848725  35.6196562  13.6848730   -0.0366   -0.0020    0.0308 15 39 11.00    10.00 /U
2020 11 14.652731  2 22 28.7115 +13 41  5.519  35.6196314  13.6848664  35.6196335  13.6848671   -0.0073   -0.0026    0.0103 15 39 56.00    10.00 /U
2020 11 14.653252  2 22 28.7056 +13 41  5.525  35.6196067  13.6848679  35.6196108  13.6848612   -0.0144    0.0242    0.0135 15 40 41.00    10.00 /U
2020 11 14.653773  2 22 28.7033 +13 41  5.458  35.6195973  13.6848494  35.6195881  13.6848553    0.0322   -0.0210    0.0226 15 41 26.00    10.00 /U
2020 11 14.654294  2 22 28.6948 +13 41  5.463  35.6195618  13.6848509  35.6195653  13.6848493   -0.0122    0.0057    0.0108 15 42 11.00    10.00 /U
2020 11 14.654803  2 22 28.6889 +13 41  5.453  35.6195371  13.6848481  35.6195431  13.6848436   -0.0212    0.0162    0.0131 15 42 55.00    10.00 /U
2020 11 14.655324  2 22 28.6843 +13 41  5.411  35.6195179  13.6848365  35.6195204  13.6848376   -0.0087   -0.0041    0.0272 15 43 40.00    10.00 /U
2020 11 14.656366  2 22 28.6738 +13 41  5.356  35.6194743  13.6848212  35.6194750  13.6848258   -0.0024   -0.0163    0.0248 15 45 10.00    10.00 /U
2020 11 14.657407  2 22 28.6635 +13 41  5.306  35.6194314  13.6848071  35.6194295  13.6848139    0.0064   -0.0246    0.0196 15 46 40.00    10.00 /U
2020 11 14.657928  2 22 28.6577 +13 41  5.274  35.6194070  13.6847983  35.6194068  13.6848080    0.0007   -0.0348    0.0181 15 47 25.00    10.00 /U
2020 11 14.658449  2 22 28.6529 +13 41  5.256  35.6193870  13.6847933  35.6193841  13.6848021    0.0101   -0.0314    0.0147 15 48 10.00    10.00 /U
2020 11 14.658970  2 22 28.6470 +13 41  5.250  35.6193624  13.6847916  35.6193614  13.6847961    0.0038   -0.0161    0.0077 15 48 55.00    10.00 /U
2020 11 14.659491  2 22 28.6425 +13 41  5.217  35.6193437  13.6847825  35.6193386  13.6847902    0.0177   -0.0277    0.0296 15 49 40.00    10.00 /U
2020 11 14.660012  2 22 28.6345 +13 41  5.206  35.6193106  13.6847796  35.6193159  13.6847843   -0.0187   -0.0169    0.0163 15 50 25.00    10.00 /U
2020 11 14.660521  2 22 28.6301 +13 41  5.221  35.6192920  13.6847835  35.6192937  13.6847785   -0.0060    0.0183    0.0214 15 51  9.00    10.00 /U
2020 11 14.661042  2 22 28.6251 +13 41  5.174  35.6192713  13.6847705  35.6192710  13.6847725    0.0010   -0.0073    0.0129 15 51 54.00    10.00 /U
2020 11 14.661563  2 22 28.6190 +13 41  5.179  35.6192458  13.6847720  35.6192483  13.6847666   -0.0087    0.0196    0.0195 15 52 39.00    10.00 /U
2020 11 14.662083  2 22 28.6134 +13 41  5.133  35.6192223  13.6847592  35.6192255  13.6847606   -0.0114   -0.0051    0.0238 15 53 24.00    10.00 /U
2020 11 14.662604  2 22 28.6088 +13 41  5.123  35.6192035  13.6847564  35.6192028  13.6847547    0.0022    0.0062    0.0180 15 54  9.00    10.00 /U
2020 11 14.651169  2 22 28.7277 +13 41  5.584  35.6196987  13.6848844  35.6197017  13.6848849   -0.0103   -0.0015    0.0177 15 37 41.00    10.00 /U
2020 11 14.663125  2 22 28.6029 +13 41  5.054  35.6191789  13.6847373  35.6191801  13.6847488   -0.0042   -0.0414    0.0168 15 54 54.00    10.00 /U
2020 11 14.650648  2 22 28.7330 +13 41  5.622  35.6197207  13.6848950  35.6197244  13.6848908   -0.0127    0.0153    0.0182 15 36 56.00    10.00 /U
2020 11 14.649606  2 22 28.7443 +13 41  5.632  35.6197681  13.6848979  35.6197698  13.6849026   -0.0061   -0.0171    0.0183 15 35 26.00    10.00 /U
2020 11 14.638692  2 22 28.8583 +13 41  6.060  35.6202427  13.6850165  35.6202459  13.6850264   -0.0109   -0.0354    0.0212 15 19 43.00    10.00 /U
2020 11 14.639213  2 22 28.8516 +13 41  6.074  35.6202152  13.6850205  35.6202231  13.6850205   -0.0278    0.0002    0.0306 15 20 28.00    10.00 /U
2020 11 14.639734  2 22 28.8461 +13 41  6.037  35.6201920  13.6850103  35.6202004  13.6850146   -0.0294   -0.0152    0.0237 15 21 13.00    10.00 /U
2020 11 14.640243  2 22 28.8432 +13 41  5.999  35.6201798  13.6849997  35.6201782  13.6850088    0.0056   -0.0327    0.0218 15 21 57.00    10.00 /U
2020 11 14.640775  2 22 28.8363 +13 41  5.989  35.6201513  13.6849970  35.6201550  13.6850028   -0.0131   -0.0207    0.0180 15 22 43.00    10.00 /U
2020 11 14.641296  2 22 28.8324 +13 41  5.972  35.6201350  13.6849922  35.6201323  13.6849969    0.0097   -0.0167    0.0185 15 23 28.00    10.00 /U
2020 11 14.641817  2 22 28.8252 +13 41  5.968  35.6201048  13.6849912  35.6201096  13.6849910   -0.0166    0.0008    0.0164 15 24 13.00    10.00 /U
2020 11 14.642326  2 22 28.8217 +13 41  5.925  35.6200906  13.6849792  35.6200874  13.6849852    0.0112   -0.0218    0.0224 15 24 57.00    10.00 /U
2020 11 14.642847  2 22 28.8166 +13 41  5.907  35.6200691  13.6849741  35.6200646  13.6849793    0.0157   -0.0186    0.0179 15 25 42.00    10.00 /U
2020 11 14.643368  2 22 28.8084 +13 41  5.883  35.6200350  13.6849676  35.6200419  13.6849734   -0.0241   -0.0208    0.0173 15 26 27.00    10.00 /U
2020 11 14.643889  2 22 28.8041 +13 41  5.890  35.6200170  13.6849696  35.6200192  13.6849675   -0.0078    0.0074    0.0209 15 27 12.00    10.00 /U
2020 11 14.644410  2 22 28.7987 +13 41  5.845  35.6199944  13.6849569  35.6199965  13.6849616   -0.0073   -0.0170    0.0171 15 27 57.00    10.00 /U
2020 11 14.644931  2 22 28.7946 +13 41  5.813  35.6199774  13.6849480  35.6199738  13.6849557    0.0128   -0.0277    0.0125 15 28 42.00    10.00 /U
2020 11 14.645451  2 22 28.7875 +13 41  5.798  35.6199479  13.6849438  35.6199511  13.6849498   -0.0112   -0.0215    0.0186 15 29 27.00    10.00 /U
2020 11 14.645972  2 22 28.7834 +13 41  5.784  35.6199308  13.6849400  35.6199283  13.6849439    0.0085   -0.0139    0.0189 15 30 12.00    10.00 /U
2020 11 14.646493  2 22 28.7768 +13 41  5.808  35.6199034  13.6849466  35.6199056  13.6849380   -0.0076    0.0310    0.0262 15 30 57.00    10.00 /U
2020 11 14.647014  2 22 28.7699 +13 41  5.731  35.6198745  13.6849252  35.6198829  13.6849321   -0.0294   -0.0248    0.0189 15 31 42.00    10.00 /U
2020 11 14.647535  2 22 28.7672 +13 41  5.736  35.6198632  13.6849265  35.6198602  13.6849261    0.0104    0.0014    0.0305 15 32 27.00    10.00 /U
2020 11 14.648044  2 22 28.7597 +13 41  5.702  35.6198322  13.6849172  35.6198380  13.6849204   -0.0202   -0.0113    0.0276 15 33 11.00    10.00 /U
2020 11 14.648565  2 22 28.7565 +13 41  5.685  35.6198190  13.6849126  35.6198153  13.6849144    0.0129   -0.0066    0.0338 15 33 56.00    10.00 /U
2020 11 14.649086  2 22 28.7504 +13 41  5.670  35.6197933  13.6849082  35.6197925  13.6849085    0.0028   -0.0012    0.0399 15 34 41.00    10.00 /U
2020 11 14.650127  2 22 28.7385 +13 41  5.645  35.6197439  13.6849013  35.6197471  13.6848967   -0.0111    0.0165    0.0123 15 36 11.00    10.00 /U
2020 11 14.689641  2 22 28.3232 +13 41  4.000  35.6180132  13.6844446  35.6180235  13.6844451   -0.0359   -0.0019    0.0157 16 33  5.00    10.00 /U
2020 11 14.663646  2 22 28.5954 +13 41  5.015  35.6191473  13.6847264  35.6191574  13.6847428   -0.0351   -0.0590    0.0310 15 55 39.00    10.00 /U
2020 11 14.664687  2 22 28.5873 +13 41  4.991  35.6191138  13.6847198  35.6191119  13.6847309    0.0064   -0.0402    0.0259 15 57  9.00    10.00 /U
2020 11 14.678206  2 22 28.4436 +13 41  4.450  35.6185149  13.6845693  35.6185222  13.6845764   -0.0257   -0.0254    0.0293 16 16 37.00    10.00 /U
2020 11 14.678727  2 22 28.4403 +13 41  4.461  35.6185013  13.6845726  35.6184995  13.6845704    0.0063    0.0079    0.0301 16 17 22.00    10.00 /U
2020 11 14.679248  2 22 28.4326 +13 41  4.411  35.6184691  13.6845585  35.6184768  13.6845644   -0.0270   -0.0213    0.0331 16 18  7.00    10.00 /U
2020 11 14.679757  2 22 28.4316 +13 41  4.377  35.6184651  13.6845492  35.6184546  13.6845586    0.0367   -0.0336    0.0224 16 18 51.00    10.00 /U
2020 11 14.680278  2 22 28.4234 +13 41  4.369  35.6184310  13.6845469  35.6184319  13.6845526   -0.0032   -0.0206    0.0179 16 19 36.00    10.00 /U
2020 11 14.680799  2 22 28.4169 +13 41  4.349  35.6184037  13.6845414  35.6184092  13.6845467   -0.0190   -0.0190    0.0278 16 20 21.00    10.00 /U
2020 11 14.681319  2 22 28.4123 +13 41  4.346  35.6183845  13.6845405  35.6183864  13.6845407   -0.0069   -0.0005    0.0253 16 21  6.00    10.00 /U
2020 11 14.681840  2 22 28.4045 +13 41  4.335  35.6183523  13.6845374  35.6183637  13.6845347   -0.0400    0.0096    0.0194 16 21 51.00    10.00 /U
2020 11 14.682361  2 22 28.4033 +13 41  4.275  35.6183470  13.6845209  35.6183410  13.6845287    0.0209   -0.0283    0.0167 16 22 36.00    10.00 /U
2020 11 14.682882  2 22 28.3939 +13 41  4.270  35.6183081  13.6845194  35.6183183  13.6845228   -0.0355   -0.0122    0.0101 16 23 21.00    10.00 /U
2020 11 14.683403  2 22 28.3900 +13 41  4.281  35.6182916  13.6845225  35.6182956  13.6845168   -0.0138    0.0207    0.0141 16 24  6.00    10.00 /U
2020 11 14.683924  2 22 28.3863 +13 41  4.248  35.6182763  13.6845133  35.6182728  13.6845108    0.0123    0.0091    0.0124 16 24 51.00    10.00 /U
2020 11 14.684444  2 22 28.3814 +13 41  4.175  35.6182558  13.6844929  35.6182501  13.6845048    0.0198   -0.0428    0.0179 16 25 36.00    10.00 /U
2020 11 14.684965  2 22 28.3743 +13 41  4.203  35.6182262  13.6845008  35.6182274  13.6844988   -0.0044    0.0070    0.0155 16 26 21.00    10.00 /U
2020 11 14.685486  2 22 28.3695 +13 41  4.163  35.6182060  13.6844896  35.6182047  13.6844929    0.0047   -0.0116    0.0187 16 27  6.00    10.00 /U
2020 11 14.685995  2 22 28.3627 +13 41  4.134  35.6181781  13.6844817  35.6181825  13.6844870   -0.0154   -0.0191    0.0235 16 27 50.00    10.00 /U
2020 11 14.686516  2 22 28.3563 +13 41  4.135  35.6181511  13.6844818  35.6181598  13.6844810   -0.0303    0.0029    0.0159 16 28 35.00    10.00 /U
2020 11 14.687037  2 22 28.3516 +13 41  4.085  35.6181315  13.6844681  35.6181370  13.6844750   -0.0194   -0.0251    0.0195 16 29 20.00    10.00 /U
2020 11 14.687558  2 22 28.3441 +13 41  4.082  35.6181004  13.6844671  35.6181143  13.6844691   -0.0489   -0.0070    0.0319 16 30  5.00    10.00 /U
2020 11 14.688079  2 22 28.3402 +13 41  4.056  35.6180842  13.6844601  35.6180916  13.6844631   -0.0258   -0.0106    0.0138 16 30 50.00    10.00 /U
2020 11 14.688600  2 22 28.3358 +13 41  4.050  35.6180658  13.6844583  35.6180689  13.6844571   -0.0107    0.0045    0.0142 16 31 35.00    10.00 /U
2020 11 14.677685  2 22 28.4513 +13 41  4.496  35.6185470  13.6845821  35.6185450  13.6845823    0.0072   -0.0007    0.0374 16 15 52.00    10.00 /U
2020 11 14.664167  2 22 28.5911 +13 41  5.036  35.6191295  13.6847322  35.6191347  13.6847369   -0.0181   -0.0170    0.0267 15 56 24.00    10.00 /U
2020 11 14.677164  2 22 28.4541 +13 41  4.520  35.6185587  13.6845889  35.6185677  13.6845883   -0.0315    0.0023    0.0187 16 15  7.00    10.00 /U
2020 11 14.676123  2 22 28.4678 +13 41  4.572  35.6186159  13.6846033  35.6186131  13.6846002    0.0097    0.0110    0.0265 16 13 37.00    10.00 /U
2020 11 14.665208  2 22 28.5812 +13 41  5.012  35.6190885  13.6847257  35.6190892  13.6847250   -0.0025    0.0025    0.0117 15 57 54.00    10.00 /U
2020 11 14.665729  2 22 28.5779 +13 41  4.967  35.6190747  13.6847132  35.6190665  13.6847191    0.0286   -0.0211    0.0225 15 58 39.00    10.00 /U
2020 11 14.666250  2 22 28.5696 +13 41  4.981  35.6190399  13.6847168  35.6190438  13.6847131   -0.0137    0.0134    0.0152 15 59 24.00    10.00 /U
2020 11 14.666771  2 22 28.5648 +13 41  4.940  35.6190201  13.6847055  35.6190211  13.6847072   -0.0034   -0.0059    0.0212 16  0  9.00    10.00 /U
2020 11 14.667280  2 22 28.5605 +13 41  4.951  35.6190023  13.6847086  35.6189989  13.6847014    0.0120    0.0262    0.0244 16  0 53.00    10.00 /U
2020 11 14.667801  2 22 28.5541 +13 41  4.893  35.6189755  13.6846926  35.6189761  13.6846954   -0.0021   -0.0100    0.0172 16  1 38.00    10.00 /U
2020 11 14.668322  2 22 28.5483 +13 41  4.873  35.6189511  13.6846870  35.6189534  13.6846895   -0.0080   -0.0090    0.0100 16  2 23.00    10.00 /U
2020 11 14.668843  2 22 28.5432 +13 41  4.861  35.6189299  13.6846837  35.6189307  13.6846835   -0.0026    0.0007    0.0144 16  3  8.00    10.00 /U
2020 11 14.669363  2 22 28.5371 +13 41  4.841  35.6189047  13.6846780  35.6189080  13.6846776   -0.0114    0.0018    0.0236 16  3 53.00    10.00 /U
2020 11 14.669884  2 22 28.5329 +13 41  4.815  35.6188870  13.6846709  35.6188852  13.6846716    0.0063   -0.0025    0.0245 16  4 38.00    10.00 /U
2020 11 14.670405  2 22 28.5260 +13 41  4.767  35.6188583  13.6846576  35.6188625  13.6846656   -0.0149   -0.0290    0.0179 16  5 23.00    10.00 /U
2020 11 14.670926  2 22 28.5201 +13 41  4.771  35.6188336  13.6846585  35.6188398  13.6846597   -0.0217   -0.0041    0.0205 16  6  8.00    10.00 /U
2020 11 14.671447  2 22 28.5143 +13 41  4.736  35.6188094  13.6846488  35.6188171  13.6846537   -0.0269   -0.0178    0.0249 16  6 53.00    10.00 /U
2020 11 14.671968  2 22 28.5098 +13 41  4.724  35.6187908  13.6846456  35.6187944  13.6846478   -0.0127   -0.0077    0.0113 16  7 38.00    10.00 /U
2020 11 14.672488  2 22 28.5050 +13 41  4.698  35.6187709  13.6846383  35.6187716  13.6846418   -0.0027   -0.0127    0.0145 16  8 23.00    10.00 /U
2020 11 14.673009  2 22 28.4969 +13 41  4.665  35.6187371  13.6846290  35.6187489  13.6846359   -0.0414   -0.0246    0.0159 16  9  8.00    10.00 /U
2020 11 14.673519  2 22 28.4953 +13 41  4.666  35.6187304  13.6846293  35.6187267  13.6846300    0.0128   -0.0026    0.0134 16  9 52.00    10.00 /U
2020 11 14.674039  2 22 28.4862 +13 41  4.671  35.6186925  13.6846310  35.6187040  13.6846241   -0.0400    0.0247    0.0183 16 10 37.00    10.00 /U
2020 11 14.674560  2 22 28.4811 +13 41  4.638  35.6186713  13.6846217  35.6186813  13.6846181   -0.0349    0.0127    0.0214 16 11 22.00    10.00 /U
2020 11 14.675081  2 22 28.4772 +13 41  4.595  35.6186551  13.6846098  35.6186586  13.6846122   -0.0120   -0.0086    0.0183 16 12  7.00    10.00 /U
2020 11 14.675602  2 22 28.4734 +13 41  4.565  35.6186392  13.6846015  35.6186358  13.6846062    0.0117   -0.0170    0.0214 16 12 52.00    10.00 /U
2020 11 14.676644  2 22 28.4608 +13 41  4.533  35.6185868  13.6845925  35.6185904  13.6845943   -0.0127   -0.0063    0.0134 16 14 22.00    10.00 /U
2020 11 14.741632  2 22 27.7814 +13 41  1.818  35.6157558  13.6838383  35.6157577  13.6838425   -0.0067   -0.0152    0.0318 17 47 57.00    10.00 /U
2020 11 15.628738  2 22 18.7037 +13 40 21.314  35.5779320  13.6725874  35.5779486  13.6725818   -0.0579    0.0202    0.0800 15  5 23.00    10.00 /U
2020 11 15.631863  2 22 18.6947 +13 40 20.801  35.5778944  13.6724448  35.5778136  13.6725388    0.2826   -0.3381    0.0710 15  9 53.00    10.00 /U
2020 11 15.631343  2 22 18.6925 +13 40 20.742  35.5778852  13.6724284  35.5778361  13.6725459    0.1718   -0.4230    0.0521 15  9  8.00    10.00 /U
2020 11 15.630822  2 22 18.6872 +13 40 21.096  35.5778632  13.6725268  35.5778586  13.6725531    0.0161   -0.0947    0.0500 15  8 23.00    10.00 /U
2020 11 15.630301  2 22 18.6914 +13 40 21.150  35.5778809  13.6725415  35.5778811  13.6725603   -0.0009   -0.0674    0.0553 15  7 38.00    10.00 /U
2020 11 15.629780  2 22 18.6891 +13 40 21.312  35.5778712  13.6725866  35.5779036  13.6725674   -0.1132    0.0692    0.0565 15  6 53.00    10.00 /U
2020 11 15.629259  2 22 18.6987 +13 40 21.277  35.5779114  13.6725769  35.5779261  13.6725746   -0.0515    0.0085    0.0451 15  6  8.00    10.00 /U
2020 11 16.626713  2 22  8.6831 +13 39 27.695  35.5361794  13.6576932  35.5361866  13.6576858   -0.0250    0.0264    0.0471 15  2 28.00    10.00 /U
2020 11 16.627234  2 22  8.6603 +13 39 27.782  35.5360846  13.6577173  35.5361648  13.6576775   -0.2802    0.1430    0.0378 15  3 13.00    10.00 /U
2020 11 16.627755  2 22  8.6736 +13 39 27.388  35.5361400  13.6576079  35.5361429  13.6576692   -0.0102   -0.2208    0.0211 15  3 58.00    10.00 /U
2020 11 16.628275  2 22  8.6726 +13 39 27.323  35.5361357  13.6575898  35.5361211  13.6576609    0.0509   -0.2560    0.0247 15  4 43.00    10.00 /U
2020 11 16.628796  2 22  8.6620 +13 39 27.531  35.5360918  13.6576476  35.5360993  13.6576526   -0.0264   -0.0181    0.0217 15  5 28.00    10.00 /U
2020 11 16.629317  2 22  8.6626 +13 39 27.721  35.5360943  13.6577003  35.5360775  13.6576443    0.0586    0.2014    0.0438 15  6 13.00    10.00 /U
2020 11 16.629838  2 22  8.6772 +13 39 27.345  35.5361552  13.6575958  35.5360557  13.6576360    0.3479   -0.1449    0.0320 15  6 58.00    10.00 /U
2020 11 18.589421  2 21 50.2724 +13 37 26.291  35.4594682  13.6239697  35.4594772  13.6239676   -0.0315    0.0077    0.0513 14  8 46.00    10.00 /U
2020 11 18.589942  2 21 50.2461 +13 37 26.544  35.4593586  13.6240401  35.4594576  13.6239584   -0.3465    0.2942    0.0543 14  9 31.00    10.00 /U
2020 11 18.590984  2 21 50.2619 +13 37 26.152  35.4594246  13.6239310  35.4594185  13.6239400    0.0214   -0.0326    0.0318 14 11  1.00    10.00 /U
2020 11 18.591505  2 21 50.2641 +13 37 26.155  35.4594339  13.6239319  35.4593989  13.6239309    0.1224    0.0037    0.0252 14 11 46.00    10.00 /U
2020 11 18.592025  2 21 50.2598 +13 37 26.181  35.4594158  13.6239391  35.4593794  13.6239217    0.1274    0.0627    0.0369 14 12 31.00    10.00 /U
2020 11 18.592546  2 21 50.2654 +13 37 26.213  35.4594393  13.6239481  35.4593598  13.6239125    0.2782    0.1280    0.0398 14 13 16.00    10.00 /U
2020 11 18.593067  2 21 50.2670 +13 37 26.009  35.4594457  13.6238914  35.4593402  13.6239033    0.3690   -0.0428    0.0380 14 14  1.00    10.00 /U
2020 11 18.594630  2 21 50.2573 +13 37 25.912  35.4594055  13.6238644  35.4592815  13.6238758    0.4339   -0.0409    0.0303 14 16 16.00    10.00 /U
2020 11 18.594109  2 21 50.2640 +13 37 25.906  35.4594331  13.6238627  35.4593011  13.6238850    0.4620   -0.0801    0.0301 14 15 31.00    10.00 /U
