2020 11 13.634543  2 22 37.6048 +13 41 18.702  35.6566866  13.6885282  35.6567101  13.6884772   -0.0822    0.1835    0.0625 15 13 44.50     5.00 /U
2020 11 13.698947  2 22 36.8893 +13 41 13.928  35.6537055  13.6872022  35.6537105  13.6872339   -0.0173   -0.1142    0.0313 16 46 29.00    10.00 /U
2020 11 13.698426  2 22 36.8967 +13 41 14.143  35.6537364  13.6872619  35.6537343  13.6872447    0.0074    0.0620    0.0246 16 45 44.00    10.00 /U
2020 11 13.697905  2 22 36.9063 +13 41 14.094  35.6537762  13.6872485  35.6537582  13.6872554    0.0629   -0.0250    0.0219 16 44 59.00    10.00 /U
2020 11 13.697384  2 22 36.9119 +13 41 14.224  35.6537994  13.6872845  35.6537820  13.6872661    0.0609    0.0660    0.0252 16 44 14.00    10.00 /U
2020 11 13.696863  2 22 36.9056 +13 41 14.149  35.6537734  13.6872636  35.6538059  13.6872769   -0.1135   -0.0478    0.0270 16 43 29.00    10.00 /U
2020 11 13.696343  2 22 36.9188 +13 41 14.192  35.6538284  13.6872755  35.6538298  13.6872876   -0.0048   -0.0435    0.0279 16 42 44.00    10.00 /U
2020 11 13.695822  2 22 36.9280 +13 41 14.265  35.6538667  13.6872957  35.6538536  13.6872983    0.0458   -0.0093    0.0287 16 41 59.00    10.00 /U
2020 11 13.695301  2 22 36.9286 +13 41 14.328  35.6538692  13.6873133  35.6538775  13.6873090   -0.0290    0.0156    0.0223 16 41 14.00    10.00 /U
2020 11 13.694259  2 22 36.9395 +13 41 14.463  35.6539147  13.6873509  35.6539253  13.6873303   -0.0371    0.0741    0.0219 16 39 44.00    10.00 /U
2020 11 13.693750  2 22 36.9443 +13 41 14.487  35.6539347  13.6873574  35.6539487  13.6873407   -0.0489    0.0599    0.0305 16 39  0.00    10.00 /U
2020 11 13.693229  2 22 36.9602 +13 41 14.484  35.6540008  13.6873568  35.6539726  13.6873514    0.0988    0.0194    0.0296 16 38 15.00    10.00 /U
2020 11 13.692708  2 22 36.9590 +13 41 14.525  35.6539957  13.6873681  35.6539965  13.6873620   -0.0030    0.0217    0.0256 16 37 30.00    10.00 /U
2020 11 13.692187  2 22 36.9627 +13 41 14.620  35.6540113  13.6873945  35.6540205  13.6873727   -0.0321    0.0787    0.0227 16 36 45.00    10.00 /U
2020 11 13.691667  2 22 36.9750 +13 41 14.676  35.6540626  13.6874101  35.6540444  13.6873833    0.0637    0.0964    0.0222 16 36  0.00    10.00 /U
2020 11 13.691146  2 22 36.9731 +13 41 14.635  35.6540547  13.6873985  35.6540683  13.6873939   -0.0476    0.0168    0.0247 16 35 15.00    10.00 /U
2020 11 13.690625  2 22 36.9815 +13 41 14.678  35.6540896  13.6874107  35.6540923  13.6874045   -0.0093    0.0223    0.0115 16 34 30.00    10.00 /U
2020 11 13.682824  2 22 37.0730 +13 41 15.248  35.6544710  13.6875689  35.6544519  13.6875619    0.0667    0.0255    0.0250 16 23 16.00    10.00 /U
2020 11 13.683345  2 22 37.0622 +13 41 15.214  35.6544258  13.6875594  35.6544279  13.6875514   -0.0071    0.0286    0.0209 16 24  1.00    10.00 /U
2020 11 13.683866  2 22 37.0536 +13 41 15.085  35.6543898  13.6875237  35.6544038  13.6875410   -0.0489   -0.0621    0.0206 16 24 46.00    10.00 /U
2020 11 13.684907  2 22 37.0458 +13 41 15.024  35.6543574  13.6875066  35.6543557  13.6875201    0.0060   -0.0483    0.0196 16 26 16.00    10.00 /U
2020 11 13.685428  2 22 37.0425 +13 41 15.224  35.6543439  13.6875623  35.6543317  13.6875096    0.0428    0.1897    0.0266 16 27  1.00    10.00 /U
2020 11 13.685937  2 22 37.0325 +13 41 15.026  35.6543023  13.6875072  35.6543082  13.6874993   -0.0207    0.0283    0.0132 16 27 45.00    10.00 /U
2020 11 13.699468  2 22 36.8709 +13 41 14.206  35.6536287  13.6872795  35.6536867  13.6872231   -0.2029    0.2028    0.0298 16 47 14.00    10.00 /U
2020 11 13.686458  2 22 37.0280 +13 41 15.073  35.6542834  13.6875203  35.6542842  13.6874888   -0.0028    0.1134    0.0119 16 28 30.00    10.00 /U
2020 11 13.687500  2 22 37.0107 +13 41 14.934  35.6542111  13.6874816  35.6542362  13.6874678   -0.0875    0.0495    0.0464 16 30  0.00    10.00 /U
2020 11 13.688021  2 22 37.0140 +13 41 14.893  35.6542249  13.6874702  35.6542122  13.6874573    0.0445    0.0464    0.0151 16 30 45.00    10.00 /U
2020 11 13.688542  2 22 37.0030 +13 41 14.846  35.6541791  13.6874573  35.6541882  13.6874468   -0.0318    0.0378    0.0341 16 31 30.00    10.00 /U
2020 11 13.689063  2 22 36.9945 +13 41 14.847  35.6541439  13.6874575  35.6541642  13.6874362   -0.0710    0.0765    0.0366 16 32 15.00    10.00 /U
2020 11 13.689583  2 22 36.9917 +13 41 14.793  35.6541322  13.6874426  35.6541402  13.6874256   -0.0279    0.0610    0.0234 16 33  0.00    10.00 /U
2020 11 13.690104  2 22 36.9843 +13 41 14.776  35.6541012  13.6874379  35.6541163  13.6874151   -0.0526    0.0821    0.0401 16 33 45.00    10.00 /U
2020 11 13.686979  2 22 37.0174 +13 41 15.041  35.6542391  13.6875114  35.6542602  13.6874783   -0.0735    0.1189    0.0208 16 29 15.00    10.00 /U
2020 11 13.682303  2 22 37.0739 +13 41 15.289  35.6544744  13.6875802  35.6544760  13.6875723   -0.0056    0.0284    0.0079 16 22 31.00    10.00 /U
2020 11 13.701030  2 22 36.8741 +13 41 13.984  35.6536421  13.6872178  35.6536152  13.6871908    0.0941    0.0975    0.0271 16 49 29.00    10.00 /U
2020 11 13.719172  2 22 36.6702 +13 41 12.781  35.6527927  13.6868836  35.6527910  13.6868082    0.0060    0.2714    0.0216 17 15 36.50    15.00 /U
2020 11 13.718594  2 22 36.6735 +13 41 12.631  35.6528061  13.6868419  35.6528171  13.6868206   -0.0384    0.0765    0.0235 17 14 46.50    15.00 /U
2020 11 13.718015  2 22 36.6785 +13 41 12.633  35.6528271  13.6868424  35.6528433  13.6868330   -0.0566    0.0338    0.0300 17 13 56.50    15.00 /U
2020 11 13.716291  2 22 36.6981 +13 41 12.878  35.6529089  13.6869105  35.6529212  13.6868698   -0.0430    0.1466    0.0223 17 11 27.50    15.00 /U
2020 11 13.715712  2 22 36.6984 +13 41 12.795  35.6529102  13.6868876  35.6529474  13.6868821   -0.1302    0.0196    0.0275 17 10 37.50    15.00 /U
2020 11 13.715133  2 22 36.7037 +13 41 12.874  35.6529321  13.6869095  35.6529736  13.6868944   -0.1452    0.0544    0.0278 17  9 47.50    15.00 /U
2020 11 13.714554  2 22 36.7215 +13 41 12.932  35.6530063  13.6869256  35.6529998  13.6869067    0.0228    0.0678    0.0316 17  8 57.50    15.00 /U
2020 11 13.713976  2 22 36.7299 +13 41 13.033  35.6530412  13.6869536  35.6530260  13.6869190    0.0530    0.1246    0.0134 17  8  7.50    15.00 /U
2020 11 13.713397  2 22 36.7389 +13 41 12.937  35.6530787  13.6869269  35.6530523  13.6869313    0.0923   -0.0160    0.0352 17  7 17.50    15.00 /U
2020 11 13.712818  2 22 36.7456 +13 41 13.247  35.6531065  13.6870131  35.6530785  13.6869436    0.0978    0.2503    0.0291 17  6 27.50    15.00 /U
2020 11 13.712240  2 22 36.7510 +13 41 13.222  35.6531290  13.6870060  35.6531048  13.6869558    0.0848    0.1808    0.0287 17  5 37.50    15.00 /U
2020 11 13.711661  2 22 36.7472 +13 41 13.149  35.6531132  13.6869857  35.6531310  13.6869681   -0.0624    0.0635    0.0482 17  4 47.50    15.00 /U
2020 11 13.710503  2 22 36.7745 +13 41 13.267  35.6532270  13.6870187  35.6531836  13.6869925    0.1518    0.0944    0.0392 17  3  7.50    15.00 /U
2020 11 13.709346  2 22 36.7728 +13 41 13.211  35.6532201  13.6870029  35.6532362  13.6870169   -0.0562   -0.0504    0.0489 17  1 27.50    15.00 /U
2020 11 13.701551  2 22 36.8530 +13 41 13.908  35.6535543  13.6871968  35.6535914  13.6871800   -0.1298    0.0606    0.0212 16 50 14.00    10.00 /U
2020 11 13.702072  2 22 36.8499 +13 41 13.948  35.6535414  13.6872078  35.6535676  13.6871691   -0.0916    0.1393    0.0141 16 50 59.00    10.00 /U
2020 11 13.702402  2 22 36.8506 +13 41 13.870  35.6535442  13.6871862  35.6535526  13.6871623   -0.0294    0.0862    0.0155 16 51 27.50    15.00 /U
2020 11 13.702980  2 22 36.8408 +13 41 13.791  35.6535032  13.6871640  35.6535261  13.6871502   -0.0802    0.0497    0.0255 16 52 17.50    15.00 /U
2020 11 13.703559  2 22 36.8384 +13 41 13.898  35.6534932  13.6871938  35.6534997  13.6871382   -0.0230    0.2004    0.0170 16 53  7.50    15.00 /U
2020 11 13.704138  2 22 36.8398 +13 41 13.792  35.6534991  13.6871646  35.6534733  13.6871261    0.0903    0.1384    0.0140 16 53 57.50    15.00 /U
2020 11 13.700509  2 22 36.8727 +13 41 14.065  35.6536364  13.6872404  35.6536390  13.6872016   -0.0091    0.1397    0.0203 16 48 44.00    10.00 /U
2020 11 13.704716  2 22 36.8220 +13 41 13.682  35.6534249  13.6871340  35.6534469  13.6871140   -0.0772    0.0718    0.0207 16 54 47.50    15.00 /U
2020 11 13.705874  2 22 36.8158 +13 41 13.777  35.6533990  13.6871603  35.6533942  13.6870898    0.0167    0.2538    0.0280 16 56 27.50    15.00 /U
2020 11 13.706453  2 22 36.8016 +13 41 13.516  35.6533400  13.6870878  35.6533678  13.6870777   -0.0972    0.0364    0.0087 16 57 17.50    15.00 /U
2020 11 13.707610  2 22 36.7823 +13 41 13.358  35.6532595  13.6870440  35.6533151  13.6870534   -0.1946   -0.0339    0.0149 16 58 57.50    15.00 /U
2020 11 13.708189  2 22 36.7872 +13 41 13.428  35.6532799  13.6870635  35.6532888  13.6870413   -0.0311    0.0799    0.0445 16 59 47.50    15.00 /U
2020 11 13.708767  2 22 36.7896 +13 41 13.495  35.6532899  13.6870818  35.6532625  13.6870291    0.0958    0.1897    0.0577 17  0 37.50    15.00 /U
2020 11 13.705295  2 22 36.8223 +13 41 13.808  35.6534261  13.6871688  35.6534205  13.6871019    0.0194    0.2405    0.0142 16 55 37.50    15.00 /U
2020 11 13.719751  2 22 36.6621 +13 41 12.725  35.6527588  13.6868679  35.6527649  13.6867958   -0.0213    0.2596    0.0355 17 16 26.50    15.00 /U
2020 11 13.681782  2 22 37.0765 +13 41 15.325  35.6544853  13.6875904  35.6545001  13.6875827   -0.0517    0.0277    0.0155 16 21 46.00    10.00 /U
2020 11 13.680741  2 22 37.0887 +13 41 15.423  35.6545364  13.6876176  35.6545482  13.6876035   -0.0415    0.0508    0.0255 16 20 16.00    10.00 /U
2020 11 13.650567  2 22 37.4317 +13 41 17.547  35.6559654  13.6882074  35.6559551  13.6881851    0.0363    0.0806    0.0206 15 36 49.00    10.00 /U
2020 11 13.650046  2 22 37.4378 +13 41 17.549  35.6559907  13.6882081  35.6559795  13.6881947    0.0390    0.0481    0.0176 15 36  4.00    10.00 /U
2020 11 13.649525  2 22 37.4451 +13 41 17.605  35.6560211  13.6882235  35.6560040  13.6882044    0.0600    0.0688    0.0166 15 35 19.00    10.00 /U
2020 11 13.649005  2 22 37.4469 +13 41 17.593  35.6560288  13.6882202  35.6560285  13.6882141    0.0011    0.0221    0.0221 15 34 34.00    10.00 /U
2020 11 13.648484  2 22 37.4482 +13 41 17.610  35.6560343  13.6882250  35.6560529  13.6882237   -0.0650    0.0047    0.0266 15 33 49.00    10.00 /U
2020 11 13.647975  2 22 37.4646 +13 41 17.771  35.6561025  13.6882696  35.6560769  13.6882331    0.0895    0.1313    0.0285 15 33  5.00    10.00 /U
2020 11 13.647454  2 22 37.4687 +13 41 17.763  35.6561198  13.6882676  35.6561014  13.6882428    0.0643    0.0895    0.0265 15 32 20.00    10.00 /U
2020 11 13.646933  2 22 37.4696 +13 41 17.713  35.6561235  13.6882537  35.6561259  13.6882524   -0.0083    0.0046    0.0176 15 31 35.00    10.00 /U
2020 11 13.646412  2 22 37.4760 +13 41 17.812  35.6561502  13.6882810  35.6561504  13.6882620   -0.0007    0.0685    0.0156 15 30 50.00    10.00 /U
2020 11 13.645891  2 22 37.4806 +13 41 17.823  35.6561691  13.6882841  35.6561749  13.6882715   -0.0203    0.0453    0.0230 15 30  5.00    10.00 /U
2020 11 13.645370  2 22 37.4920 +13 41 17.879  35.6562168  13.6882997  35.6561994  13.6882811    0.0611    0.0670    0.0193 15 29 20.00    10.00 /U
2020 11 13.644850  2 22 37.4945 +13 41 17.917  35.6562269  13.6883103  35.6562239  13.6882907    0.0106    0.0707    0.0285 15 28 35.00    10.00 /U
2020 11 13.644329  2 22 37.4932 +13 41 17.910  35.6562218  13.6883085  35.6562484  13.6883002   -0.0932    0.0297    0.0200 15 27 50.00    10.00 /U
2020 11 13.643808  2 22 37.5119 +13 41 17.974  35.6562994  13.6883262  35.6562730  13.6883098    0.0926    0.0592    0.0233 15 27  5.00    10.00 /U
2020 11 13.643287  2 22 37.5087 +13 41 18.040  35.6562864  13.6883445  35.6562975  13.6883193   -0.0388    0.0907    0.0226 15 26 20.00    10.00 /U
2020 11 13.642766  2 22 37.5137 +13 41 17.969  35.6563070  13.6883247  35.6563220  13.6883288   -0.0526   -0.0148    0.0333 15 25 35.00    10.00 /U
2020 11 13.642245  2 22 37.5267 +13 41 18.189  35.6563613  13.6883860  35.6563466  13.6883383    0.0515    0.1717    0.0148 15 24 50.00    10.00 /U
2020 11 13.635006  2 22 37.6064 +13 41 18.578  35.6566935  13.6884940  35.6566883  13.6884689    0.0185    0.0900    0.0682 15 14 24.50     5.00 /U
2020 11 13.635469  2 22 37.5905 +13 41 18.368  35.6566273  13.6884356  35.6566664  13.6884607   -0.1367   -0.0903    0.0398 15 15  4.50     5.00 /U
2020 11 13.636007  2 22 37.5937 +13 41 18.444  35.6566402  13.6884567  35.6566409  13.6884510   -0.0025    0.0205    0.0183 15 15 51.00    10.00 /U
2020 11 13.636528  2 22 37.5863 +13 41 18.362  35.6566097  13.6884338  35.6566163  13.6884417   -0.0231   -0.0284    0.0268 15 16 36.00    10.00 /U
2020 11 13.637049  2 22 37.5856 +13 41 18.413  35.6566068  13.6884481  35.6565917  13.6884323    0.0526    0.0569    0.0327 15 17 21.00    10.00 /U
2020 11 13.637569  2 22 37.5701 +13 41 18.334  35.6565419  13.6884262  35.6565671  13.6884230   -0.0883    0.0117    0.0168 15 18  6.00    10.00 /U
2020 11 13.651088  2 22 37.4177 +13 41 17.526  35.6559071  13.6882017  35.6559306  13.6881754   -0.0822    0.0948    0.0220 15 37 34.00    10.00 /U
2020 11 13.638090  2 22 37.5734 +13 41 18.395  35.6565559  13.6884431  35.6565426  13.6884136    0.0467    0.1064    0.0165 15 18 51.00    10.00 /U
2020 11 13.639132  2 22 37.5588 +13 41 18.277  35.6564951  13.6884102  35.6564934  13.6883948    0.0060    0.0554    0.0311 15 20 21.00    10.00 /U
2020 11 13.639641  2 22 37.5497 +13 41 18.159  35.6564571  13.6883774  35.6564694  13.6883856   -0.0429   -0.0294    0.0200 15 21  5.00    10.00 /U
2020 11 13.640162  2 22 37.5500 +13 41 18.353  35.6564581  13.6884315  35.6564448  13.6883761    0.0467    0.1993    0.0126 15 21 50.00    10.00 /U
2020 11 13.640683  2 22 37.5381 +13 41 18.302  35.6564086  13.6884173  35.6564202  13.6883667   -0.0407    0.1822    0.0177 15 22 35.00    10.00 /U
2020 11 13.641204  2 22 37.5297 +13 41 18.127  35.6563738  13.6883685  35.6563957  13.6883572   -0.0764    0.0407    0.0167 15 23 20.00    10.00 /U
2020 11 13.641725  2 22 37.5322 +13 41 18.158  35.6563843  13.6883772  35.6563711  13.6883478    0.0462    0.1061    0.0276 15 24  5.00    10.00 /U
2020 11 13.638611  2 22 37.5602 +13 41 18.201  35.6565009  13.6883892  35.6565180  13.6884042   -0.0598   -0.0540    0.0447 15 19 36.00    10.00 /U
2020 11 13.681262  2 22 37.0807 +13 41 15.368  35.6545030  13.6876023  35.6545242  13.6875931   -0.0741    0.0333    0.0124 16 21  1.00    10.00 /U
2020 11 13.651609  2 22 37.4172 +13 41 17.372  35.6559050  13.6881588  35.6559061  13.6881657   -0.0039   -0.0246    0.0422 15 38 19.00    10.00 /U
2020 11 13.652650  2 22 37.4067 +13 41 17.404  35.6558614  13.6881678  35.6558573  13.6881462    0.0146    0.0778    0.0225 15 39 49.00    10.00 /U
2020 11 13.680220  2 22 37.1097 +13 41 15.362  35.6546239  13.6876006  35.6545723  13.6876138    0.1803   -0.0477    0.0279 16 19 31.00    10.00 /U
2020 11 13.679699  2 22 37.1055 +13 41 15.543  35.6546061  13.6876509  35.6545964  13.6876242    0.0337    0.0961    0.0235 16 18 46.00    10.00 /U
2020 11 13.679178  2 22 37.1067 +13 41 15.588  35.6546110  13.6876634  35.6546206  13.6876345   -0.0333    0.1040    0.0152 16 18  1.00    10.00 /U
2020 11 13.678657  2 22 37.1157 +13 41 15.572  35.6546489  13.6876590  35.6546447  13.6876449    0.0147    0.0509    0.0207 16 17 16.00    10.00 /U
2020 11 13.677616  2 22 37.1255 +13 41 15.744  35.6546897  13.6877067  35.6546929  13.6876655   -0.0111    0.1481    0.0356 16 15 46.00    10.00 /U
2020 11 13.677095  2 22 37.1246 +13 41 15.671  35.6546856  13.6876864  35.6547171  13.6876758   -0.1100    0.0381    0.0276 16 15  1.00    10.00 /U
2020 11 13.674502  2 22 37.1638 +13 41 15.845  35.6548492  13.6877348  35.6548373  13.6877269    0.0415    0.0282    0.0238 16 11 17.00    10.00 /U
2020 11 13.673981  2 22 37.1563 +13 41 15.986  35.6548181  13.6877739  35.6548615  13.6877372   -0.1518    0.1320    0.0242 16 10 32.00    10.00 /U
2020 11 13.669294  2 22 37.2172 +13 41 16.214  35.6550716  13.6878373  35.6550794  13.6878288   -0.0272    0.0307    0.0221 16  3 47.00    10.00 /U
2020 11 13.668773  2 22 37.2307 +13 41 16.294  35.6551280  13.6878593  35.6551037  13.6878389    0.0853    0.0735    0.0154 16  3  2.00    10.00 /U
2020 11 13.666690  2 22 37.2484 +13 41 16.445  35.6552015  13.6879013  35.6552007  13.6878793    0.0029    0.0793    0.0240 16  0  2.00    10.00 /U
2020 11 13.663576  2 22 37.2891 +13 41 16.641  35.6553712  13.6879560  35.6553459  13.6879392    0.0885    0.0603    0.0269 15 55 33.00    10.00 /U
2020 11 13.663056  2 22 37.2872 +13 41 16.699  35.6553634  13.6879720  35.6553702  13.6879492   -0.0238    0.0821    0.0147 15 54 48.00    10.00 /U
2020 11 13.662535  2 22 37.2939 +13 41 16.734  35.6553912  13.6879817  35.6553946  13.6879592   -0.0118    0.0812    0.0225 15 54  3.00    10.00 /U
2020 11 13.662014  2 22 37.3010 +13 41 16.718  35.6554210  13.6879771  35.6554189  13.6879691    0.0072    0.0288    0.0144 15 53 18.00    10.00 /U
2020 11 13.661493  2 22 37.3082 +13 41 16.687  35.6554506  13.6879685  35.6554432  13.6879791    0.0259   -0.0380    0.0159 15 52 33.00    10.00 /U
2020 11 13.660972  2 22 37.3148 +13 41 16.815  35.6554782  13.6880042  35.6554676  13.6879890    0.0372    0.0548    0.0230 15 51 48.00    10.00 /U
2020 11 13.653171  2 22 37.4045 +13 41 17.414  35.6558520  13.6881707  35.6558328  13.6881365    0.0670    0.1232    0.0305 15 40 34.00    10.00 /U
2020 11 13.653692  2 22 37.3944 +13 41 17.276  35.6558100  13.6881322  35.6558084  13.6881267    0.0055    0.0199    0.0142 15 41 19.00    10.00 /U
2020 11 13.654734  2 22 37.3857 +13 41 17.238  35.6557737  13.6881217  35.6557596  13.6881071    0.0494    0.0525    0.0262 15 42 49.00    10.00 /U
2020 11 13.655243  2 22 37.3768 +13 41 17.299  35.6557368  13.6881386  35.6557357  13.6880976    0.0038    0.1476    0.0189 15 43 33.00    10.00 /U
2020 11 13.655764  2 22 37.3704 +13 41 17.052  35.6557101  13.6880699  35.6557113  13.6880878   -0.0041   -0.0642    0.0204 15 44 18.00    10.00 /U
2020 11 13.656285  2 22 37.3731 +13 41 17.229  35.6557212  13.6881192  35.6556869  13.6880779    0.1200    0.1485    0.0173 15 45  3.00    10.00 /U
2020 11 13.652130  2 22 37.4133 +13 41 17.410  35.6558886  13.6881695  35.6558817  13.6881559    0.0240    0.0489    0.0269 15 39  4.00    10.00 /U
2020 11 13.656806  2 22 37.3582 +13 41 17.119  35.6556590  13.6880885  35.6556625  13.6880681   -0.0123    0.0734    0.0227 15 45 48.00    10.00 /U
2020 11 13.657847  2 22 37.3552 +13 41 16.978  35.6556467  13.6880494  35.6556137  13.6880484    0.1154    0.0037    0.0195 15 47 18.00    10.00 /U
2020 11 13.658368  2 22 37.3333 +13 41 16.930  35.6555553  13.6880360  35.6555894  13.6880385   -0.1192   -0.0090    0.0167 15 48  3.00    10.00 /U
2020 11 13.658889  2 22 37.3381 +13 41 16.921  35.6555753  13.6880337  35.6555650  13.6880287    0.0359    0.0180    0.0254 15 48 48.00    10.00 /U
2020 11 13.659410  2 22 37.3350 +13 41 16.949  35.6555626  13.6880414  35.6555406  13.6880188    0.0768    0.0813    0.0456 15 49 33.00    10.00 /U
2020 11 13.659931  2 22 37.3226 +13 41 16.879  35.6555106  13.6880220  35.6555163  13.6880089   -0.0197    0.0473    0.0280 15 50 18.00    10.00 /U
2020 11 13.660451  2 22 37.3213 +13 41 16.949  35.6555054  13.6880415  35.6554919  13.6879990    0.0471    0.1531    0.0418 15 51  3.00    10.00 /U
2020 11 13.657326  2 22 37.3502 +13 41 17.134  35.6556257  13.6880928  35.6556381  13.6880583   -0.0435    0.1243    0.0155 15 46 33.00    10.00 /U
2020 11 13.720330  2 22 36.6576 +13 41 12.441  35.6527402  13.6867892  35.6527387  13.6867834    0.0051    0.0208    0.0305 17 17 16.50    15.00 /U
2020 11 14.638316  2 22 28.9822 +13 40 26.754  35.6207591  13.6740983  35.6207619  13.6740525   -0.0097    0.1648    0.0184 15 19 10.50    15.00 /U
2020 11 14.704201  2 22 28.3072 +13 40 26.258  35.6179465  13.6739607  35.6179529  13.6739469   -0.0223    0.0496    0.0250 16 54  3.00    10.00 /U
2020 11 14.704711  2 22 28.3018 +13 40 26.200  35.6179240  13.6739445  35.6179306  13.6739457   -0.0230   -0.0044    0.0114 16 54 47.00    10.00 /U
2020 11 14.705231  2 22 28.2993 +13 40 26.178  35.6179136  13.6739384  35.6179078  13.6739445    0.0203   -0.0217    0.0141 16 55 32.00    10.00 /U
2020 11 14.705752  2 22 28.2965 +13 40 26.243  35.6179021  13.6739563  35.6178849  13.6739432    0.0601    0.0472    0.0207 16 56 17.00    10.00 /U
2020 11 14.706273  2 22 28.2933 +13 40 26.340  35.6178886  13.6739832  35.6178621  13.6739420    0.0924    0.1483    0.0172 16 57  2.00    10.00 /U
2020 11 14.706794  2 22 28.2861 +13 40 26.215  35.6178587  13.6739486  35.6178393  13.6739408    0.0678    0.0284    0.0180 16 57 47.00    10.00 /U
2020 11 14.707315  2 22 28.2795 +13 40 26.166  35.6178314  13.6739351  35.6178164  13.6739395    0.0522   -0.0158    0.0158 16 58 32.00    10.00 /U
2020 11 14.707836  2 22 28.2780 +13 40 26.174  35.6178250  13.6739371  35.6177936  13.6739382    0.1097   -0.0041    0.0173 16 59 17.00    10.00 /U
2020 11 14.708356  2 22 28.2667 +13 40 26.167  35.6177778  13.6739354  35.6177707  13.6739370    0.0248   -0.0057    0.0148 17  0  2.00    10.00 /U
2020 11 14.708877  2 22 28.2653 +13 40 26.233  35.6177721  13.6739537  35.6177478  13.6739357    0.0849    0.0649    0.0219 17  0 47.00    10.00 /U
2020 11 14.709398  2 22 28.2535 +13 40 26.163  35.6177230  13.6739343  35.6177250  13.6739344   -0.0068   -0.0005    0.0304 17  1 32.00    10.00 /U
2020 11 14.709919  2 22 28.2504 +13 40 26.351  35.6177099  13.6739863  35.6177021  13.6739331    0.0275    0.1914    0.0212 17  2 17.00    10.00 /U
2020 11 14.710440  2 22 28.2438 +13 40 26.172  35.6176823  13.6739367  35.6176792  13.6739318    0.0110    0.0175    0.0205 17  3  2.00    10.00 /U
2020 11 14.710961  2 22 28.2414 +13 40 26.142  35.6176725  13.6739284  35.6176563  13.6739305    0.0568   -0.0077    0.0159 17  3 47.00    10.00 /U
2020 11 14.711481  2 22 28.2360 +13 40 26.194  35.6176501  13.6739428  35.6176334  13.6739292    0.0584    0.0487    0.0287 17  4 32.00    10.00 /U
2020 11 14.712002  2 22 28.2268 +13 40 26.210  35.6176117  13.6739473  35.6176104  13.6739279    0.0043    0.0699    0.0183 17  5 17.00    10.00 /U
2020 11 14.712512  2 22 28.2194 +13 40 26.212  35.6175810  13.6739478  35.6175880  13.6739266   -0.0247    0.0763    0.0302 17  6  1.00    10.00 /U
2020 11 14.713032  2 22 28.2156 +13 40 26.119  35.6175649  13.6739219  35.6175651  13.6739253   -0.0007   -0.0123    0.0112 17  6 46.00    10.00 /U
2020 11 14.713553  2 22 28.2118 +13 40 26.140  35.6175491  13.6739279  35.6175421  13.6739239    0.0244    0.0142    0.0136 17  7 31.00    10.00 /U
2020 11 14.714074  2 22 28.2071 +13 40 26.110  35.6175297  13.6739194  35.6175192  13.6739226    0.0367   -0.0115    0.0149 17  8 16.00    10.00 /U
2020 11 14.714595  2 22 28.1974 +13 40 26.236  35.6174892  13.6739543  35.6174962  13.6739212   -0.0244    0.1192    0.0257 17  9  1.00    10.00 /U
2020 11 14.703681  2 22 28.3140 +13 40 26.199  35.6179748  13.6739441  35.6179757  13.6739481   -0.0030   -0.0144    0.0155 16 53 18.00    10.00 /U
2020 11 14.715116  2 22 28.1915 +13 40 26.064  35.6174648  13.6739067  35.6174732  13.6739199   -0.0296   -0.0475    0.0265 17  9 46.00    10.00 /U
2020 11 14.703160  2 22 28.3197 +13 40 26.239  35.6179986  13.6739553  35.6179985  13.6739493    0.0004    0.0216    0.0169 16 52 33.00    10.00 /U
2020 11 14.702118  2 22 28.3290 +13 40 26.209  35.6180376  13.6739469  35.6180440  13.6739517   -0.0224   -0.0173    0.0193 16 51  3.00    10.00 /U
2020 11 14.691204  2 22 28.4427 +13 40 26.334  35.6185113  13.6739815  35.6185191  13.6739749   -0.0271    0.0237    0.0244 16 35 20.00    10.00 /U
2020 11 14.691713  2 22 28.4437 +13 40 26.319  35.6185153  13.6739776  35.6184970  13.6739739    0.0641    0.0134    0.0168 16 36  4.00    10.00 /U
2020 11 14.692234  2 22 28.4359 +13 40 26.378  35.6184831  13.6739939  35.6184744  13.6739729    0.0303    0.0757    0.0352 16 36 49.00    10.00 /U
2020 11 14.692755  2 22 28.4325 +13 40 26.331  35.6184687  13.6739808  35.6184518  13.6739718    0.0593    0.0322    0.0236 16 37 34.00    10.00 /U
2020 11 14.693275  2 22 28.4280 +13 40 26.289  35.6184498  13.6739690  35.6184292  13.6739708    0.0722   -0.0062    0.0197 16 38 19.00    10.00 /U
2020 11 14.693796  2 22 28.4217 +13 40 26.228  35.6184237  13.6739522  35.6184066  13.6739697    0.0599   -0.0630    0.0204 16 39  4.00    10.00 /U
2020 11 14.694317  2 22 28.4134 +13 40 26.304  35.6183892  13.6739734  35.6183839  13.6739686    0.0185    0.0172    0.0146 16 39 49.00    10.00 /U
2020 11 14.694838  2 22 28.4084 +13 40 26.375  35.6183682  13.6739931  35.6183613  13.6739675    0.0242    0.0919    0.0259 16 40 34.00    10.00 /U
2020 11 14.695359  2 22 28.4028 +13 40 26.267  35.6183451  13.6739630  35.6183387  13.6739664    0.0224   -0.0122    0.0196 16 41 19.00    10.00 /U
2020 11 14.695880  2 22 28.3959 +13 40 26.240  35.6183160  13.6739557  35.6183160  13.6739653    0.0001   -0.0349    0.0190 16 42  4.00    10.00 /U
2020 11 14.696400  2 22 28.3923 +13 40 26.279  35.6183013  13.6739663  35.6182934  13.6739642    0.0277    0.0073    0.0150 16 42 49.00    10.00 /U
2020 11 14.696921  2 22 28.3852 +13 40 26.277  35.6182717  13.6739660  35.6182707  13.6739631    0.0035    0.0102    0.0156 16 43 34.00    10.00 /U
2020 11 14.697442  2 22 28.3832 +13 40 26.236  35.6182633  13.6739544  35.6182480  13.6739620    0.0534   -0.0274    0.0187 16 44 19.00    10.00 /U
2020 11 14.697963  2 22 28.3731 +13 40 26.280  35.6182212  13.6739667  35.6182253  13.6739609   -0.0143    0.0210    0.0191 16 45  4.00    10.00 /U
2020 11 14.698484  2 22 28.3732 +13 40 26.272  35.6182218  13.6739644  35.6182026  13.6739597    0.0671    0.0167    0.0124 16 45 49.00    10.00 /U
2020 11 14.698993  2 22 28.3674 +13 40 26.229  35.6181973  13.6739525  35.6181804  13.6739586    0.0592   -0.0222    0.0159 16 46 33.00    10.00 /U
2020 11 14.699514  2 22 28.3602 +13 40 26.220  35.6181673  13.6739500  35.6181577  13.6739575    0.0336   -0.0271    0.0299 16 47 18.00    10.00 /U
2020 11 14.700035  2 22 28.3503 +13 40 26.223  35.6181263  13.6739508  35.6181350  13.6739563   -0.0304   -0.0199    0.0240 16 48  3.00    10.00 /U
2020 11 14.700556  2 22 28.3502 +13 40 26.254  35.6181257  13.6739594  35.6181122  13.6739552    0.0472    0.0151    0.0161 16 48 48.00    10.00 /U
2020 11 14.701076  2 22 28.3381 +13 40 26.248  35.6180753  13.6739578  35.6180895  13.6739540   -0.0496    0.0136    0.0229 16 49 33.00    10.00 /U
2020 11 14.701597  2 22 28.3367 +13 40 26.244  35.6180696  13.6739566  35.6180668  13.6739528    0.0098    0.0136    0.0131 16 50 18.00    10.00 /U
2020 11 14.702639  2 22 28.3272 +13 40 26.153  35.6180299  13.6739313  35.6180212  13.6739505    0.0304   -0.0689    0.0156 16 51 48.00    10.00 /U
2020 11 14.690683  2 22 28.4503 +13 40 26.359  35.6185428  13.6739886  35.6185416  13.6739760    0.0042    0.0453    0.0302 16 34 35.00    10.00 /U
2020 11 14.715637  2 22 28.1897 +13 40 26.117  35.6174570  13.6739214  35.6174503  13.6739185    0.0236    0.0105    0.0168 17 10 31.00    10.00 /U
2020 11 14.716678  2 22 28.1791 +13 40 26.162  35.6174127  13.6739338  35.6174043  13.6739157    0.0296    0.0652    0.0188 17 12  1.00    10.00 /U
2020 11 14.730197  2 22 28.0343 +13 40 25.921  35.6168097  13.6738669  35.6168045  13.6738769    0.0181   -0.0358    0.0169 17 31 29.00    10.00 /U
2020 11 14.730718  2 22 28.0275 +13 40 25.947  35.6167814  13.6738741  35.6167813  13.6738753    0.0006   -0.0041    0.0252 17 32 14.00    10.00 /U
2020 11 14.731238  2 22 28.0256 +13 40 25.925  35.6167732  13.6738681  35.6167581  13.6738737    0.0529   -0.0201    0.0199 17 32 59.00    10.00 /U
2020 11 14.731759  2 22 28.0202 +13 40 26.024  35.6167509  13.6738955  35.6167348  13.6738720    0.0564    0.0846    0.0254 17 33 44.00    10.00 /U
2020 11 14.732269  2 22 28.0110 +13 40 25.978  35.6167126  13.6738827  35.6167121  13.6738704    0.0019    0.0440    0.0245 17 34 28.00    10.00 /U
2020 11 14.732789  2 22 28.0022 +13 40 25.959  35.6166757  13.6738776  35.6166889  13.6738688   -0.0460    0.0318    0.0276 17 35 13.00    10.00 /U
2020 11 14.733310  2 22 27.9932 +13 40 25.855  35.6166384  13.6738486  35.6166656  13.6738671   -0.0950   -0.0666    0.0366 17 35 58.00    10.00 /U
2020 11 14.733831  2 22 27.9918 +13 40 26.109  35.6166324  13.6739191  35.6166423  13.6738655   -0.0348    0.1931    0.0264 17 36 43.00    10.00 /U
2020 11 14.734352  2 22 27.9880 +13 40 25.971  35.6166168  13.6738809  35.6166191  13.6738638   -0.0078    0.0615    0.0196 17 37 28.00    10.00 /U
2020 11 14.734873  2 22 27.9823 +13 40 25.910  35.6165928  13.6738638  35.6165958  13.6738621   -0.0105    0.0061    0.0204 17 38 13.00    10.00 /U
2020 11 14.735394  2 22 27.9741 +13 40 25.789  35.6165586  13.6738302  35.6165725  13.6738604   -0.0488   -0.1088    0.0259 17 38 58.00    10.00 /U
2020 11 14.735914  2 22 27.9716 +13 40 25.965  35.6165484  13.6738791  35.6165492  13.6738587   -0.0027    0.0733    0.0177 17 39 43.00    10.00 /U
2020 11 14.736435  2 22 27.9740 +13 40 25.871  35.6165582  13.6738532  35.6165259  13.6738570    0.1128   -0.0139    0.0104 17 40 28.00    10.00 /U
2020 11 14.736956  2 22 27.9641 +13 40 25.889  35.6165171  13.6738582  35.6165026  13.6738553    0.0508    0.0103    0.0235 17 41 13.00    10.00 /U
2020 11 14.737477  2 22 27.9602 +13 40 26.010  35.6165007  13.6738916  35.6164793  13.6738536    0.0749    0.1367    0.0248 17 41 58.00    10.00 /U
2020 11 14.737998  2 22 27.9538 +13 40 25.866  35.6164743  13.6738515  35.6164560  13.6738519    0.0643   -0.0012    0.0233 17 42 43.00    10.00 /U
2020 11 14.738507  2 22 27.9399 +13 40 25.754  35.6164164  13.6738206  35.6164332  13.6738502   -0.0588   -0.1064    0.0167 17 43 27.00    10.00 /U
2020 11 14.739028  2 22 27.9442 +13 40 25.857  35.6164342  13.6738492  35.6164098  13.6738484    0.0852    0.0030    0.0247 17 44 12.00    10.00 /U
2020 11 14.740081  2 22 27.9264 +13 40 25.927  35.6163600  13.6738685  35.6163626  13.6738449   -0.0092    0.0852    0.0185 17 45 43.00    10.00 /U
2020 11 14.740590  2 22 27.9242 +13 40 25.777  35.6163507  13.6738270  35.6163398  13.6738431    0.0381   -0.0581    0.0164 17 46 27.00    10.00 /U
2020 11 14.729676  2 22 28.0401 +13 40 25.983  35.6168338  13.6738841  35.6168277  13.6738785    0.0215    0.0203    0.0202 17 30 44.00    10.00 /U
2020 11 14.716157  2 22 28.1845 +13 40 26.151  35.6174355  13.6739309  35.6174273  13.6739171    0.0288    0.0498    0.0126 17 11 16.00    10.00 /U
2020 11 14.729155  2 22 28.0503 +13 40 26.001  35.6168761  13.6738893  35.6168509  13.6738801    0.0882    0.0332    0.0238 17 29 59.00    10.00 /U
2020 11 14.728113  2 22 28.0552 +13 40 25.885  35.6168966  13.6738568  35.6168973  13.6738832   -0.0023   -0.0950    0.0345 17 28 29.00    10.00 /U
2020 11 14.717199  2 22 28.1723 +13 40 26.098  35.6173845  13.6739162  35.6173813  13.6739143    0.0114    0.0069    0.0138 17 12 46.00    10.00 /U
2020 11 14.717720  2 22 28.1654 +13 40 26.088  35.6173556  13.6739134  35.6173582  13.6739129   -0.0091    0.0017    0.0156 17 13 31.00    10.00 /U
2020 11 14.718241  2 22 28.1619 +13 40 26.091  35.6173414  13.6739141  35.6173352  13.6739115    0.0216    0.0092    0.0290 17 14 16.00    10.00 /U
2020 11 14.718762  2 22 28.1594 +13 40 26.069  35.6173308  13.6739079  35.6173122  13.6739101    0.0651   -0.0078    0.0183 17 15  1.00    10.00 /U
2020 11 14.719282  2 22 28.1515 +13 40 26.142  35.6172977  13.6739284  35.6172892  13.6739087    0.0300    0.0711    0.0314 17 15 46.00    10.00 /U
2020 11 14.719792  2 22 28.1435 +13 40 26.046  35.6172646  13.6739017  35.6172666  13.6739073   -0.0071   -0.0200    0.0154 17 16 30.00    10.00 /U
2020 11 14.720313  2 22 28.1392 +13 40 26.038  35.6172466  13.6738994  35.6172436  13.6739058    0.0106   -0.0233    0.0273 17 17 15.00    10.00 /U
2020 11 14.720833  2 22 28.1280 +13 40 26.074  35.6172001  13.6739094  35.6172205  13.6739044   -0.0713    0.0182    0.0379 17 18  0.00    10.00 /U
2020 11 14.721354  2 22 28.1313 +13 40 26.091  35.6172138  13.6739142  35.6171974  13.6739029    0.0574    0.0407    0.0195 17 18 45.00    10.00 /U
2020 11 14.721875  2 22 28.1257 +13 40 26.095  35.6171905  13.6739153  35.6171743  13.6739014    0.0565    0.0500    0.0131 17 19 30.00    10.00 /U
2020 11 14.722396  2 22 28.1193 +13 40 26.038  35.6171637  13.6738993  35.6171513  13.6739000    0.0435   -0.0022    0.0133 17 20 15.00    10.00 /U
2020 11 14.722917  2 22 28.1114 +13 40 26.043  35.6171308  13.6739009  35.6171282  13.6738985    0.0093    0.0088    0.0125 17 21  0.00    10.00 /U
2020 11 14.723437  2 22 28.1042 +13 40 26.097  35.6171009  13.6739158  35.6171051  13.6738970   -0.0144    0.0676    0.0287 17 21 45.00    10.00 /U
2020 11 14.723958  2 22 28.0993 +13 40 26.024  35.6170806  13.6738957  35.6170819  13.6738955   -0.0048    0.0006    0.0154 17 22 30.00    10.00 /U
2020 11 14.724479  2 22 28.0977 +13 40 26.017  35.6170738  13.6738936  35.6170588  13.6738940    0.0522   -0.0014    0.0384 17 23 15.00    10.00 /U
2020 11 14.725000  2 22 28.0924 +13 40 26.070  35.6170515  13.6739085  35.6170357  13.6738925    0.0554    0.0576    0.0204 17 24  0.00    10.00 /U
2020 11 14.725521  2 22 28.0840 +13 40 26.067  35.6170169  13.6739075  35.6170126  13.6738909    0.0151    0.0594    0.0219 17 24 45.00    10.00 /U
2020 11 14.726042  2 22 28.0799 +13 40 26.144  35.6169996  13.6739289  35.6169894  13.6738894    0.0356    0.1422    0.0306 17 25 30.00    10.00 /U
2020 11 14.726551  2 22 28.0733 +13 40 26.080  35.6169720  13.6739112  35.6169668  13.6738879    0.0182    0.0837    0.0234 17 26 14.00    10.00 /U
2020 11 14.727072  2 22 28.0724 +13 40 26.016  35.6169685  13.6738932  35.6169436  13.6738864    0.0870    0.0247    0.0191 17 26 59.00    10.00 /U
2020 11 14.727593  2 22 28.0653 +13 40 26.092  35.6169388  13.6739144  35.6169204  13.6738848    0.0643    0.1067    0.0231 17 27 44.00    10.00 /U
2020 11 14.741111  2 22 27.9186 +13 40 25.858  35.6163274  13.6738494  35.6163164  13.6738413    0.0383    0.0292    0.0164 17 47 12.00    10.00 /U
2020 11 14.690162  2 22 28.4608 +13 40 26.310  35.6185866  13.6739751  35.6185642  13.6739770    0.0783   -0.0068    0.0199 16 33 50.00    10.00 /U
2020 11 14.689120  2 22 28.4697 +13 40 26.402  35.6186239  13.6740006  35.6186093  13.6739791    0.0510    0.0775    0.0188 16 32 20.00    10.00 /U
2020 11 14.651690  2 22 28.8461 +13 40 26.488  35.6201920  13.6740244  35.6202045  13.6740375   -0.0436   -0.0472    0.0124 15 38 26.00    10.00 /U
2020 11 14.652211  2 22 28.8397 +13 40 26.626  35.6201654  13.6740629  35.6201826  13.6740368   -0.0602    0.0936    0.0309 15 39 11.00    10.00 /U
2020 11 14.652731  2 22 28.8471 +13 40 26.575  35.6201964  13.6740487  35.6201608  13.6740362    0.1246    0.0451    0.0104 15 39 56.00    10.00 /U
2020 11 14.653252  2 22 28.8376 +13 40 26.611  35.6201568  13.6740585  35.6201389  13.6740355    0.0626    0.0828    0.0135 15 40 41.00    10.00 /U
2020 11 14.654294  2 22 28.8239 +13 40 26.505  35.6200996  13.6740292  35.6200951  13.6740342    0.0158   -0.0181    0.0108 15 42 11.00    10.00 /U
2020 11 14.654803  2 22 28.8211 +13 40 26.570  35.6200881  13.6740473  35.6200737  13.6740336    0.0503    0.0492    0.0131 15 42 55.00    10.00 /U
2020 11 14.655324  2 22 28.8173 +13 40 26.577  35.6200723  13.6740493  35.6200518  13.6740329    0.0716    0.0589    0.0271 15 43 40.00    10.00 /U
2020 11 14.656366  2 22 28.8055 +13 40 26.499  35.6200230  13.6740276  35.6200080  13.6740316    0.0527   -0.0144    0.0248 15 45 10.00    10.00 /U
2020 11 14.657407  2 22 28.7987 +13 40 26.535  35.6199948  13.6740376  35.6199641  13.6740302    0.1073    0.0265    0.0196 15 46 40.00    10.00 /U
2020 11 14.657928  2 22 28.7908 +13 40 26.488  35.6199615  13.6740245  35.6199421  13.6740295    0.0678   -0.0182    0.0181 15 47 25.00    10.00 /U
2020 11 14.658449  2 22 28.7884 +13 40 26.556  35.6199515  13.6740434  35.6199201  13.6740289    0.1098    0.0524    0.0147 15 48 10.00    10.00 /U
2020 11 14.658970  2 22 28.7752 +13 40 26.491  35.6198967  13.6740252  35.6198982  13.6740282   -0.0050   -0.0105    0.0077 15 48 55.00    10.00 /U
2020 11 14.659491  2 22 28.7750 +13 40 26.480  35.6198957  13.6740223  35.6198762  13.6740275    0.0683   -0.0184    0.0296 15 49 40.00    10.00 /U
2020 11 14.660012  2 22 28.7677 +13 40 26.497  35.6198656  13.6740270  35.6198542  13.6740267    0.0400    0.0008    0.0163 15 50 25.00    10.00 /U
2020 11 14.661042  2 22 28.7624 +13 40 26.569  35.6198433  13.6740470  35.6198106  13.6740253    0.1143    0.0780    0.0129 15 51 54.00    10.00 /U
2020 11 14.661563  2 22 28.7552 +13 40 26.449  35.6198135  13.6740137  35.6197886  13.6740246    0.0869   -0.0391    0.0195 15 52 39.00    10.00 /U
2020 11 14.662083  2 22 28.7488 +13 40 26.471  35.6197868  13.6740198  35.6197666  13.6740239    0.0708   -0.0146    0.0238 15 53 24.00    10.00 /U
2020 11 14.662604  2 22 28.7427 +13 40 26.485  35.6197611  13.6740237  35.6197445  13.6740232    0.0580    0.0018    0.0180 15 54  9.00    10.00 /U
2020 11 14.663125  2 22 28.7346 +13 40 26.557  35.6197275  13.6740437  35.6197225  13.6740224    0.0176    0.0764    0.0168 15 54 54.00    10.00 /U
2020 11 14.650648  2 22 28.8680 +13 40 26.522  35.6202832  13.6740340  35.6202481  13.6740387    0.1227   -0.0170    0.0182 15 36 56.00    10.00 /U
2020 11 14.649606  2 22 28.8803 +13 40 26.632  35.6203348  13.6740645  35.6202917  13.6740400    0.1505    0.0882    0.0183 15 35 26.00    10.00 /U
2020 11 14.638692  2 22 28.9875 +13 40 26.734  35.6207814  13.6740927  35.6207463  13.6740522    0.1226    0.1459    0.0211 15 19 43.00    10.00 /U
2020 11 14.639213  2 22 28.9731 +13 40 26.666  35.6207214  13.6740740  35.6207247  13.6740516   -0.0118    0.0807    0.0306 15 20 28.00    10.00 /U
2020 11 14.639734  2 22 28.9726 +13 40 26.667  35.6207191  13.6740742  35.6207031  13.6740511    0.0558    0.0832    0.0237 15 21 13.00    10.00 /U
2020 11 14.640243  2 22 28.9648 +13 40 26.650  35.6206869  13.6740694  35.6206820  13.6740505    0.0170    0.0680    0.0218 15 21 57.00    10.00 /U
2020 11 14.640775  2 22 28.9669 +13 40 26.759  35.6206955  13.6740996  35.6206599  13.6740500    0.1244    0.1788    0.0180 15 22 43.00    10.00 /U
2020 11 14.641296  2 22 28.9525 +13 40 26.509  35.6206352  13.6740303  35.6206383  13.6740494   -0.0107   -0.0689    0.0185 15 23 28.00    10.00 /U
2020 11 14.641817  2 22 28.9517 +13 40 26.710  35.6206321  13.6740861  35.6206166  13.6740488    0.0540    0.1341    0.0163 15 24 13.00    10.00 /U
2020 11 14.642326  2 22 28.9439 +13 40 26.677  35.6205995  13.6740770  35.6205955  13.6740483    0.0143    0.1035    0.0224 15 24 57.00    10.00 /U
2020 11 14.642847  2 22 28.9391 +13 40 26.652  35.6205796  13.6740701  35.6205738  13.6740477    0.0203    0.0807    0.0179 15 25 42.00    10.00 /U
2020 11 14.643368  2 22 28.9264 +13 40 26.494  35.6205266  13.6740262  35.6205521  13.6740471   -0.0893   -0.0753    0.0173 15 26 27.00    10.00 /U
2020 11 14.643889  2 22 28.9241 +13 40 26.601  35.6205170  13.6740557  35.6205304  13.6740466   -0.0469    0.0329    0.0209 15 27 12.00    10.00 /U
2020 11 14.644410  2 22 28.9283 +13 40 26.676  35.6205347  13.6740767  35.6205088  13.6740460    0.0909    0.1106    0.0171 15 27 57.00    10.00 /U
2020 11 14.644931  2 22 28.9221 +13 40 26.567  35.6205086  13.6740465  35.6204871  13.6740454    0.0753    0.0039    0.0125 15 28 42.00    10.00 /U
2020 11 14.645451  2 22 28.9154 +13 40 26.679  35.6204807  13.6740774  35.6204653  13.6740448    0.0539    0.1172    0.0186 15 29 27.00    10.00 /U
2020 11 14.645972  2 22 28.9053 +13 40 26.526  35.6204386  13.6740351  35.6204436  13.6740442   -0.0176   -0.0328    0.0189 15 30 12.00    10.00 /U
2020 11 14.646493  2 22 28.9018 +13 40 26.602  35.6204243  13.6740561  35.6204219  13.6740436    0.0086    0.0450    0.0262 15 30 57.00    10.00 /U
2020 11 14.647014  2 22 28.8982 +13 40 26.730  35.6204090  13.6740916  35.6204001  13.6740430    0.0311    0.1748    0.0189 15 31 42.00    10.00 /U
2020 11 14.647535  2 22 28.8942 +13 40 26.615  35.6203927  13.6740597  35.6203784  13.6740424    0.0500    0.0624    0.0305 15 32 27.00    10.00 /U
2020 11 14.648044  2 22 28.8865 +13 40 26.590  35.6203605  13.6740527  35.6203571  13.6740418    0.0117    0.0392    0.0276 15 33 11.00    10.00 /U
2020 11 14.648565  2 22 28.8848 +13 40 26.566  35.6203533  13.6740460  35.6203353  13.6740412    0.0629    0.0171    0.0338 15 33 56.00    10.00 /U
2020 11 14.649086  2 22 28.8803 +13 40 26.667  35.6203344  13.6740741  35.6203135  13.6740406    0.0731    0.1205    0.0399 15 34 41.00    10.00 /U
2020 11 14.650127  2 22 28.8692 +13 40 26.648  35.6202885  13.6740689  35.6202699  13.6740394    0.0648    0.1061    0.0123 15 36 11.00    10.00 /U
2020 11 14.689641  2 22 28.4665 +13 40 26.402  35.6186104  13.6740005  35.6185867  13.6739780    0.0828    0.0809    0.0157 16 33  5.00    10.00 /U
2020 11 14.664687  2 22 28.7248 +13 40 26.532  35.6196866  13.6740368  35.6196562  13.6740202    0.1061    0.0597    0.0259 15 57  9.00    10.00 /U
2020 11 14.678206  2 22 28.5855 +13 40 26.380  35.6191062  13.6739945  35.6190796  13.6739990    0.0933   -0.0160    0.0293 16 16 37.00    10.00 /U
2020 11 14.678727  2 22 28.5725 +13 40 26.499  35.6190521  13.6740275  35.6190572  13.6739981   -0.0178    0.1059    0.0301 16 17 22.00    10.00 /U
2020 11 14.679248  2 22 28.5669 +13 40 26.396  35.6190288  13.6739988  35.6190349  13.6739972   -0.0213    0.0058    0.0331 16 18  7.00    10.00 /U
2020 11 14.679757  2 22 28.5695 +13 40 26.384  35.6190395  13.6739954  35.6190130  13.6739963    0.0927   -0.0031    0.0224 16 18 51.00    10.00 /U
2020 11 14.680278  2 22 28.5598 +13 40 26.367  35.6189990  13.6739907  35.6189906  13.6739954    0.0294   -0.0168    0.0179 16 19 36.00    10.00 /U
2020 11 14.680799  2 22 28.5493 +13 40 26.440  35.6189552  13.6740110  35.6189682  13.6739945   -0.0455    0.0596    0.0278 16 20 21.00    10.00 /U
2020 11 14.681319  2 22 28.5504 +13 40 26.555  35.6189601  13.6740430  35.6189458  13.6739936    0.0497    0.1779    0.0253 16 21  6.00    10.00 /U
2020 11 14.681840  2 22 28.5401 +13 40 26.460  35.6189169  13.6740168  35.6189234  13.6739926   -0.0227    0.0868    0.0194 16 21 51.00    10.00 /U
2020 11 14.682361  2 22 28.5398 +13 40 26.388  35.6189156  13.6739967  35.6189010  13.6739917    0.0512    0.0178    0.0167 16 22 36.00    10.00 /U
2020 11 14.682882  2 22 28.5338 +13 40 26.415  35.6188908  13.6740042  35.6188786  13.6739908    0.0426    0.0484    0.0101 16 23 21.00    10.00 /U
2020 11 14.683403  2 22 28.5251 +13 40 26.362  35.6188545  13.6739894  35.6188562  13.6739898   -0.0059   -0.0016    0.0141 16 24  6.00    10.00 /U
2020 11 14.683924  2 22 28.5270 +13 40 26.371  35.6188625  13.6739919  35.6188337  13.6739889    0.1005    0.0109    0.0124 16 24 51.00    10.00 /U
2020 11 14.684444  2 22 28.5161 +13 40 26.317  35.6188171  13.6739770  35.6188113  13.6739879    0.0203   -0.0392    0.0179 16 25 36.00    10.00 /U
2020 11 14.684965  2 22 28.5118 +13 40 26.326  35.6187993  13.6739793  35.6187888  13.6739870    0.0367   -0.0275    0.0155 16 26 21.00    10.00 /U
2020 11 14.685486  2 22 28.5054 +13 40 26.353  35.6187727  13.6739868  35.6187663  13.6739860    0.0223    0.0030    0.0187 16 27  6.00    10.00 /U
2020 11 14.685995  2 22 28.5035 +13 40 26.270  35.6187645  13.6739639  35.6187444  13.6739850    0.0704   -0.0761    0.0235 16 27 50.00    10.00 /U
2020 11 14.686516  2 22 28.4944 +13 40 26.380  35.6187266  13.6739944  35.6187219  13.6739841    0.0165    0.0374    0.0159 16 28 35.00    10.00 /U
2020 11 14.687037  2 22 28.4916 +13 40 26.396  35.6187152  13.6739990  35.6186994  13.6739831    0.0553    0.0574    0.0195 16 29 20.00    10.00 /U
2020 11 14.687558  2 22 28.4865 +13 40 26.306  35.6186936  13.6739740  35.6186769  13.6739821    0.0584   -0.0290    0.0319 16 30  5.00    10.00 /U
2020 11 14.688079  2 22 28.4793 +13 40 26.362  35.6186639  13.6739896  35.6186543  13.6739811    0.0335    0.0305    0.0138 16 30 50.00    10.00 /U
2020 11 14.688600  2 22 28.4710 +13 40 26.338  35.6186293  13.6739828  35.6186318  13.6739801   -0.0088    0.0098    0.0142 16 31 35.00    10.00 /U
2020 11 14.677685  2 22 28.5916 +13 40 26.493  35.6191317  13.6740257  35.6191019  13.6739999    0.1041    0.0930    0.0374 16 15 52.00    10.00 /U
2020 11 14.664167  2 22 28.7279 +13 40 26.399  35.6196996  13.6739999  35.6196783  13.6740210    0.0743   -0.0760    0.0267 15 56 24.00    10.00 /U
2020 11 14.677164  2 22 28.5942 +13 40 26.381  35.6191427  13.6739948  35.6191242  13.6740007    0.0645   -0.0215    0.0187 16 15  7.00    10.00 /U
2020 11 14.676123  2 22 28.6031 +13 40 26.386  35.6191796  13.6739961  35.6191689  13.6740025    0.0374   -0.0232    0.0265 16 13 37.00    10.00 /U
2020 11 14.665208  2 22 28.7136 +13 40 26.468  35.6196400  13.6740190  35.6196342  13.6740195    0.0204   -0.0018    0.0117 15 57 54.00    10.00 /U
2020 11 14.665729  2 22 28.7150 +13 40 26.465  35.6196459  13.6740180  35.6196120  13.6740187    0.1185   -0.0024    0.0225 15 58 39.00    10.00 /U
2020 11 14.666250  2 22 28.7028 +13 40 26.494  35.6195949  13.6740261  35.6195899  13.6740179    0.0175    0.0293    0.0152 15 59 24.00    10.00 /U
2020 11 14.666771  2 22 28.7023 +13 40 26.625  35.6195929  13.6740624  35.6195678  13.6740172    0.0876    0.1627    0.0212 16  0  9.00    10.00 /U
2020 11 14.667280  2 22 28.6984 +13 40 26.529  35.6195768  13.6740359  35.6195462  13.6740164    0.1072    0.0702    0.0244 16  0 53.00    10.00 /U
2020 11 14.667801  2 22 28.6837 +13 40 26.404  35.6195155  13.6740011  35.6195240  13.6740156   -0.0299   -0.0522    0.0172 16  1 38.00    10.00 /U
2020 11 14.668322  2 22 28.6826 +13 40 26.414  35.6195107  13.6740040  35.6195019  13.6740149    0.0308   -0.0392    0.0100 16  2 23.00    10.00 /U
2020 11 14.668843  2 22 28.6814 +13 40 26.399  35.6195058  13.6739997  35.6194797  13.6740141    0.0912   -0.0517    0.0144 16  3  8.00    10.00 /U
2020 11 14.669363  2 22 28.6791 +13 40 26.512  35.6194961  13.6740311  35.6194575  13.6740133    0.1350    0.0641    0.0236 16  3 53.00    10.00 /U
2020 11 14.669884  2 22 28.6699 +13 40 26.553  35.6194580  13.6740424  35.6194353  13.6740125    0.0794    0.1078    0.0245 16  4 38.00    10.00 /U
2020 11 14.670405  2 22 28.6569 +13 40 26.408  35.6194038  13.6740023  35.6194131  13.6740117   -0.0325   -0.0338    0.0179 16  5 23.00    10.00 /U
2020 11 14.670926  2 22 28.6508 +13 40 26.509  35.6193785  13.6740304  35.6193909  13.6740109   -0.0434    0.0703    0.0205 16  6  8.00    10.00 /U
2020 11 14.671968  2 22 28.6465 +13 40 26.505  35.6193603  13.6740293  35.6193465  13.6740092    0.0484    0.0722    0.0114 16  7 38.00    10.00 /U
2020 11 14.672488  2 22 28.6369 +13 40 26.441  35.6193204  13.6740114  35.6193243  13.6740084   -0.0136    0.0107    0.0145 16  8 23.00    10.00 /U
2020 11 14.673009  2 22 28.6404 +13 40 26.551  35.6193351  13.6740419  35.6193020  13.6740076    0.1156    0.1235    0.0159 16  9  8.00    10.00 /U
2020 11 14.673519  2 22 28.6302 +13 40 26.383  35.6192924  13.6739954  35.6192803  13.6740068    0.0426   -0.0408    0.0134 16  9 52.00    10.00 /U
2020 11 14.674039  2 22 28.6230 +13 40 26.479  35.6192625  13.6740219  35.6192580  13.6740059    0.0159    0.0576    0.0183 16 10 37.00    10.00 /U
2020 11 14.674560  2 22 28.6217 +13 40 26.418  35.6192571  13.6740049  35.6192357  13.6740051    0.0749   -0.0005    0.0214 16 11 22.00    10.00 /U
2020 11 14.675081  2 22 28.6136 +13 40 26.411  35.6192235  13.6740030  35.6192135  13.6740042    0.0351   -0.0042    0.0183 16 12  7.00    10.00 /U
2020 11 14.675602  2 22 28.6065 +13 40 26.379  35.6191939  13.6739943  35.6191912  13.6740034    0.0094   -0.0327    0.0214 16 12 52.00    10.00 /U
2020 11 14.676644  2 22 28.5990 +13 40 26.567  35.6191624  13.6740463  35.6191466  13.6740016    0.0554    0.1607    0.0134 16 14 22.00    10.00 /U
2020 11 14.741632  2 22 27.9075 +13 40 25.829  35.6162814  13.6738413  35.6162930  13.6738395   -0.0407    0.0063    0.0318 17 47 57.00    10.00 /U
2020 11 15.628738  2 22 19.3602 +13 39 30.634  35.5806673  13.6585095  35.5806661  13.6584768    0.0044    0.1176    0.0800 15  5 23.00    10.00 /U
2020 11 15.630822  2 22 19.3234 +13 39 30.482  35.5805143  13.6584672  35.5806030  13.6584487   -0.3105    0.0667    0.0500 15  8 23.00    10.00 /U
2020 11 15.629780  2 22 19.3384 +13 39 30.645  35.5805768  13.6585124  35.5806346  13.6584627   -0.2019    0.1789    0.0565 15  6 53.00    10.00 /U
2020 11 15.629259  2 22 19.3480 +13 39 30.469  35.5806168  13.6584635  35.5806503  13.6584698   -0.1171   -0.0225    0.0451 15  6  8.00    10.00 /U
2020 11 16.628275  2 22  9.8026 +13 38 58.789  35.5408440  13.6496635  35.5407988  13.6496402    0.1581    0.0840    0.0247 15  4 43.00    10.00 /U
2020 11 16.628796  2 22  9.7957 +13 38 59.056  35.5408155  13.6497379  35.5407771  13.6496281    0.1342    0.3954    0.0217 15  5 28.00    10.00 /U
2020 11 16.629317  2 22  9.7867 +13 38 58.824  35.5407778  13.6496735  35.5407554  13.6496159    0.0781    0.2070    0.0438 15  6 13.00    10.00 /U
2020 11 16.629838  2 22  9.8044 +13 38 58.559  35.5408516  13.6495997  35.5407338  13.6496038    0.4123   -0.0147    0.0320 15  6 58.00    10.00 /U
2020 11 18.594630  2 21 52.7151 +13 37 20.030  35.4696464  13.6222304  35.4695426  13.6222794    0.3631   -0.1762    0.0303 14 16 16.00    10.00 /U
2020 11 18.593067  2 21 52.7234 +13 37 20.210  35.4696810  13.6222805  35.4695905  13.6222892    0.3167   -0.0315    0.0380 14 14  1.00    10.00 /U
2020 11 18.592025  2 21 52.7102 +13 37 20.326  35.4696257  13.6223128  35.4696223  13.6222959    0.0118    0.0611    0.0369 14 12 31.00    10.00 /U
2020 11 18.591505  2 21 52.7289 +13 37 20.161  35.4697039  13.6222669  35.4696383  13.6222992    0.2295   -0.1161    0.0252 14 11 46.00    10.00 /U
2020 11 18.590984  2 21 52.7005 +13 37 20.348  35.4695853  13.6223188  35.4696542  13.6223025   -0.2411    0.0586    0.0318 14 11  1.00    10.00 /U
