2020 11 13.634543  2 22 38.8064 +13 41  2.377  35.6616933  13.6839937  35.6616879  13.6839942    0.0192   -0.0017    0.0625 15 13 44.50     5.00 /U
2020 11 13.698947  2 22 38.2233 +13 41  1.220  35.6592636  13.6836723  35.6592577  13.6836760    0.0208   -0.0136    0.0313 16 46 29.00    10.00 /U
2020 11 13.698426  2 22 38.2290 +13 41  1.261  35.6592876  13.6836835  35.6592775  13.6836786    0.0353    0.0178    0.0246 16 45 44.00    10.00 /U
2020 11 13.697905  2 22 38.2276 +13 41  1.207  35.6592818  13.6836685  35.6592973  13.6836811   -0.0542   -0.0453    0.0219 16 44 59.00    10.00 /U
2020 11 13.697384  2 22 38.2347 +13 41  1.244  35.6593114  13.6836790  35.6593171  13.6836836   -0.0200   -0.0167    0.0252 16 44 14.00    10.00 /U
2020 11 13.696863  2 22 38.2397 +13 41  1.200  35.6593321  13.6836667  35.6593369  13.6836861   -0.0166   -0.0700    0.0270 16 43 29.00    10.00 /U
2020 11 13.696343  2 22 38.2442 +13 41  1.209  35.6593509  13.6836693  35.6593567  13.6836887   -0.0201   -0.0697    0.0279 16 42 44.00    10.00 /U
2020 11 13.695822  2 22 38.2471 +13 41  1.242  35.6593631  13.6836783  35.6593764  13.6836912   -0.0468   -0.0464    0.0287 16 41 59.00    10.00 /U
2020 11 13.695301  2 22 38.2540 +13 41  1.274  35.6593918  13.6836873  35.6593962  13.6836937   -0.0154   -0.0232    0.0223 16 41 14.00    10.00 /U
2020 11 13.694780  2 22 38.2566 +13 41  1.254  35.6594027  13.6836816  35.6594160  13.6836962   -0.0467   -0.0528    0.0148 16 40 29.00    10.00 /U
2020 11 13.694259  2 22 38.2636 +13 41  1.308  35.6594315  13.6836967  35.6594358  13.6836988   -0.0152   -0.0075    0.0219 16 39 44.00    10.00 /U
2020 11 13.693750  2 22 38.2698 +13 41  1.316  35.6594576  13.6836990  35.6594551  13.6837012    0.0086   -0.0082    0.0305 16 39  0.00    10.00 /U
2020 11 13.693229  2 22 38.2768 +13 41  1.290  35.6594865  13.6836916  35.6594749  13.6837038    0.0404   -0.0437    0.0296 16 38 15.00    10.00 /U
2020 11 13.692708  2 22 38.2806 +13 41  1.346  35.6595024  13.6837073  35.6594947  13.6837063    0.0270    0.0037    0.0256 16 37 30.00    10.00 /U
2020 11 13.692187  2 22 38.2799 +13 41  1.342  35.6594997  13.6837061  35.6595145  13.6837088   -0.0516   -0.0099    0.0227 16 36 45.00    10.00 /U
2020 11 13.691667  2 22 38.2896 +13 41  1.325  35.6595400  13.6837015  35.6595342  13.6837113    0.0200   -0.0354    0.0222 16 36  0.00    10.00 /U
2020 11 13.691146  2 22 38.2908 +13 41  1.313  35.6595450  13.6836981  35.6595540  13.6837139   -0.0314   -0.0569    0.0247 16 35 15.00    10.00 /U
2020 11 13.690625  2 22 38.2963 +13 41  1.351  35.6595678  13.6837086  35.6595738  13.6837164   -0.0208   -0.0280    0.0115 16 34 30.00    10.00 /U
2020 11 13.682824  2 22 38.3702 +13 41  1.503  35.6598757  13.6837509  35.6598696  13.6837544    0.0215   -0.0127    0.0250 16 23 16.00    10.00 /U
2020 11 13.683345  2 22 38.3641 +13 41  1.486  35.6598504  13.6837460  35.6598498  13.6837519    0.0020   -0.0213    0.0209 16 24  1.00    10.00 /U
2020 11 13.683866  2 22 38.3579 +13 41  1.465  35.6598245  13.6837402  35.6598301  13.6837494   -0.0197   -0.0331    0.0206 16 24 46.00    10.00 /U
2020 11 13.684907  2 22 38.3480 +13 41  1.439  35.6597833  13.6837331  35.6597906  13.6837443   -0.0257   -0.0403    0.0196 16 26 16.00    10.00 /U
2020 11 13.685428  2 22 38.3442 +13 41  1.412  35.6597675  13.6837257  35.6597709  13.6837417   -0.0117   -0.0578    0.0266 16 27  1.00    10.00 /U
2020 11 13.685937  2 22 38.3381 +13 41  1.456  35.6597420  13.6837377  35.6597516  13.6837392   -0.0333   -0.0057    0.0132 16 27 45.00    10.00 /U
2020 11 13.699468  2 22 38.2157 +13 41  1.250  35.6592320  13.6836805  35.6592379  13.6836735   -0.0205    0.0250    0.0298 16 47 14.00    10.00 /U
2020 11 13.686458  2 22 38.3323 +13 41  1.346  35.6597180  13.6837073  35.6597318  13.6837367   -0.0482   -0.1060    0.0119 16 28 30.00    10.00 /U
2020 11 13.687500  2 22 38.3267 +13 41  1.386  35.6596945  13.6837184  35.6596923  13.6837316    0.0077   -0.0475    0.0464 16 30  0.00    10.00 /U
2020 11 13.688021  2 22 38.3205 +13 41  1.394  35.6596687  13.6837205  35.6596726  13.6837291   -0.0135   -0.0310    0.0151 16 30 45.00    10.00 /U
2020 11 13.688542  2 22 38.3156 +13 41  1.363  35.6596485  13.6837118  35.6596528  13.6837266   -0.0150   -0.0530    0.0341 16 31 30.00    10.00 /U
2020 11 13.689063  2 22 38.3071 +13 41  1.382  35.6596128  13.6837172  35.6596331  13.6837240   -0.0709   -0.0245    0.0366 16 32 15.00    10.00 /U
2020 11 13.689583  2 22 38.3073 +13 41  1.377  35.6596136  13.6837158  35.6596133  13.6837215    0.0010   -0.0203    0.0233 16 33  0.00    10.00 /U
2020 11 13.690104  2 22 38.3018 +13 41  1.384  35.6595906  13.6837179  35.6595935  13.6837189   -0.0101   -0.0039    0.0401 16 33 45.00    10.00 /U
2020 11 13.686979  2 22 38.3269 +13 41  1.459  35.6596955  13.6837387  35.6597121  13.6837342   -0.0580    0.0162    0.0208 16 29 15.00    10.00 /U
2020 11 13.699988  2 22 38.2127 +13 41  1.181  35.6592195  13.6836614  35.6592181  13.6836710    0.0049   -0.0346    0.0252 16 47 59.00    10.00 /U
2020 11 13.700509  2 22 38.2051 +13 41  1.216  35.6591880  13.6836712  35.6591982  13.6836685   -0.0358    0.0096    0.0203 16 48 44.00    10.00 /U
2020 11 13.701030  2 22 38.2019 +13 41  1.178  35.6591745  13.6836605  35.6591784  13.6836660   -0.0136   -0.0197    0.0271 16 49 29.00    10.00 /U
2020 11 13.711661  2 22 38.1060 +13 41  0.983  35.6587750  13.6836064  35.6587736  13.6836147    0.0048   -0.0299    0.0482 17  4 47.50    15.00 /U
2020 11 13.712240  2 22 38.1010 +13 41  0.997  35.6587543  13.6836101  35.6587515  13.6836119    0.0098   -0.0065    0.0287 17  5 37.50    15.00 /U
2020 11 13.712818  2 22 38.0980 +13 41  0.972  35.6587418  13.6836033  35.6587295  13.6836092    0.0430   -0.0211    0.0291 17  6 27.50    15.00 /U
2020 11 13.713397  2 22 38.0849 +13 41  0.896  35.6586870  13.6835822  35.6587074  13.6836064   -0.0713   -0.0871    0.0352 17  7 17.50    15.00 /U
2020 11 13.713976  2 22 38.0850 +13 41  0.941  35.6586875  13.6835948  35.6586853  13.6836036    0.0077   -0.0318    0.0134 17  8  7.50    15.00 /U
2020 11 13.714554  2 22 38.0790 +13 41  0.937  35.6586626  13.6835935  35.6586632  13.6836008   -0.0024   -0.0264    0.0316 17  8 57.50    15.00 /U
2020 11 13.715133  2 22 38.0675 +13 41  0.951  35.6586147  13.6835974  35.6586412  13.6835980   -0.0926   -0.0023    0.0278 17  9 47.50    15.00 /U
2020 11 13.716291  2 22 38.0592 +13 41  0.852  35.6585798  13.6835701  35.6585970  13.6835925   -0.0600   -0.0805    0.0224 17 11 27.50    15.00 /U
2020 11 13.716858  2 22 38.0592 +13 41  0.904  35.6585800  13.6835843  35.6585754  13.6835898    0.0161   -0.0196    0.0351 17 12 16.50    15.00 /U
2020 11 13.717436  2 22 38.0540 +13 41  0.958  35.6585582  13.6835995  35.6585533  13.6835870    0.0174    0.0448    0.0728 17 13  6.50    15.00 /U
2020 11 13.718015  2 22 38.0464 +13 41  0.845  35.6585267  13.6835682  35.6585312  13.6835842   -0.0158   -0.0577    0.0301 17 13 56.50    15.00 /U
2020 11 13.718594  2 22 38.0407 +13 41  0.921  35.6585029  13.6835891  35.6585091  13.6835815   -0.0217    0.0276    0.0235 17 14 46.50    15.00 /U
2020 11 13.719172  2 22 38.0351 +13 41  0.900  35.6584797  13.6835834  35.6584870  13.6835787   -0.0255    0.0168    0.0216 17 15 36.50    15.00 /U
2020 11 13.715712  2 22 38.0667 +13 41  0.903  35.6586111  13.6835841  35.6586191  13.6835953   -0.0279   -0.0402    0.0275 17 10 37.50    15.00 /U
2020 11 13.682303  2 22 38.3739 +13 41  1.515  35.6598911  13.6837543  35.6598893  13.6837570    0.0064   -0.0097    0.0079 16 22 31.00    10.00 /U
2020 11 13.710503  2 22 38.1166 +13 41  0.984  35.6588194  13.6836067  35.6588177  13.6836203    0.0057   -0.0490    0.0392 17  3  7.50    15.00 /U
2020 11 13.709346  2 22 38.1255 +13 41  1.025  35.6588561  13.6836179  35.6588618  13.6836259   -0.0201   -0.0285    0.0489 17  1 27.50    15.00 /U
2020 11 13.701551  2 22 38.1963 +13 41  1.159  35.6591511  13.6836553  35.6591586  13.6836634   -0.0263   -0.0295    0.0213 16 50 14.00    10.00 /U
2020 11 13.702072  2 22 38.1914 +13 41  1.109  35.6591307  13.6836413  35.6591388  13.6836609   -0.0285   -0.0707    0.0141 16 50 59.00    10.00 /U
2020 11 13.702402  2 22 38.1876 +13 41  1.140  35.6591148  13.6836500  35.6591263  13.6836593   -0.0400   -0.0336    0.0155 16 51 27.50    15.00 /U
2020 11 13.702980  2 22 38.1801 +13 41  1.134  35.6590838  13.6836482  35.6591042  13.6836565   -0.0714   -0.0299    0.0255 16 52 17.50    15.00 /U
2020 11 13.703559  2 22 38.1770 +13 41  1.154  35.6590710  13.6836539  35.6590822  13.6836537   -0.0393    0.0006    0.0170 16 53  7.50    15.00 /U
2020 11 13.704138  2 22 38.1712 +13 41  1.130  35.6590467  13.6836471  35.6590602  13.6836510   -0.0471   -0.0139    0.0140 16 53 57.50    15.00 /U
2020 11 13.709925  2 22 38.1165 +13 41  0.960  35.6588188  13.6836000  35.6588398  13.6836231   -0.0732   -0.0830    0.0301 17  2 17.50    15.00 /U
2020 11 13.704716  2 22 38.1673 +13 41  1.130  35.6590305  13.6836471  35.6590382  13.6836482   -0.0268   -0.0038    0.0207 16 54 47.50    15.00 /U
2020 11 13.705874  2 22 38.1588 +13 41  1.122  35.6589951  13.6836451  35.6589941  13.6836426    0.0035    0.0089    0.0280 16 56 27.50    15.00 /U
2020 11 13.706453  2 22 38.1498 +13 41  1.092  35.6589575  13.6836366  35.6589721  13.6836398   -0.0508   -0.0114    0.0087 16 57 17.50    15.00 /U
2020 11 13.707031  2 22 38.1483 +13 41  1.094  35.6589511  13.6836371  35.6589500  13.6836370    0.0039    0.0003    0.0410 16 58  7.50    15.00 /U
2020 11 13.707610  2 22 38.1421 +13 41  1.061  35.6589255  13.6836281  35.6589280  13.6836342   -0.0085   -0.0218    0.0149 16 58 57.50    15.00 /U
2020 11 13.708189  2 22 38.1307 +13 41  0.991  35.6588780  13.6836086  35.6589059  13.6836314   -0.0979   -0.0822    0.0445 16 59 47.50    15.00 /U
2020 11 13.708767  2 22 38.1324 +13 41  1.125  35.6588850  13.6836458  35.6588839  13.6836286    0.0039    0.0618    0.0577 17  0 37.50    15.00 /U
2020 11 13.705295  2 22 38.1615 +13 41  1.096  35.6590064  13.6836376  35.6590161  13.6836454   -0.0340   -0.0278    0.0142 16 55 37.50    15.00 /U
2020 11 13.719751  2 22 38.0295 +13 41  0.806  35.6584563  13.6835573  35.6584649  13.6835759   -0.0299   -0.0670    0.0355 17 16 26.50    15.00 /U
2020 11 13.681782  2 22 38.3751 +13 41  1.520  35.6598961  13.6837556  35.6599090  13.6837595   -0.0451   -0.0143    0.0155 16 21 46.00    10.00 /U
2020 11 13.680741  2 22 38.3848 +13 41  1.503  35.6599367  13.6837508  35.6599485  13.6837646   -0.0412   -0.0499    0.0255 16 20 16.00    10.00 /U
2020 11 13.650567  2 22 38.6615 +13 41  2.112  35.6610895  13.6839200  35.6610868  13.6839137    0.0095    0.0226    0.0206 15 36 49.00    10.00 /U
2020 11 13.650046  2 22 38.6656 +13 41  2.103  35.6611068  13.6839175  35.6611064  13.6839163    0.0014    0.0044    0.0176 15 36  4.00    10.00 /U
2020 11 13.649525  2 22 38.6697 +13 41  2.079  35.6611237  13.6839107  35.6611260  13.6839189   -0.0078   -0.0295    0.0166 15 35 19.00    10.00 /U
2020 11 13.649005  2 22 38.6720 +13 41  2.070  35.6611334  13.6839083  35.6611455  13.6839215   -0.0423   -0.0475    0.0221 15 34 34.00    10.00 /U
2020 11 13.648484  2 22 38.6781 +13 41  2.126  35.6611589  13.6839239  35.6611651  13.6839241   -0.0217   -0.0009    0.0266 15 33 49.00    10.00 /U
2020 11 13.647975  2 22 38.6846 +13 41  2.161  35.6611860  13.6839337  35.6611842  13.6839267    0.0061    0.0253    0.0285 15 33  5.00    10.00 /U
2020 11 13.647454  2 22 38.6893 +13 41  2.124  35.6612054  13.6839234  35.6612038  13.6839293    0.0055   -0.0210    0.0265 15 32 20.00    10.00 /U
2020 11 13.646933  2 22 38.6913 +13 41  2.129  35.6612138  13.6839248  35.6612234  13.6839319   -0.0333   -0.0254    0.0176 15 31 35.00    10.00 /U
2020 11 13.646412  2 22 38.6973 +13 41  2.151  35.6612388  13.6839309  35.6612429  13.6839345   -0.0144   -0.0129    0.0156 15 30 50.00    10.00 /U
2020 11 13.645891  2 22 38.7023 +13 41  2.132  35.6612597  13.6839255  35.6612625  13.6839371   -0.0098   -0.0418    0.0231 15 30  5.00    10.00 /U
2020 11 13.645370  2 22 38.7066 +13 41  2.167  35.6612775  13.6839352  35.6612820  13.6839397   -0.0160   -0.0162    0.0193 15 29 20.00    10.00 /U
2020 11 13.644850  2 22 38.7071 +13 41  2.160  35.6612797  13.6839334  35.6613016  13.6839423   -0.0764   -0.0320    0.0285 15 28 35.00    10.00 /U
2020 11 13.644329  2 22 38.7134 +13 41  2.184  35.6613058  13.6839399  35.6613211  13.6839449   -0.0537   -0.0180    0.0200 15 27 50.00    10.00 /U
2020 11 13.643808  2 22 38.7212 +13 41  2.189  35.6613383  13.6839414  35.6613407  13.6839475   -0.0082   -0.0220    0.0233 15 27  5.00    10.00 /U
2020 11 13.643287  2 22 38.7228 +13 41  2.204  35.6613448  13.6839454  35.6613602  13.6839501   -0.0538   -0.0169    0.0226 15 26 20.00    10.00 /U
2020 11 13.642766  2 22 38.7255 +13 41  2.167  35.6613562  13.6839352  35.6613797  13.6839528   -0.0822   -0.0633    0.0333 15 25 35.00    10.00 /U
2020 11 13.642245  2 22 38.7341 +13 41  2.214  35.6613922  13.6839485  35.6613993  13.6839554   -0.0247   -0.0248    0.0147 15 24 50.00    10.00 /U
2020 11 13.635006  2 22 38.8045 +13 41  2.300  35.6616855  13.6839721  35.6616705  13.6839918    0.0522   -0.0709    0.0682 15 14 24.50     5.00 /U
2020 11 13.635469  2 22 38.7932 +13 41  2.309  35.6616384  13.6839748  35.6616532  13.6839895   -0.0516   -0.0528    0.0398 15 15  4.50     5.00 /U
2020 11 13.636007  2 22 38.7915 +13 41  2.356  35.6616314  13.6839878  35.6616331  13.6839868   -0.0059    0.0039    0.0183 15 15 51.00    10.00 /U
2020 11 13.636528  2 22 38.7873 +13 41  2.351  35.6616138  13.6839865  35.6616135  13.6839841    0.0009    0.0084    0.0268 15 16 36.00    10.00 /U
2020 11 13.637049  2 22 38.7812 +13 41  2.366  35.6615882  13.6839905  35.6615940  13.6839815   -0.0205    0.0322    0.0327 15 17 21.00    10.00 /U
2020 11 13.637569  2 22 38.7749 +13 41  2.328  35.6615620  13.6839801  35.6615745  13.6839789   -0.0438    0.0045    0.0168 15 18  6.00    10.00 /U
2020 11 13.651088  2 22 38.6532 +13 41  2.073  35.6610550  13.6839093  35.6610673  13.6839111   -0.0428   -0.0066    0.0220 15 37 34.00    10.00 /U
2020 11 13.638090  2 22 38.7709 +13 41  2.342  35.6615454  13.6839840  35.6615550  13.6839763   -0.0337    0.0277    0.0165 15 18 51.00    10.00 /U
2020 11 13.639132  2 22 38.7614 +13 41  2.298  35.6615058  13.6839717  35.6615160  13.6839710   -0.0357    0.0025    0.0311 15 20 21.00    10.00 /U
2020 11 13.639641  2 22 38.7577 +13 41  2.295  35.6614903  13.6839709  35.6614969  13.6839685   -0.0233    0.0089    0.0200 15 21  5.00    10.00 /U
2020 11 13.640162  2 22 38.7523 +13 41  2.246  35.6614681  13.6839572  35.6614774  13.6839658   -0.0325   -0.0310    0.0126 15 21 50.00    10.00 /U
2020 11 13.640683  2 22 38.7482 +13 41  2.241  35.6614510  13.6839560  35.6614579  13.6839632   -0.0240   -0.0261    0.0177 15 22 35.00    10.00 /U
2020 11 13.641204  2 22 38.7394 +13 41  2.215  35.6614140  13.6839486  35.6614383  13.6839606   -0.0853   -0.0431    0.0167 15 23 20.00    10.00 /U
2020 11 13.641725  2 22 38.7367 +13 41  2.234  35.6614028  13.6839538  35.6614188  13.6839580   -0.0561   -0.0150    0.0276 15 24  5.00    10.00 /U
2020 11 13.638611  2 22 38.7632 +13 41  2.263  35.6615132  13.6839619  35.6615355  13.6839736   -0.0781   -0.0422    0.0447 15 19 36.00    10.00 /U
2020 11 13.651609  2 22 38.6496 +13 41  2.012  35.6610399  13.6838922  35.6610477  13.6839085   -0.0270   -0.0588    0.0422 15 38 19.00    10.00 /U
2020 11 13.652130  2 22 38.6434 +13 41  2.038  35.6610144  13.6838995  35.6610281  13.6839059   -0.0480   -0.0232    0.0269 15 39  4.00    10.00 /U
2020 11 13.652650  2 22 38.6432 +13 41  2.095  35.6610133  13.6839152  35.6610085  13.6839033    0.0169    0.0428    0.0225 15 39 49.00    10.00 /U
2020 11 13.663056  2 22 38.5463 +13 41  1.866  35.6606095  13.6838518  35.6606167  13.6838516   -0.0252    0.0005    0.0147 15 54 48.00    10.00 /U
2020 11 13.663576  2 22 38.5391 +13 41  1.843  35.6605797  13.6838453  35.6605971  13.6838491   -0.0608   -0.0135    0.0269 15 55 33.00    10.00 /U
2020 11 13.664097  2 22 38.5371 +13 41  1.829  35.6605711  13.6838413  35.6605774  13.6838465   -0.0221   -0.0187    0.0185 15 56 18.00    10.00 /U
2020 11 13.664606  2 22 38.5296 +13 41  1.790  35.6605401  13.6838305  35.6605582  13.6838440   -0.0634   -0.0486    0.0278 15 57  2.00    10.00 /U
2020 11 13.665127  2 22 38.5306 +13 41  1.792  35.6605441  13.6838312  35.6605386  13.6838414    0.0193   -0.0366    0.0191 15 57 47.00    10.00 /U
2020 11 13.665648  2 22 38.5224 +13 41  1.837  35.6605098  13.6838436  35.6605189  13.6838388   -0.0319    0.0171    0.0322 15 58 32.00    10.00 /U
2020 11 13.662535  2 22 38.5495 +13 41  1.850  35.6606231  13.6838471  35.6606363  13.6838542   -0.0463   -0.0257    0.0225 15 54  3.00    10.00 /U
2020 11 13.666690  2 22 38.5144 +13 41  1.800  35.6604767  13.6838335  35.6604796  13.6838337   -0.0102   -0.0008    0.0241 16  0  2.00    10.00 /U
2020 11 13.677616  2 22 38.4158 +13 41  1.622  35.6600659  13.6837839  35.6600668  13.6837799   -0.0028    0.0144    0.0356 16 15 46.00    10.00 /U
2020 11 13.678137  2 22 38.4092 +13 41  1.580  35.6600382  13.6837722  35.6600470  13.6837774   -0.0309   -0.0186    0.0266 16 16 31.00    10.00 /U
2020 11 13.678657  2 22 38.4051 +13 41  1.564  35.6600213  13.6837677  35.6600273  13.6837748   -0.0212   -0.0255    0.0207 16 17 16.00    10.00 /U
2020 11 13.679178  2 22 38.3981 +13 41  1.574  35.6599919  13.6837706  35.6600076  13.6837723   -0.0548   -0.0061    0.0152 16 18  1.00    10.00 /U
2020 11 13.679699  2 22 38.3956 +13 41  1.570  35.6599817  13.6837693  35.6599879  13.6837697   -0.0216   -0.0014    0.0235 16 18 46.00    10.00 /U
2020 11 13.680220  2 22 38.3954 +13 41  1.538  35.6599808  13.6837605  35.6599682  13.6837672    0.0441   -0.0239    0.0279 16 19 31.00    10.00 /U
2020 11 13.667211  2 22 38.5062 +13 41  1.736  35.6604426  13.6838154  35.6604600  13.6838311   -0.0606   -0.0564    0.0218 16  0 47.00    10.00 /U
2020 11 13.681262  2 22 38.3811 +13 41  1.527  35.6599211  13.6837575  35.6599287  13.6837621   -0.0267   -0.0163    0.0124 16 21  1.00    10.00 /U
2020 11 13.662014  2 22 38.5544 +13 41  1.844  35.6606434  13.6838455  35.6606560  13.6838568   -0.0439   -0.0407    0.0144 15 53 18.00    10.00 /U
2020 11 13.660972  2 22 38.5679 +13 41  1.886  35.6606994  13.6838571  35.6606952  13.6838620    0.0145   -0.0174    0.0230 15 51 48.00    10.00 /U
2020 11 13.653171  2 22 38.6338 +13 41  2.010  35.6609741  13.6838917  35.6609889  13.6839007   -0.0520   -0.0323    0.0305 15 40 34.00    10.00 /U
2020 11 13.653692  2 22 38.6305 +13 41  2.032  35.6609605  13.6838978  35.6609693  13.6838981   -0.0308   -0.0010    0.0142 15 41 19.00    10.00 /U
2020 11 13.654734  2 22 38.6251 +13 41  2.001  35.6609377  13.6838891  35.6609301  13.6838929    0.0266   -0.0138    0.0262 15 42 49.00    10.00 /U
2020 11 13.655243  2 22 38.6145 +13 41  1.969  35.6608937  13.6838802  35.6609110  13.6838904   -0.0605   -0.0367    0.0189 15 43 33.00    10.00 /U
2020 11 13.655764  2 22 38.6126 +13 41  1.956  35.6608857  13.6838768  35.6608914  13.6838878   -0.0199   -0.0398    0.0204 15 44 18.00    10.00 /U
2020 11 13.656285  2 22 38.6076 +13 41  1.975  35.6608651  13.6838819  35.6608718  13.6838852   -0.0235   -0.0119    0.0173 15 45  3.00    10.00 /U
2020 11 13.661493  2 22 38.5596 +13 41  1.851  35.6606649  13.6838475  35.6606756  13.6838594   -0.0376   -0.0429    0.0159 15 52 33.00    10.00 /U
2020 11 13.656806  2 22 38.6022 +13 41  1.924  35.6608426  13.6838679  35.6608522  13.6838826   -0.0335   -0.0530    0.0227 15 45 48.00    10.00 /U
2020 11 13.657847  2 22 38.5957 +13 41  1.950  35.6608153  13.6838751  35.6608130  13.6838775    0.0082   -0.0083    0.0195 15 47 18.00    10.00 /U
2020 11 13.658368  2 22 38.5893 +13 41  1.932  35.6607886  13.6838700  35.6607933  13.6838749   -0.0165   -0.0176    0.0167 15 48  3.00    10.00 /U
2020 11 13.658889  2 22 38.5841 +13 41  1.963  35.6607672  13.6838787  35.6607737  13.6838723   -0.0227    0.0233    0.0254 15 48 48.00    10.00 /U
2020 11 13.659931  2 22 38.5743 +13 41  1.843  35.6607261  13.6838454  35.6607345  13.6838671   -0.0292   -0.0783    0.0280 15 50 18.00    10.00 /U
2020 11 13.660451  2 22 38.5738 +13 41  1.921  35.6607240  13.6838669  35.6607149  13.6838645    0.0321    0.0085    0.0418 15 51  3.00    10.00 /U
2020 11 13.657326  2 22 38.5985 +13 41  1.945  35.6608270  13.6838735  35.6608326  13.6838800   -0.0194   -0.0234    0.0155 15 46 33.00    10.00 /U
2020 11 13.720330  2 22 38.0238 +13 41  0.841  35.6584325  13.6835670  35.6584428  13.6835731   -0.0361   -0.0221    0.0305 17 17 16.50    15.00 /U
2020 11 14.638316  2 22 28.8962 +13 40 42.015  35.6204007  13.6783375  35.6203986  13.6783351    0.0073    0.0086    0.0184 15 19 10.50    15.00 /U
2020 11 14.704201  2 22 28.1760 +13 40 39.798  35.6173999  13.6777215  35.6174047  13.6777167   -0.0166    0.0175    0.0250 16 54  3.00    10.00 /U
2020 11 14.704711  2 22 28.1714 +13 40 39.777  35.6173807  13.6777157  35.6173815  13.6777117   -0.0028    0.0147    0.0114 16 54 47.00    10.00 /U
2020 11 14.705231  2 22 28.1646 +13 40 39.784  35.6173523  13.6777178  35.6173578  13.6777066   -0.0192    0.0403    0.0141 16 55 32.00    10.00 /U
2020 11 14.705752  2 22 28.1590 +13 40 39.738  35.6173290  13.6777049  35.6173341  13.6777014   -0.0179    0.0124    0.0207 16 56 17.00    10.00 /U
2020 11 14.706273  2 22 28.1536 +13 40 39.704  35.6173067  13.6776956  35.6173104  13.6776963   -0.0129   -0.0026    0.0172 16 57  2.00    10.00 /U
2020 11 14.706794  2 22 28.1493 +13 40 39.713  35.6172889  13.6776980  35.6172867  13.6776912    0.0078    0.0244    0.0180 16 57 47.00    10.00 /U
2020 11 14.707315  2 22 28.1425 +13 40 39.657  35.6172602  13.6776826  35.6172630  13.6776861   -0.0097   -0.0124    0.0158 16 58 32.00    10.00 /U
2020 11 14.707836  2 22 28.1371 +13 40 39.655  35.6172379  13.6776819  35.6172393  13.6776810   -0.0050    0.0035    0.0173 16 59 17.00    10.00 /U
2020 11 14.708356  2 22 28.1300 +13 40 39.678  35.6172083  13.6776882  35.6172156  13.6776758   -0.0256    0.0446    0.0148 17  0  2.00    10.00 /U
2020 11 14.708877  2 22 28.1246 +13 40 39.593  35.6171856  13.6776649  35.6171919  13.6776707   -0.0218   -0.0210    0.0219 17  0 47.00    10.00 /U
2020 11 14.709398  2 22 28.1208 +13 40 39.612  35.6171698  13.6776700  35.6171682  13.6776656    0.0059    0.0160    0.0304 17  1 32.00    10.00 /U
2020 11 14.709919  2 22 28.1133 +13 40 39.623  35.6171388  13.6776729  35.6171444  13.6776604   -0.0196    0.0451    0.0212 17  2 17.00    10.00 /U
2020 11 14.710440  2 22 28.1070 +13 40 39.588  35.6171124  13.6776634  35.6171207  13.6776553   -0.0291    0.0295    0.0205 17  3  2.00    10.00 /U
2020 11 14.710961  2 22 28.1038 +13 40 39.563  35.6170992  13.6776564  35.6170970  13.6776501    0.0077    0.0227    0.0159 17  3 47.00    10.00 /U
2020 11 14.711481  2 22 28.0947 +13 40 39.541  35.6170613  13.6776502  35.6170733  13.6776450   -0.0422    0.0189    0.0287 17  4 32.00    10.00 /U
2020 11 14.712002  2 22 28.0915 +13 40 39.480  35.6170481  13.6776334  35.6170496  13.6776398   -0.0054   -0.0230    0.0183 17  5 17.00    10.00 /U
2020 11 14.712512  2 22 28.0843 +13 40 39.493  35.6170178  13.6776369  35.6170264  13.6776348   -0.0302    0.0077    0.0302 17  6  1.00    10.00 /U
2020 11 14.713032  2 22 28.0781 +13 40 39.489  35.6169921  13.6776358  35.6170027  13.6776296   -0.0371    0.0224    0.0112 17  6 46.00    10.00 /U
2020 11 14.713553  2 22 28.0746 +13 40 39.462  35.6169776  13.6776283  35.6169790  13.6776244   -0.0050    0.0139    0.0136 17  7 31.00    10.00 /U
2020 11 14.714074  2 22 28.0700 +13 40 39.428  35.6169583  13.6776188  35.6169553  13.6776193    0.0106   -0.0018    0.0149 17  8 16.00    10.00 /U
2020 11 14.714595  2 22 28.0635 +13 40 39.413  35.6169313  13.6776147  35.6169316  13.6776141   -0.0011    0.0022    0.0257 17  9  1.00    10.00 /U
2020 11 14.703681  2 22 28.1819 +13 40 39.801  35.6174247  13.6777225  35.6174284  13.6777218   -0.0129    0.0026    0.0155 16 53 18.00    10.00 /U
2020 11 14.715116  2 22 28.0571 +13 40 39.430  35.6169048  13.6776195  35.6169079  13.6776089   -0.0110    0.0380    0.0265 17  9 46.00    10.00 /U
2020 11 14.703160  2 22 28.1873 +13 40 39.842  35.6174470  13.6777339  35.6174521  13.6777269   -0.0177    0.0253    0.0169 16 52 33.00    10.00 /U
2020 11 14.702118  2 22 28.2005 +13 40 39.859  35.6175021  13.6777386  35.6174995  13.6777371    0.0092    0.0054    0.0193 16 51  3.00    10.00 /U
2020 11 14.691204  2 22 28.3186 +13 40 40.259  35.6179940  13.6778498  35.6179961  13.6778430   -0.0073    0.0244    0.0244 16 35 20.00    10.00 /U
2020 11 14.691713  2 22 28.3119 +13 40 40.198  35.6179662  13.6778327  35.6179730  13.6778381   -0.0238   -0.0196    0.0168 16 36  4.00    10.00 /U
2020 11 14.692234  2 22 28.3070 +13 40 40.265  35.6179459  13.6778513  35.6179493  13.6778331   -0.0117    0.0655    0.0352 16 36 49.00    10.00 /U
2020 11 14.692755  2 22 28.3019 +13 40 40.167  35.6179244  13.6778241  35.6179256  13.6778280   -0.0040   -0.0142    0.0236 16 37 34.00    10.00 /U
2020 11 14.693275  2 22 28.2951 +13 40 40.136  35.6178962  13.6778156  35.6179019  13.6778230   -0.0199   -0.0268    0.0197 16 38 19.00    10.00 /U
2020 11 14.693796  2 22 28.2892 +13 40 40.160  35.6178716  13.6778222  35.6178782  13.6778180   -0.0230    0.0153    0.0204 16 39  4.00    10.00 /U
2020 11 14.694317  2 22 28.2843 +13 40 40.147  35.6178512  13.6778187  35.6178545  13.6778129   -0.0113    0.0209    0.0146 16 39 49.00    10.00 /U
2020 11 14.694838  2 22 28.2799 +13 40 40.140  35.6178328  13.6778167  35.6178308  13.6778079    0.0070    0.0318    0.0259 16 40 34.00    10.00 /U
2020 11 14.695359  2 22 28.2724 +13 40 40.108  35.6178017  13.6778078  35.6178071  13.6778028   -0.0187    0.0178    0.0196 16 41 19.00    10.00 /U
2020 11 14.695880  2 22 28.2677 +13 40 40.133  35.6177822  13.6778148  35.6177834  13.6777978   -0.0041    0.0614    0.0190 16 42  4.00    10.00 /U
2020 11 14.696400  2 22 28.2609 +13 40 40.071  35.6177537  13.6777976  35.6177597  13.6777927   -0.0211    0.0176    0.0150 16 42 49.00    10.00 /U
2020 11 14.696921  2 22 28.2552 +13 40 40.057  35.6177302  13.6777935  35.6177360  13.6777877   -0.0203    0.0211    0.0156 16 43 34.00    10.00 /U
2020 11 14.697442  2 22 28.2518 +13 40 40.016  35.6177159  13.6777822  35.6177123  13.6777826    0.0127   -0.0015    0.0187 16 44 19.00    10.00 /U
2020 11 14.697963  2 22 28.2434 +13 40 40.009  35.6176809  13.6777803  35.6176886  13.6777776   -0.0268    0.0099    0.0191 16 45  4.00    10.00 /U
2020 11 14.698484  2 22 28.2397 +13 40 39.981  35.6176652  13.6777725  35.6176649  13.6777725    0.0011    0.0002    0.0124 16 45 49.00    10.00 /U
2020 11 14.698993  2 22 28.2339 +13 40 39.947  35.6176411  13.6777630  35.6176417  13.6777675   -0.0021   -0.0165    0.0159 16 46 33.00    10.00 /U
2020 11 14.699514  2 22 28.2295 +13 40 39.914  35.6176230  13.6777540  35.6176180  13.6777625    0.0176   -0.0305    0.0299 16 47 18.00    10.00 /U
2020 11 14.700035  2 22 28.2222 +13 40 39.932  35.6175926  13.6777588  35.6175943  13.6777574   -0.0060    0.0049    0.0240 16 48  3.00    10.00 /U
2020 11 14.700556  2 22 28.2171 +13 40 39.934  35.6175714  13.6777594  35.6175706  13.6777523    0.0028    0.0257    0.0161 16 48 48.00    10.00 /U
2020 11 14.701076  2 22 28.2091 +13 40 39.914  35.6175381  13.6777540  35.6175469  13.6777472   -0.0308    0.0244    0.0229 16 49 33.00    10.00 /U
2020 11 14.701597  2 22 28.2045 +13 40 39.872  35.6175189  13.6777423  35.6175232  13.6777422   -0.0149    0.0007    0.0131 16 50 18.00    10.00 /U
2020 11 14.702639  2 22 28.1942 +13 40 39.821  35.6174758  13.6777280  35.6174758  13.6777320   -0.0000   -0.0142    0.0156 16 51 48.00    10.00 /U
2020 11 14.690683  2 22 28.3216 +13 40 40.234  35.6180067  13.6778427  35.6180198  13.6778480   -0.0458   -0.0192    0.0302 16 34 35.00    10.00 /U
2020 11 14.715637  2 22 28.0535 +13 40 39.360  35.6168895  13.6776000  35.6168842  13.6776037    0.0187   -0.0134    0.0168 17 10 31.00    10.00 /U
2020 11 14.716678  2 22 28.0405 +13 40 39.386  35.6168353  13.6776073  35.6168368  13.6775934   -0.0051    0.0500    0.0188 17 12  1.00    10.00 /U
2020 11 14.730197  2 22 27.8942 +13 40 38.878  35.6162258  13.6774661  35.6162213  13.6774575    0.0157    0.0307    0.0169 17 31 29.00    10.00 /U
2020 11 14.730718  2 22 27.8849 +13 40 38.886  35.6161871  13.6774683  35.6161976  13.6774522   -0.0367    0.0577    0.0252 17 32 14.00    10.00 /U
2020 11 14.731238  2 22 27.8810 +13 40 38.849  35.6161710  13.6774582  35.6161739  13.6774470   -0.0102    0.0404    0.0199 17 32 59.00    10.00 /U
2020 11 14.731759  2 22 27.8778 +13 40 38.828  35.6161576  13.6774524  35.6161502  13.6774417    0.0260    0.0384    0.0254 17 33 44.00    10.00 /U
2020 11 14.732269  2 22 27.8685 +13 40 38.791  35.6161186  13.6774421  35.6161270  13.6774365   -0.0294    0.0200    0.0245 17 34 28.00    10.00 /U
2020 11 14.732789  2 22 27.8627 +13 40 38.774  35.6160944  13.6774371  35.6161033  13.6774312   -0.0310    0.0212    0.0276 17 35 13.00    10.00 /U
2020 11 14.733310  2 22 27.8598 +13 40 38.729  35.6160826  13.6774247  35.6160796  13.6774259    0.0106   -0.0045    0.0366 17 35 58.00    10.00 /U
2020 11 14.734352  2 22 27.8486 +13 40 38.697  35.6160359  13.6774158  35.6160321  13.6774153    0.0132    0.0019    0.0197 17 37 28.00    10.00 /U
2020 11 14.734873  2 22 27.8409 +13 40 38.679  35.6160036  13.6774108  35.6160084  13.6774100   -0.0169    0.0029    0.0204 17 38 13.00    10.00 /U
2020 11 14.735394  2 22 27.8371 +13 40 38.675  35.6159879  13.6774096  35.6159847  13.6774047    0.0111    0.0178    0.0259 17 38 58.00    10.00 /U
2020 11 14.735914  2 22 27.8302 +13 40 38.684  35.6159592  13.6774121  35.6159610  13.6773994   -0.0063    0.0459    0.0177 17 39 43.00    10.00 /U
2020 11 14.736435  2 22 27.8243 +13 40 38.654  35.6159344  13.6774038  35.6159373  13.6773941   -0.0101    0.0352    0.0104 17 40 28.00    10.00 /U
2020 11 14.736956  2 22 27.8188 +13 40 38.623  35.6159117  13.6773954  35.6159136  13.6773887   -0.0065    0.0238    0.0235 17 41 13.00    10.00 /U
2020 11 14.737477  2 22 27.8133 +13 40 38.641  35.6158888  13.6774002  35.6158899  13.6773834   -0.0036    0.0605    0.0248 17 41 58.00    10.00 /U
2020 11 14.737998  2 22 27.8043 +13 40 38.601  35.6158511  13.6773893  35.6158661  13.6773781   -0.0527    0.0404    0.0233 17 42 43.00    10.00 /U
2020 11 14.738507  2 22 27.8012 +13 40 38.563  35.6158385  13.6773787  35.6158430  13.6773729   -0.0157    0.0211    0.0167 17 43 27.00    10.00 /U
2020 11 14.739028  2 22 27.7991 +13 40 38.546  35.6158296  13.6773738  35.6158192  13.6773675    0.0361    0.0225    0.0247 17 44 12.00    10.00 /U
2020 11 14.740081  2 22 27.7823 +13 40 38.531  35.6157596  13.6773697  35.6157713  13.6773567   -0.0409    0.0467    0.0185 17 45 43.00    10.00 /U
2020 11 14.740590  2 22 27.7786 +13 40 38.477  35.6157443  13.6773547  35.6157481  13.6773515   -0.0133    0.0114    0.0164 17 46 27.00    10.00 /U
2020 11 14.729676  2 22 27.8982 +13 40 38.896  35.6162426  13.6774711  35.6162450  13.6774628   -0.0083    0.0299    0.0202 17 30 44.00    10.00 /U
2020 11 14.716157  2 22 28.0456 +13 40 39.408  35.6168568  13.6776134  35.6168605  13.6775986   -0.0129    0.0533    0.0126 17 11 16.00    10.00 /U
2020 11 14.729155  2 22 27.9058 +13 40 38.904  35.6162742  13.6774733  35.6162687  13.6774681    0.0191    0.0188    0.0238 17 29 59.00    10.00 /U
2020 11 14.728113  2 22 27.9137 +13 40 38.973  35.6163070  13.6774924  35.6163162  13.6774786   -0.0320    0.0496    0.0345 17 28 29.00    10.00 /U
2020 11 14.717199  2 22 28.0331 +13 40 39.347  35.6168045  13.6775963  35.6168130  13.6775882   -0.0297    0.0291    0.0138 17 12 46.00    10.00 /U
2020 11 14.717720  2 22 28.0292 +13 40 39.318  35.6167884  13.6775882  35.6167893  13.6775830   -0.0035    0.0188    0.0156 17 13 31.00    10.00 /U
2020 11 14.718241  2 22 28.0228 +13 40 39.290  35.6167615  13.6775805  35.6167656  13.6775778   -0.0145    0.0097    0.0290 17 14 16.00    10.00 /U
2020 11 14.718762  2 22 28.0177 +13 40 39.252  35.6167405  13.6775701  35.6167419  13.6775726   -0.0049   -0.0091    0.0183 17 15  1.00    10.00 /U
2020 11 14.719282  2 22 28.0097 +13 40 39.242  35.6167069  13.6775672  35.6167182  13.6775674   -0.0396   -0.0008    0.0314 17 15 46.00    10.00 /U
2020 11 14.719792  2 22 28.0059 +13 40 39.251  35.6166911  13.6775698  35.6166950  13.6775623   -0.0138    0.0269    0.0154 17 16 30.00    10.00 /U
2020 11 14.720313  2 22 27.9994 +13 40 39.209  35.6166642  13.6775581  35.6166713  13.6775571   -0.0250    0.0038    0.0273 17 17 15.00    10.00 /U
2020 11 14.720833  2 22 27.9942 +13 40 39.189  35.6166427  13.6775526  35.6166476  13.6775519   -0.0172    0.0027    0.0379 17 18  0.00    10.00 /U
2020 11 14.721354  2 22 27.9908 +13 40 39.203  35.6166281  13.6775563  35.6166239  13.6775466    0.0149    0.0348    0.0195 17 18 45.00    10.00 /U
2020 11 14.721875  2 22 27.9841 +13 40 39.183  35.6166005  13.6775507  35.6166002  13.6775414    0.0010    0.0335    0.0131 17 19 30.00    10.00 /U
2020 11 14.722396  2 22 27.9767 +13 40 39.171  35.6165696  13.6775476  35.6165765  13.6775362   -0.0239    0.0411    0.0133 17 20 15.00    10.00 /U
2020 11 14.722917  2 22 27.9729 +13 40 39.116  35.6165537  13.6775322  35.6165528  13.6775310    0.0034    0.0044    0.0125 17 21  0.00    10.00 /U
2020 11 14.723437  2 22 27.9654 +13 40 39.169  35.6165224  13.6775470  35.6165290  13.6775257   -0.0233    0.0764    0.0287 17 21 45.00    10.00 /U
2020 11 14.723958  2 22 27.9598 +13 40 39.102  35.6164992  13.6775284  35.6165053  13.6775205   -0.0213    0.0285    0.0154 17 22 30.00    10.00 /U
2020 11 14.724479  2 22 27.9562 +13 40 39.033  35.6164841  13.6775091  35.6164816  13.6775153    0.0087   -0.0221    0.0384 17 23 15.00    10.00 /U
2020 11 14.725000  2 22 27.9485 +13 40 39.072  35.6164520  13.6775199  35.6164579  13.6775100   -0.0206    0.0355    0.0204 17 24  0.00    10.00 /U
2020 11 14.725521  2 22 27.9443 +13 40 39.056  35.6164345  13.6775155  35.6164342  13.6775048    0.0012    0.0384    0.0219 17 24 45.00    10.00 /U
2020 11 14.726042  2 22 27.9391 +13 40 39.034  35.6164128  13.6775094  35.6164105  13.6774995    0.0081    0.0356    0.0306 17 25 30.00    10.00 /U
2020 11 14.726551  2 22 27.9311 +13 40 39.023  35.6163795  13.6775063  35.6163873  13.6774944   -0.0271    0.0429    0.0234 17 26 14.00    10.00 /U
2020 11 14.727072  2 22 27.9257 +13 40 38.960  35.6163569  13.6774889  35.6163636  13.6774891   -0.0232   -0.0009    0.0190 17 26 59.00    10.00 /U
2020 11 14.727593  2 22 27.9190 +13 40 38.963  35.6163290  13.6774898  35.6163399  13.6774839   -0.0379    0.0213    0.0231 17 27 44.00    10.00 /U
2020 11 14.728634  2 22 27.9084 +13 40 38.919  35.6162852  13.6774775  35.6162924  13.6774733   -0.0255    0.0149    0.0153 17 29 14.00    10.00 /U
2020 11 14.741111  2 22 27.7728 +13 40 38.490  35.6157201  13.6773584  35.6157244  13.6773461   -0.0150    0.0441    0.0164 17 47 12.00    10.00 /U
2020 11 14.690162  2 22 28.3302 +13 40 40.268  35.6180425  13.6778522  35.6180435  13.6778530   -0.0037   -0.0031    0.0199 16 33 50.00    10.00 /U
2020 11 14.689120  2 22 28.3411 +13 40 40.321  35.6180879  13.6778669  35.6180909  13.6778631   -0.0106    0.0140    0.0188 16 32 20.00    10.00 /U
2020 11 14.651690  2 22 28.7487 +13 40 41.585  35.6197864  13.6782180  35.6197919  13.6782140   -0.0193    0.0144    0.0124 15 38 26.00    10.00 /U
2020 11 14.652211  2 22 28.7415 +13 40 41.587  35.6197560  13.6782185  35.6197683  13.6782092   -0.0427    0.0336    0.0309 15 39 11.00    10.00 /U
2020 11 14.652731  2 22 28.7392 +13 40 41.570  35.6197467  13.6782140  35.6197446  13.6782045    0.0072    0.0343    0.0104 15 39 56.00    10.00 /U
2020 11 14.653252  2 22 28.7317 +13 40 41.569  35.6197153  13.6782137  35.6197210  13.6781997   -0.0197    0.0506    0.0135 15 40 41.00    10.00 /U
2020 11 14.653773  2 22 28.7298 +13 40 41.478  35.6197073  13.6781882  35.6196973  13.6781949    0.0349   -0.0241    0.0226 15 41 26.00    10.00 /U
2020 11 14.654294  2 22 28.7208 +13 40 41.497  35.6196699  13.6781936  35.6196737  13.6781901   -0.0133    0.0126    0.0108 15 42 11.00    10.00 /U
2020 11 14.654803  2 22 28.7138 +13 40 41.494  35.6196408  13.6781927  35.6196506  13.6781855   -0.0343    0.0261    0.0131 15 42 55.00    10.00 /U
2020 11 14.655324  2 22 28.7090 +13 40 41.439  35.6196207  13.6781776  35.6196269  13.6781807   -0.0218   -0.0110    0.0271 15 43 40.00    10.00 /U
2020 11 14.656366  2 22 28.6986 +13 40 41.423  35.6195773  13.6781730  35.6195796  13.6781711   -0.0080    0.0067    0.0248 15 45 10.00    10.00 /U
2020 11 14.657407  2 22 28.6892 +13 40 41.393  35.6195385  13.6781647  35.6195323  13.6781615    0.0214    0.0115    0.0196 15 46 40.00    10.00 /U
2020 11 14.657928  2 22 28.6818 +13 40 41.360  35.6195077  13.6781556  35.6195087  13.6781567   -0.0035   -0.0042    0.0181 15 47 25.00    10.00 /U
2020 11 14.658449  2 22 28.6768 +13 40 41.354  35.6194867  13.6781540  35.6194850  13.6781519    0.0059    0.0073    0.0147 15 48 10.00    10.00 /U
2020 11 14.658970  2 22 28.6704 +13 40 41.331  35.6194598  13.6781474  35.6194614  13.6781471   -0.0054    0.0011    0.0077 15 48 55.00    10.00 /U
2020 11 14.659491  2 22 28.6658 +13 40 41.298  35.6194407  13.6781383  35.6194377  13.6781423    0.0103   -0.0143    0.0296 15 49 40.00    10.00 /U
2020 11 14.660012  2 22 28.6571 +13 40 41.286  35.6194045  13.6781349  35.6194141  13.6781375   -0.0336   -0.0093    0.0163 15 50 25.00    10.00 /U
2020 11 14.660521  2 22 28.6524 +13 40 41.304  35.6193850  13.6781400  35.6193909  13.6781328   -0.0208    0.0259    0.0214 15 51  9.00    10.00 /U
2020 11 14.661042  2 22 28.6471 +13 40 41.272  35.6193627  13.6781312  35.6193673  13.6781280   -0.0159    0.0117    0.0129 15 51 54.00    10.00 /U
2020 11 14.661563  2 22 28.6421 +13 40 41.281  35.6193421  13.6781337  35.6193436  13.6781231   -0.0055    0.0382    0.0195 15 52 39.00    10.00 /U
2020 11 14.662083  2 22 28.6352 +13 40 41.241  35.6193135  13.6781226  35.6193200  13.6781183   -0.0228    0.0153    0.0238 15 53 24.00    10.00 /U
2020 11 14.662604  2 22 28.6321 +13 40 41.216  35.6193004  13.6781156  35.6192963  13.6781135    0.0143    0.0078    0.0180 15 54  9.00    10.00 /U
2020 11 14.651169  2 22 28.7552 +13 40 41.591  35.6198135  13.6782196  35.6198155  13.6782187   -0.0070    0.0031    0.0177 15 37 41.00    10.00 /U
2020 11 14.663125  2 22 28.6250 +13 40 41.189  35.6192707  13.6781081  35.6192727  13.6781086   -0.0068   -0.0020    0.0168 15 54 54.00    10.00 /U
2020 11 14.650648  2 22 28.7594 +13 40 41.634  35.6198310  13.6782316  35.6198392  13.6782235   -0.0285    0.0291    0.0182 15 36 56.00    10.00 /U
2020 11 14.649606  2 22 28.7713 +13 40 41.642  35.6198805  13.6782339  35.6198865  13.6782330   -0.0207    0.0032    0.0183 15 35 26.00    10.00 /U
2020 11 14.638692  2 22 28.8901 +13 40 41.999  35.6203753  13.6783330  35.6203815  13.6783318   -0.0219    0.0045    0.0211 15 19 43.00    10.00 /U
2020 11 14.639213  2 22 28.8847 +13 40 42.009  35.6203529  13.6783358  35.6203579  13.6783271   -0.0174    0.0312    0.0306 15 20 28.00    10.00 /U
2020 11 14.639734  2 22 28.8775 +13 40 41.988  35.6203228  13.6783301  35.6203343  13.6783224   -0.0401    0.0277    0.0237 15 21 13.00    10.00 /U
2020 11 14.640243  2 22 28.8731 +13 40 41.934  35.6203048  13.6783151  35.6203112  13.6783178   -0.0225   -0.0100    0.0218 15 21 57.00    10.00 /U
2020 11 14.640775  2 22 28.8676 +13 40 41.948  35.6202816  13.6783190  35.6202871  13.6783130   -0.0191    0.0215    0.0180 15 22 43.00    10.00 /U
2020 11 14.641296  2 22 28.8624 +13 40 41.926  35.6202601  13.6783128  35.6202634  13.6783083   -0.0116    0.0161    0.0185 15 23 28.00    10.00 /U
2020 11 14.641817  2 22 28.8568 +13 40 41.888  35.6202369  13.6783022  35.6202398  13.6783036   -0.0104   -0.0053    0.0163 15 24 13.00    10.00 /U
2020 11 14.642326  2 22 28.8539 +13 40 41.892  35.6202247  13.6783033  35.6202167  13.6782990    0.0278    0.0151    0.0224 15 24 57.00    10.00 /U
2020 11 14.642847  2 22 28.8459 +13 40 41.867  35.6201912  13.6782963  35.6201931  13.6782943   -0.0066    0.0071    0.0179 15 25 42.00    10.00 /U
2020 11 14.643368  2 22 28.8388 +13 40 41.849  35.6201616  13.6782914  35.6201695  13.6782896   -0.0276    0.0063    0.0173 15 26 27.00    10.00 /U
2020 11 14.643889  2 22 28.8341 +13 40 41.858  35.6201422  13.6782938  35.6201459  13.6782849   -0.0127    0.0319    0.0209 15 27 12.00    10.00 /U
2020 11 14.644410  2 22 28.8294 +13 40 41.805  35.6201224  13.6782792  35.6201222  13.6782802    0.0007   -0.0036    0.0171 15 27 57.00    10.00 /U
2020 11 14.644931  2 22 28.8250 +13 40 41.794  35.6201044  13.6782761  35.6200986  13.6782755    0.0202    0.0021    0.0125 15 28 42.00    10.00 /U
2020 11 14.645451  2 22 28.8165 +13 40 41.770  35.6200689  13.6782694  35.6200750  13.6782708   -0.0212   -0.0051    0.0186 15 29 27.00    10.00 /U
2020 11 14.645972  2 22 28.8129 +13 40 41.752  35.6200536  13.6782644  35.6200514  13.6782661    0.0079   -0.0059    0.0189 15 30 12.00    10.00 /U
2020 11 14.646493  2 22 28.8053 +13 40 41.786  35.6200221  13.6782740  35.6200277  13.6782613   -0.0197    0.0457    0.0262 15 30 57.00    10.00 /U
2020 11 14.647014  2 22 28.7985 +13 40 41.710  35.6199937  13.6782528  35.6200041  13.6782566   -0.0363   -0.0136    0.0189 15 31 42.00    10.00 /U
2020 11 14.647535  2 22 28.7950 +13 40 41.698  35.6199790  13.6782494  35.6199805  13.6782519   -0.0052   -0.0089    0.0305 15 32 27.00    10.00 /U
2020 11 14.648044  2 22 28.7882 +13 40 41.709  35.6199508  13.6782524  35.6199574  13.6782472   -0.0230    0.0187    0.0276 15 33 11.00    10.00 /U
2020 11 14.648565  2 22 28.7836 +13 40 41.673  35.6199319  13.6782426  35.6199337  13.6782425   -0.0065    0.0003    0.0338 15 33 56.00    10.00 /U
2020 11 14.649086  2 22 28.7779 +13 40 41.678  35.6199078  13.6782439  35.6199101  13.6782378   -0.0082    0.0220    0.0399 15 34 41.00    10.00 /U
2020 11 14.650127  2 22 28.7669 +13 40 41.666  35.6198620  13.6782406  35.6198628  13.6782283   -0.0029    0.0444    0.0123 15 36 11.00    10.00 /U
2020 11 14.689641  2 22 28.3341 +13 40 40.301  35.6180585  13.6778615  35.6180672  13.6778580   -0.0303    0.0123    0.0157 16 33  5.00    10.00 /U
2020 11 14.664687  2 22 28.6096 +13 40 41.108  35.6192065  13.6780857  35.6192017  13.6780941    0.0169   -0.0305    0.0259 15 57  9.00    10.00 /U
2020 11 14.678206  2 22 28.4609 +13 40 40.698  35.6185871  13.6779717  35.6185873  13.6779672   -0.0006    0.0162    0.0293 16 16 37.00    10.00 /U
2020 11 14.678727  2 22 28.4543 +13 40 40.663  35.6185597  13.6779620  35.6185636  13.6779623   -0.0138   -0.0011    0.0301 16 17 22.00    10.00 /U
2020 11 14.679248  2 22 28.4478 +13 40 40.686  35.6185326  13.6779682  35.6185399  13.6779573   -0.0256    0.0392    0.0331 16 18  7.00    10.00 /U
2020 11 14.679757  2 22 28.4457 +13 40 40.638  35.6185237  13.6779549  35.6185167  13.6779525    0.0243    0.0087    0.0224 16 18 51.00    10.00 /U
2020 11 14.680278  2 22 28.4375 +13 40 40.600  35.6184894  13.6779443  35.6184931  13.6779475   -0.0129   -0.0116    0.0179 16 19 36.00    10.00 /U
2020 11 14.680799  2 22 28.4308 +13 40 40.590  35.6184618  13.6779416  35.6184694  13.6779426   -0.0265   -0.0036    0.0278 16 20 21.00    10.00 /U
2020 11 14.681319  2 22 28.4241 +13 40 40.604  35.6184339  13.6779457  35.6184457  13.6779376   -0.0413    0.0289    0.0253 16 21  6.00    10.00 /U
2020 11 14.681840  2 22 28.4192 +13 40 40.588  35.6184132  13.6779412  35.6184220  13.6779327   -0.0307    0.0306    0.0194 16 21 51.00    10.00 /U
2020 11 14.682361  2 22 28.4174 +13 40 40.532  35.6184060  13.6779256  35.6183983  13.6779277    0.0268   -0.0078    0.0167 16 22 36.00    10.00 /U
2020 11 14.682882  2 22 28.4075 +13 40 40.568  35.6183646  13.6779355  35.6183746  13.6779228   -0.0351    0.0459    0.0101 16 23 21.00    10.00 /U
2020 11 14.683403  2 22 28.4027 +13 40 40.548  35.6183445  13.6779299  35.6183510  13.6779178   -0.0227    0.0437    0.0141 16 24  6.00    10.00 /U
2020 11 14.683924  2 22 28.3990 +13 40 40.516  35.6183290  13.6779211  35.6183273  13.6779128    0.0060    0.0299    0.0124 16 24 51.00    10.00 /U
2020 11 14.684444  2 22 28.3916 +13 40 40.475  35.6182983  13.6779096  35.6183036  13.6779079   -0.0183    0.0064    0.0179 16 25 36.00    10.00 /U
2020 11 14.684965  2 22 28.3870 +13 40 40.466  35.6182793  13.6779071  35.6182799  13.6779029   -0.0019    0.0152    0.0155 16 26 21.00    10.00 /U
2020 11 14.685486  2 22 28.3823 +13 40 40.431  35.6182597  13.6778975  35.6182562  13.6778979    0.0121   -0.0013    0.0187 16 27  6.00    10.00 /U
2020 11 14.685995  2 22 28.3756 +13 40 40.437  35.6182316  13.6778991  35.6182330  13.6778930   -0.0049    0.0219    0.0235 16 27 50.00    10.00 /U
2020 11 14.686516  2 22 28.3681 +13 40 40.423  35.6182003  13.6778953  35.6182094  13.6778880   -0.0315    0.0262    0.0159 16 28 35.00    10.00 /U
2020 11 14.687037  2 22 28.3623 +13 40 40.366  35.6181762  13.6778795  35.6181857  13.6778830   -0.0333   -0.0128    0.0195 16 29 20.00    10.00 /U
2020 11 14.687558  2 22 28.3559 +13 40 40.335  35.6181496  13.6778708  35.6181620  13.6778781   -0.0435   -0.0260    0.0319 16 30  5.00    10.00 /U
2020 11 14.688079  2 22 28.3525 +13 40 40.334  35.6181355  13.6778706  35.6181383  13.6778731   -0.0097   -0.0089    0.0138 16 30 50.00    10.00 /U
2020 11 14.688600  2 22 28.3476 +13 40 40.328  35.6181149  13.6778688  35.6181146  13.6778681    0.0010    0.0028    0.0142 16 31 35.00    10.00 /U
2020 11 14.677685  2 22 28.4652 +13 40 40.713  35.6186052  13.6779758  35.6186109  13.6779721   -0.0201    0.0134    0.0374 16 15 52.00    10.00 /U
2020 11 14.664167  2 22 28.6123 +13 40 41.155  35.6192179  13.6780987  35.6192253  13.6780990   -0.0259   -0.0009    0.0267 15 56 24.00    10.00 /U
2020 11 14.677164  2 22 28.4702 +13 40 40.755  35.6186259  13.6779875  35.6186346  13.6779771   -0.0305    0.0376    0.0187 16 15  7.00    10.00 /U
2020 11 14.676123  2 22 28.4835 +13 40 40.788  35.6186811  13.6779967  35.6186820  13.6779869   -0.0029    0.0352    0.0265 16 13 37.00    10.00 /U
2020 11 14.665208  2 22 28.6022 +13 40 41.134  35.6191759  13.6780926  35.6191780  13.6780893   -0.0072    0.0122    0.0117 15 57 54.00    10.00 /U
2020 11 14.665729  2 22 28.5971 +13 40 41.088  35.6191546  13.6780799  35.6191543  13.6780844    0.0009   -0.0163    0.0225 15 58 39.00    10.00 /U
2020 11 14.666250  2 22 28.5908 +13 40 41.122  35.6191285  13.6780893  35.6191307  13.6780796   -0.0075    0.0351    0.0152 15 59 24.00    10.00 /U
2020 11 14.666771  2 22 28.5845 +13 40 41.077  35.6191022  13.6780769  35.6191070  13.6780747   -0.0168    0.0080    0.0212 16  0  9.00    10.00 /U
2020 11 14.667280  2 22 28.5807 +13 40 41.098  35.6190863  13.6780829  35.6190839  13.6780700    0.0086    0.0466    0.0244 16  0 53.00    10.00 /U
2020 11 14.667801  2 22 28.5741 +13 40 41.017  35.6190587  13.6780603  35.6190602  13.6780651   -0.0051   -0.0174    0.0172 16  1 38.00    10.00 /U
2020 11 14.668322  2 22 28.5684 +13 40 41.010  35.6190352  13.6780582  35.6190365  13.6780602   -0.0048   -0.0072    0.0100 16  2 23.00    10.00 /U
2020 11 14.668843  2 22 28.5618 +13 40 40.997  35.6190077  13.6780547  35.6190129  13.6780554   -0.0182   -0.0025    0.0144 16  3  8.00    10.00 /U
2020 11 14.669363  2 22 28.5562 +13 40 40.975  35.6189843  13.6780485  35.6189892  13.6780505   -0.0171   -0.0070    0.0236 16  3 53.00    10.00 /U
2020 11 14.669884  2 22 28.5523 +13 40 40.963  35.6189681  13.6780453  35.6189655  13.6780456    0.0088   -0.0010    0.0245 16  4 38.00    10.00 /U
2020 11 14.670405  2 22 28.5447 +13 40 40.933  35.6189361  13.6780369  35.6189419  13.6780407   -0.0203   -0.0136    0.0179 16  5 23.00    10.00 /U
2020 11 14.670926  2 22 28.5393 +13 40 40.942  35.6189138  13.6780394  35.6189182  13.6780358   -0.0153    0.0130    0.0205 16  6  8.00    10.00 /U
2020 11 14.671447  2 22 28.5334 +13 40 40.901  35.6188893  13.6780280  35.6188945  13.6780309   -0.0184   -0.0105    0.0249 16  6 53.00    10.00 /U
2020 11 14.671968  2 22 28.5281 +13 40 40.890  35.6188671  13.6780251  35.6188709  13.6780261   -0.0130   -0.0035    0.0114 16  7 38.00    10.00 /U
2020 11 14.672488  2 22 28.5227 +13 40 40.875  35.6188444  13.6780209  35.6188472  13.6780212   -0.0097   -0.0011    0.0145 16  8 23.00    10.00 /U
2020 11 14.673009  2 22 28.5142 +13 40 40.832  35.6188092  13.6780088  35.6188235  13.6780163   -0.0499   -0.0270    0.0159 16  9  8.00    10.00 /U
2020 11 14.673519  2 22 28.5126 +13 40 40.853  35.6188026  13.6780146  35.6188004  13.6780115    0.0079    0.0114    0.0134 16  9 52.00    10.00 /U
2020 11 14.674039  2 22 28.5022 +13 40 40.850  35.6187594  13.6780138  35.6187767  13.6780066   -0.0606    0.0261    0.0183 16 10 37.00    10.00 /U
2020 11 14.674560  2 22 28.4993 +13 40 40.841  35.6187472  13.6780113  35.6187530  13.6780017   -0.0203    0.0346    0.0214 16 11 22.00    10.00 /U
2020 11 14.675081  2 22 28.4927 +13 40 40.785  35.6187196  13.6779958  35.6187293  13.6779967   -0.0342   -0.0035    0.0183 16 12  7.00    10.00 /U
2020 11 14.675602  2 22 28.4902 +13 40 40.761  35.6187094  13.6779892  35.6187057  13.6779918    0.0130   -0.0094    0.0214 16 12 52.00    10.00 /U
2020 11 14.741632  2 22 27.7690 +13 40 38.415  35.6157043  13.6773376  35.6157007  13.6773408    0.0125   -0.0114    0.0318 17 47 57.00    10.00 /U
2020 11 15.628738  2 22 18.4597 +13 39 49.463  35.5769153  13.6637396  35.5769381  13.6637317   -0.0797    0.0284    0.0800 15  5 23.00    10.00 /U
2020 11 15.631863  2 22 18.4548 +13 39 48.847  35.5768950  13.6635687  35.5768075  13.6636706    0.3061   -0.3668    0.0710 15  9 53.00    10.00 /U
2020 11 15.631343  2 22 18.4510 +13 39 48.860  35.5768790  13.6635722  35.5768293  13.6636808    0.1737   -0.3911    0.0521 15  9  8.00    10.00 /U
2020 11 15.630822  2 22 18.4453 +13 39 49.213  35.5768552  13.6636702  35.5768511  13.6636910    0.0146   -0.0748    0.0500 15  8 23.00    10.00 /U
2020 11 15.630301  2 22 18.4462 +13 39 49.216  35.5768592  13.6636712  35.5768728  13.6637012   -0.0475   -0.1078    0.0553 15  7 38.00    10.00 /U
2020 11 15.629780  2 22 18.4480 +13 39 49.469  35.5768667  13.6637415  35.5768946  13.6637114   -0.0973    0.1085    0.0565 15  6 53.00    10.00 /U
2020 11 15.629259  2 22 18.4573 +13 39 49.417  35.5769052  13.6637269  35.5769163  13.6637216   -0.0389    0.0193    0.0451 15  6  8.00    10.00 /U
2020 11 16.626713  2 22  9.7581 +13 38 39.042  35.5406587  13.6441784  35.5406745  13.6441713   -0.0556    0.0256    0.0471 15  2 28.00    10.00 /U
2020 11 16.627234  2 22  9.7384 +13 38 39.153  35.5405767  13.6442092  35.5406573  13.6441625   -0.2819    0.1680    0.0378 15  3 13.00    10.00 /U
2020 11 16.627755  2 22  9.7516 +13 38 38.744  35.5406315  13.6440954  35.5406401  13.6441538   -0.0299   -0.2102    0.0211 15  3 58.00    10.00 /U
2020 11 16.628275  2 22  9.7507 +13 38 38.644  35.5406280  13.6440679  35.5406228  13.6441451    0.0181   -0.2781    0.0247 15  4 43.00    10.00 /U
2020 11 16.628796  2 22  9.7405 +13 38 38.873  35.5405855  13.6441313  35.5406056  13.6441364   -0.0702   -0.0184    0.0217 15  5 28.00    10.00 /U
2020 11 16.629317  2 22  9.7420 +13 38 39.081  35.5405916  13.6441893  35.5405883  13.6441277    0.0114    0.2218    0.0438 15  6 13.00    10.00 /U
2020 11 16.629838  2 22  9.7601 +13 38 38.727  35.5406672  13.6440908  35.5405711  13.6441190    0.3362   -0.1015    0.0320 15  6 58.00    10.00 /U
