  2024 11  3.550666 23  0 47.9470 -08 40 34.042 345.1997791  -8.6761227 345.1997877  -8.6761332   -0.0305    0.0378    0.0727 13 12 57.50    45.00 
  2024 11  3.551476 23  0 47.9480 -08 40 34.060 345.1997835  -8.6761279 345.1997672  -8.6761392    0.0582    0.0406    0.0368 13 14  7.50    45.00 
  2024 11  3.552297 23  0 47.9441 -08 40 34.122 345.1997672  -8.6761451 345.1997463  -8.6761452    0.0742    0.0002    0.0272 13 15 18.50    45.00 
  2024 11  3.553108 23  0 47.9275 -08 40 34.159 345.1996980  -8.6761552 345.1997258  -8.6761511   -0.0990   -0.0148    0.0758 13 16 28.50    45.00 
  2024 11  3.553929 23  0 47.9313 -08 40 34.168 345.1997136  -8.6761578 345.1997050  -8.6761571    0.0306   -0.0025    0.0520 13 17 39.50    45.00 
  2024 11  3.554740 23  0 47.9223 -08 40 34.194 345.1996761  -8.6761649 345.1996845  -8.6761631   -0.0299   -0.0067    0.0344 13 18 49.50    45.00 
  2024 11  3.555561 23  0 47.9211 -08 40 34.173 345.1996711  -8.6761592 345.1996637  -8.6761691    0.0265    0.0357    0.0554 13 20  0.50    45.00 
  2024 11  3.556372 23  0 47.9111 -08 40 34.217 345.1996295  -8.6761714 345.1996432  -8.6761750   -0.0487    0.0131    0.0639 13 21 10.50    45.00 
  2024 11  3.571360 23  0 47.8261 -08 40 34.592 345.1992754  -8.6762757 345.1992638  -8.6762844    0.0415    0.0315    0.0525 13 42 45.50    45.00 
  2024 11  3.572182 23  0 47.8194 -08 40 34.499 345.1992476  -8.6762497 345.1992430  -8.6762904    0.0165    0.1465    0.0411 13 43 56.50    45.00 
  2024 11  3.572992 23  0 47.8156 -08 40 34.706 345.1992315  -8.6763072 345.1992225  -8.6762963    0.0321   -0.0394    0.0540 13 45  6.50    45.00 
  2024 12  2.517350 23  0 40.9772 -08 36 23.098 345.1707384  -8.6064160 345.1707373  -8.6064112    0.0042   -0.0175    0.0273 12 24 59.00    60.00 
  2024 12  2.518160 23  0 40.9757 -08 36 23.056 345.1707320  -8.6064045 345.1707540  -8.6064014   -0.0782   -0.0112    0.0543 12 26  9.00    60.00 
  2024 12  2.518981 23  0 40.9837 -08 36 23.015 345.1707654  -8.6063931 345.1707709  -8.6063914   -0.0198   -0.0061    0.0638 12 27 20.00    60.00 
  2024 12  2.519792 23  0 40.9924 -08 36 22.935 345.1708017  -8.6063709 345.1707877  -8.6063816    0.0499    0.0385    0.0663 12 28 30.00    60.00 
  2024 12  2.520613 23  0 40.9917 -08 36 22.995 345.1707988  -8.6063875 345.1708046  -8.6063716   -0.0210   -0.0572    0.0770 12 29 41.00    60.00 
  2024 12  2.521424 23  0 40.9995 -08 36 22.873 345.1708312  -8.6063536 345.1708214  -8.6063618    0.0348    0.0296    0.0363 12 30 51.00    60.00 
  2024 12  2.522245 23  0 41.0035 -08 36 22.841 345.1708478  -8.6063449 345.1708384  -8.6063518    0.0337    0.0252    0.0188 12 32  2.00    60.00 
  2024 12  2.523056 23  0 41.0036 -08 36 22.855 345.1708484  -8.6063485 345.1708551  -8.6063420   -0.0239   -0.0234    0.0583 12 33 12.00    60.00 
  2024 12  2.523877 23  0 41.0106 -08 36 22.836 345.1708773  -8.6063434 345.1708721  -8.6063321    0.0187   -0.0409    0.0666 12 34 23.00    60.00 
  2024 12  2.524687 23  0 41.0175 -08 36 22.760 345.1709061  -8.6063222 345.1708888  -8.6063222    0.0615    0.0001    0.0633 12 35 33.00    60.00 
  2024 12  2.525509 23  0 41.0200 -08 36 22.744 345.1709165  -8.6063176 345.1709058  -8.6063123    0.0380   -0.0194    0.0643 12 36 44.00    60.00 
  2024 12  2.526319 23  0 41.0253 -08 36 22.638 345.1709388  -8.6062882 345.1709226  -8.6063024    0.0576    0.0512    0.0469 12 37 54.00    60.00 
  2024 12  2.528380 23  0 41.0281 -08 36 22.577 345.1709504  -8.6062713 345.1709652  -8.6062774   -0.0525    0.0219    0.0437 12 40 52.00    60.00 
  2024 12  2.529190 23  0 41.0354 -08 36 22.530 345.1709808  -8.6062583 345.1709819  -8.6062676   -0.0042    0.0334    0.0434 12 42  2.00    60.00 
  2024 12  2.530012 23  0 41.0459 -08 36 22.517 345.1710246  -8.6062548 345.1709989  -8.6062576    0.0915    0.0100    0.0437 12 43 13.00    60.00 
  2024 12  2.530833 23  0 41.0470 -08 36 22.487 345.1710292  -8.6062465 345.1710160  -8.6062477    0.0471    0.0042    0.0325 12 44 24.00    60.00 
  2024 12  2.531644 23  0 41.0535 -08 36 22.478 345.1710563  -8.6062439 345.1710327  -8.6062378    0.0839   -0.0219    0.0698 12 45 34.00    60.00 
  2024 12  2.532465 23  0 41.0527 -08 36 22.424 345.1710531  -8.6062290 345.1710497  -8.6062278    0.0118   -0.0042    0.0588 12 46 45.00    60.00 
  2024 12  2.533275 23  0 41.0564 -08 36 22.385 345.1710682  -8.6062180 345.1710665  -8.6062180    0.0058    0.0002    0.0268 12 47 55.00    60.00 
  2024 12  2.534097 23  0 41.0613 -08 36 22.403 345.1710888  -8.6062232 345.1710835  -8.6062080    0.0188   -0.0546    0.0712 12 49  6.00    60.00 
  2024 12  2.534907 23  0 41.0635 -08 36 22.319 345.1710980  -8.6061999 345.1711003  -8.6061982   -0.0084   -0.0061    0.0648 12 50 16.00    60.00 
  2024 12  2.535729 23  0 41.0714 -08 36 22.296 345.1711307  -8.6061934 345.1711174  -8.6061882    0.0477   -0.0188    0.0682 12 51 27.00    60.00 
  2024 12  2.536539 23  0 41.0719 -08 36 22.214 345.1711327  -8.6061705 345.1711342  -8.6061783   -0.0051    0.0282    0.0552 12 52 37.00    60.00 
  2024 12  2.537361 23  0 41.0749 -08 36 22.231 345.1711453  -8.6061752 345.1711512  -8.6061684   -0.0210   -0.0246    0.0615 12 53 48.00    60.00 
  2024 12  2.538171 23  0 41.0813 -08 36 22.193 345.1711720  -8.6061649 345.1711680  -8.6061585    0.0142   -0.0228    0.0607 12 54 58.00    60.00 
  2024 12  2.538993 23  0 41.0848 -08 36 22.151 345.1711866  -8.6061531 345.1711850  -8.6061485    0.0056   -0.0166    0.0679 12 56  9.00    60.00 
  2024 12  2.539803 23  0 41.0975 -08 36 22.111 345.1712397  -8.6061418 345.1712018  -8.6061387    0.1347   -0.0114    0.0560 12 57 19.00    60.00 
  2024 12  2.540625 23  0 41.0943 -08 36 22.080 345.1712261  -8.6061334 345.1712189  -8.6061287    0.0256   -0.0169    0.0560 12 58 30.00    60.00 
  2024 12  2.541435 23  0 41.1009 -08 36 21.994 345.1712538  -8.6061094 345.1712357  -8.6061188    0.0643    0.0339    0.0556 12 59 40.00    60.00 
  2024 12  2.542257 23  0 41.0970 -08 36 21.958 345.1712376  -8.6060994 345.1712528  -8.6061088   -0.0538    0.0339    0.0609 13  0 51.00    60.00 
  2024 12  2.543067 23  0 41.1095 -08 36 22.029 345.1712895  -8.6061191 345.1712696  -8.6060990    0.0710   -0.0724    0.0950 13  2  1.00    60.00 
  2024 12  2.543889 23  0 41.1022 -08 36 21.915 345.1712592  -8.6060876 345.1712866  -8.6060890   -0.0975    0.0052    0.0879 13  3 12.00    60.00 
  2024 12  2.544699 23  0 41.1140 -08 36 21.934 345.1713082  -8.6060928 345.1713035  -8.6060791    0.0170   -0.0493    0.0969 13  4 22.00    60.00 
  2024 12  2.545521 23  0 41.1191 -08 36 21.825 345.1713296  -8.6060625 345.1713205  -8.6060691    0.0321    0.0241    0.0672 13  5 33.00    60.00 
  2024 12  2.546331 23  0 41.1198 -08 36 21.859 345.1713326  -8.6060719 345.1713374  -8.6060593   -0.0171   -0.0454    0.0684 13  6 43.00    60.00 
  2024 12  2.547153 23  0 41.1249 -08 36 21.788 345.1713536  -8.6060523 345.1713544  -8.6060493   -0.0029   -0.0109    0.0822 13  7 54.00    60.00 
  2024 12  2.547975 23  0 41.1273 -08 36 21.726 345.1713638  -8.6060350 345.1713715  -8.6060393   -0.0276    0.0154    0.0692 13  9  5.00    60.00 
  2024 12  2.548785 23  0 41.1341 -08 36 21.635 345.1713923  -8.6060097 345.1713884  -8.6060294    0.0139    0.0708    0.0615 13 10 15.00    60.00 
  2024 12  2.549606 23  0 41.1321 -08 36 21.642 345.1713839  -8.6060117 345.1714055  -8.6060194   -0.0767    0.0279    0.0816 13 11 26.00    60.00 
  2024 12  2.550417 23  0 41.1457 -08 36 21.712 345.1714403  -8.6060310 345.1714223  -8.6060095    0.0641   -0.0772    0.0757 13 12 36.00    60.00 
  2024 11  3.550666 23  0 47.9470 -08 40 34.042 345.1997791  -8.6761227 345.1997877  -8.6761332   -0.0305    0.0378    0.0727 13 12 57.50    45.00 
  2024 11  3.551476 23  0 47.9480 -08 40 34.060 345.1997835  -8.6761279 345.1997672  -8.6761392    0.0582    0.0406    0.0368 13 14  7.50    45.00 
  2024 11  3.552297 23  0 47.9441 -08 40 34.122 345.1997672  -8.6761451 345.1997463  -8.6761452    0.0742    0.0002    0.0272 13 15 18.50    45.00 
  2024 11  3.553108 23  0 47.9275 -08 40 34.159 345.1996980  -8.6761552 345.1997258  -8.6761511   -0.0990   -0.0148    0.0758 13 16 28.50    45.00 
  2024 11  3.553929 23  0 47.9313 -08 40 34.168 345.1997136  -8.6761578 345.1997050  -8.6761571    0.0306   -0.0025    0.0520 13 17 39.50    45.00 
  2024 11  3.554740 23  0 47.9223 -08 40 34.194 345.1996761  -8.6761649 345.1996845  -8.6761631   -0.0299   -0.0067    0.0344 13 18 49.50    45.00 
  2024 11  3.555561 23  0 47.9211 -08 40 34.173 345.1996711  -8.6761592 345.1996637  -8.6761691    0.0265    0.0357    0.0554 13 20  0.50    45.00 
  2024 11  3.556372 23  0 47.9111 -08 40 34.217 345.1996295  -8.6761714 345.1996432  -8.6761750   -0.0487    0.0131    0.0639 13 21 10.50    45.00 
  2024 11  3.571360 23  0 47.8261 -08 40 34.592 345.1992754  -8.6762757 345.1992638  -8.6762844    0.0415    0.0315    0.0525 13 42 45.50    45.00 
  2024 11  3.572182 23  0 47.8194 -08 40 34.499 345.1992476  -8.6762497 345.1992430  -8.6762904    0.0165    0.1465    0.0411 13 43 56.50    45.00 
  2024 11  3.572992 23  0 47.8156 -08 40 34.706 345.1992315  -8.6763072 345.1992225  -8.6762963    0.0321   -0.0394    0.0540 13 45  6.50    45.00 
