  2025 11 25.473953 23 46 20.0083 -04  3  9.401 356.5833680  -4.0526113 356.5833590  -4.0526170    0.0322    0.0203    0.0244 11 22 29.50    45.00 
  2025 11 25.483038 23 46 19.9996 -04  3  9.282 356.5833317  -4.0525785 356.5833234  -4.0525958    0.0300    0.0626    0.0376 11 35 34.50    45.00 
  2025 11 25.483675 23 46 19.9981 -04  3  9.324 356.5833252  -4.0525901 356.5833209  -4.0525944    0.0157    0.0153    0.0352 11 36 29.50    45.00 
  2025 11 25.484959 23 46 19.9981 -04  3  9.287 356.5833253  -4.0525796 356.5833158  -4.0525914    0.0343    0.0424    0.0334 11 38 20.50    45.00 
  2025 11 25.485608 23 46 19.9954 -04  3  9.313 356.5833143  -4.0525871 356.5833133  -4.0525898    0.0037    0.0100    0.0466 11 39 16.50    45.00 
  2025 11 25.486256 23 46 19.9947 -04  3  9.281 356.5833114  -4.0525781 356.5833107  -4.0525883    0.0026    0.0370    0.0267 11 40 12.50    45.00 
  2025 11 25.486904 23 46 19.9944 -04  3  9.275 356.5833099  -4.0525764 356.5833082  -4.0525868    0.0065    0.0375    0.0413 11 41  8.50    45.00 
  2025 11 25.487766 23 46 19.9936 -04  3  9.299 356.5833067  -4.0525829 356.5833048  -4.0525848    0.0068    0.0067    0.0174 11 42 23.00    60.00 
  2025 11 25.488576 23 46 19.9923 -04  3  9.292 356.5833012  -4.0525812 356.5833016  -4.0525829   -0.0015    0.0063    0.0237 11 43 33.00    60.00 
  2025 11 25.489398 23 46 19.9921 -04  3  9.301 356.5833005  -4.0525836 356.5832983  -4.0525810    0.0079   -0.0093    0.0411 11 44 44.00    60.00 
  2025 11 25.490208 23 46 19.9909 -04  3  9.285 356.5832954  -4.0525793 356.5832952  -4.0525791    0.0010   -0.0007    0.0324 11 45 54.00    60.00 
  2025 11 25.491019 23 46 19.9897 -04  3  9.282 356.5832906  -4.0525783 356.5832920  -4.0525772   -0.0050   -0.0040    0.0432 11 47  4.00    60.00 
  2025 11 25.492650 23 46 19.9875 -04  3  9.277 356.5832811  -4.0525769 356.5832855  -4.0525734   -0.0158   -0.0127    0.0337 11 49 25.00    60.00 
  2025 11 25.493472 23 46 19.9891 -04  3  9.250 356.5832880  -4.0525693 356.5832823  -4.0525714    0.0204    0.0076    0.0187 11 50 36.00    60.00 
  2025 11 25.494282 23 46 19.9863 -04  3  9.223 356.5832762  -4.0525619 356.5832791  -4.0525695   -0.0105    0.0275    0.0394 11 51 46.00    60.00 
  2025 11 25.495104 23 46 19.9852 -04  3  9.274 356.5832716  -4.0525762 356.5832759  -4.0525676   -0.0153   -0.0308    0.0132 11 52 57.00    60.00 
  2025 11 25.495914 23 46 19.9854 -04  3  9.208 356.5832725  -4.0525579 356.5832727  -4.0525657   -0.0007    0.0283    0.0183 11 54  7.00    60.00 
  2025 11 25.496736 23 46 19.9839 -04  3  9.164 356.5832665  -4.0525454 356.5832695  -4.0525638   -0.0108    0.0661    0.0197 11 55 18.00    60.00 
  2025 11 25.497546 23 46 19.9828 -04  3  9.195 356.5832615  -4.0525541 356.5832663  -4.0525619   -0.0171    0.0279    0.0194 11 56 28.00    60.00 
  2025 11 25.498368 23 46 19.9812 -04  3  9.269 356.5832551  -4.0525747 356.5832630  -4.0525599   -0.0284   -0.0530    0.0301 11 57 39.00    60.00 
  2025 11 25.499178 23 46 19.9824 -04  3  9.255 356.5832601  -4.0525707 356.5832598  -4.0525580    0.0011   -0.0458    0.0229 11 58 49.00    60.00 
  2025 11 25.500000 23 46 19.9812 -04  3  9.219 356.5832548  -4.0525609 356.5832566  -4.0525561   -0.0064   -0.0174    0.0481 12  0  0.00    60.00 
  2025 11 25.500822 23 46 19.9801 -04  3  9.141 356.5832504  -4.0525392 356.5832534  -4.0525542   -0.0107    0.0538    0.0204 12  1 11.00    60.00 
  2025 11 25.501632 23 46 19.9843 -04  3  9.222 356.5832679  -4.0525617 356.5832502  -4.0525523    0.0638   -0.0340    0.0201 12  2 21.00    60.00 
  2025 11 25.502454 23 46 19.9789 -04  3  9.170 356.5832453  -4.0525471 356.5832469  -4.0525503   -0.0059    0.0115    0.0205 12  3 32.00    60.00 
  2025 11 25.503264 23 46 19.9734 -04  3  9.176 356.5832224  -4.0525489 356.5832437  -4.0525484   -0.0767   -0.0018    0.0238 12  4 42.00    60.00 
  2025 11 25.504086 23 46 19.9753 -04  3  9.127 356.5832305  -4.0525352 356.5832405  -4.0525465   -0.0360    0.0405    0.0276 12  5 53.00    60.00 
  2025 11 25.504896 23 46 19.9735 -04  3  9.216 356.5832231  -4.0525600 356.5832373  -4.0525446   -0.0511   -0.0556    0.0388 12  7  3.00    60.00 
  2025 11 25.505718 23 46 19.9744 -04  3  9.163 356.5832268  -4.0525452 356.5832341  -4.0525426   -0.0262   -0.0094    0.0248 12  8 14.00    60.00 
  2025 11 25.506528 23 46 19.9759 -04  3  9.204 356.5832330  -4.0525568 356.5832309  -4.0525407    0.0076   -0.0580    0.0254 12  9 24.00    60.00 
  2025 11 25.507350 23 46 19.9717 -04  3  9.195 356.5832153  -4.0525541 356.5832277  -4.0525388   -0.0444   -0.0554    0.0328 12 10 35.00    60.00 
  2025 11 25.508160 23 46 19.9719 -04  3  9.160 356.5832164  -4.0525445 356.5832245  -4.0525368   -0.0290   -0.0275    0.0386 12 11 45.00    60.00 
  2025 11 25.508981 23 46 19.9756 -04  3  9.126 356.5832316  -4.0525350 356.5832212  -4.0525349    0.0372   -0.0005    0.0397 12 12 56.00    60.00 
  2025 11 25.509792 23 46 19.9703 -04  3  9.195 356.5832096  -4.0525543 356.5832180  -4.0525330   -0.0305   -0.0767    0.0418 12 14  6.00    60.00 
  2025 11 25.510613 23 46 19.9720 -04  3  9.103 356.5832168  -4.0525287 356.5832148  -4.0525310    0.0071    0.0083    0.0369 12 15 17.00    60.00 
  2025 11 25.511424 23 46 19.9702 -04  3  9.163 356.5832093  -4.0525454 356.5832116  -4.0525291   -0.0082   -0.0586    0.0283 12 16 27.00    60.00 
  2025 11 25.512245 23 46 19.9746 -04  3  9.122 356.5832277  -4.0525339 356.5832084  -4.0525272    0.0693   -0.0244    0.0344 12 17 38.00    60.00 
  2025 11 25.513877 23 46 19.9724 -04  3  9.099 356.5832185  -4.0525276 356.5832020  -4.0525233    0.0595   -0.0157    0.0407 12 19 59.00    60.00 
  2025 11 25.514688 23 46 19.9654 -04  3  9.063 356.5831890  -4.0525176 356.5831988  -4.0525214   -0.0351    0.0137    0.0435 12 21  9.00    60.00 
  2025 11 25.520405 23 46 19.9644 -04  3  9.013 356.5831851  -4.0525037 356.5831763  -4.0525078    0.0313    0.0145    0.0419 12 29 23.00    60.00 
  2025 11 25.521215 23 46 19.9588 -04  3  9.026 356.5831618  -4.0525071 356.5831731  -4.0525058   -0.0407   -0.0047    0.0358 12 30 33.00    60.00 
  2025 11 25.522037 23 46 19.9633 -04  3  8.950 356.5831804  -4.0524862 356.5831699  -4.0525039    0.0375    0.0637    0.0258 12 31 44.00    60.00 
  2025 11 25.522859 23 46 19.9623 -04  3  8.966 356.5831764  -4.0524906 356.5831667  -4.0525019    0.0349    0.0407    0.0320 12 32 55.00    60.00 
  2025 11 25.523669 23 46 19.9614 -04  3  8.942 356.5831723  -4.0524838 356.5831635  -4.0525000    0.0317    0.0581    0.0462 12 34  5.00    60.00 
  2025 11 25.524479 23 46 19.9552 -04  3  8.963 356.5831466  -4.0524896 356.5831603  -4.0524980   -0.0494    0.0303    0.0281 12 35 15.00    60.00 
  2025 11 25.525301 23 46 19.9587 -04  3  8.938 356.5831610  -4.0524829 356.5831571  -4.0524961    0.0141    0.0475    0.0451 12 36 26.00    60.00 
  2025 11 25.526111 23 46 19.9556 -04  3  8.942 356.5831483  -4.0524838 356.5831539  -4.0524941   -0.0201    0.0371    0.0352 12 37 36.00    60.00 
  2025 11 25.526933 23 46 19.9559 -04  3  8.906 356.5831497  -4.0524738 356.5831507  -4.0524922   -0.0036    0.0662    0.0436 12 38 47.00    60.00 
  2025 11 25.528565 23 46 19.9546 -04  3  8.952 356.5831443  -4.0524867 356.5831443  -4.0524883   -0.0001    0.0055    0.0340 12 41  8.00    60.00 
  2025 11 25.529375 23 46 19.9527 -04  3  8.914 356.5831364  -4.0524760 356.5831412  -4.0524863   -0.0171    0.0370    0.0319 12 42 18.00    60.00 
  2025 11 25.530197 23 46 19.9559 -04  3  8.898 356.5831496  -4.0524717 356.5831380  -4.0524844    0.0418    0.0457    0.0419 12 43 29.00    60.00 
  2025 11 25.531007 23 46 19.9537 -04  3  8.926 356.5831402  -4.0524795 356.5831348  -4.0524824    0.0196    0.0106    0.0209 12 44 39.00    60.00 
  2025 11 25.531817 23 46 19.9508 -04  3  8.910 356.5831285  -4.0524751 356.5831316  -4.0524805   -0.0113    0.0195    0.0309 12 45 49.00    60.00 
