v5.22.02i     Planet: Saturn  (DE441)
        Satellite: S9 Phoebe  ( Desmars et al.(2013) ver.2020)
                               - ephemerides on 1874/07/01.0-2050/02/08.0
    Observatory N: 286 - Yunnan Observatory
        Timescale: UTC
Mean equator and equinox of J2000.  ICRF. 
Coordinates astrometric 
Year  M  D   H  M  S       alpha (h)          delta (º)  Precision,"
2024 11  3  10 24  0.00    23.0135168811      -8.675259658  
2024 11  3  10 25  0.00    23.0135157196      -8.675264905  
2024 11  3  10 26  0.00    23.0135145579      -8.675270151  
2024 11  3  10 27  0.00    23.0135133960      -8.675275397  
2024 11  3  10 28  0.00    23.0135122340      -8.675280641  
2024 11  3  10 29  0.00    23.0135110718      -8.675285885  
2024 11  3  10 30  0.00    23.0135099094      -8.675291128  
2024 11  3  10 31  0.00    23.0135087469      -8.675296370  
2024 11  3  10 32  0.00    23.0135075843      -8.675301612  
2024 11  3  10 33  0.00    23.0135064214      -8.675306852  
2024 11  3  10 34  0.00    23.0135052585      -8.675312092  
2024 11  3  10 35  0.00    23.0135040953      -8.675317330  
2024 11  3  10 36  0.00    23.0135029320      -8.675322568  
2024 11  3  10 37  0.00    23.0135017686      -8.675327805  
2024 11  3  10 38  0.00    23.0135006050      -8.675333042  
2024 11  3  10 39  0.00    23.0134994412      -8.675338277  
2024 11  3  10 40  0.00    23.0134982773      -8.675343511  
2024 11  3  10 41  0.00    23.0134971132      -8.675348745  
2024 11  3  10 42  0.00    23.0134959490      -8.675353978  
2024 11  3  10 43  0.00    23.0134947847      -8.675359210  
2024 11  3  10 44  0.00    23.0134936202      -8.675364441  
2024 11  3  10 45  0.00    23.0134924555      -8.675369671  
2024 11  3  10 46  0.00    23.0134912907      -8.675374901  
2024 11  3  10 47  0.00    23.0134901258      -8.675380129  
2024 11  3  10 48  0.00    23.0134889607      -8.675385357  
2024 11  3  10 49  0.00    23.0134877955      -8.675390584  
2024 11  3  10 50  0.00    23.0134866301      -8.675395810  
2024 11  3  10 51  0.00    23.0134854646      -8.675401035  
2024 11  3  10 52  0.00    23.0134842990      -8.675406259  
2024 11  3  10 53  0.00    23.0134831332      -8.675411482  
2024 11  3  10 54  0.00    23.0134819673      -8.675416704  
2024 11  3  10 55  0.00    23.0134808012      -8.675421926  
2024 11  3  10 56  0.00    23.0134796350      -8.675427147  
2024 11  3  10 57  0.00    23.0134784687      -8.675432366  
2024 11  3  10 58  0.00    23.0134773023      -8.675437585  
2024 11  3  10 59  0.00    23.0134761357      -8.675442803  
2024 11  3  11  0  0.00    23.0134749690      -8.675448020  
2024 11  3  11  1  0.00    23.0134738021      -8.675453236  
2024 11  3  11  2  0.00    23.0134726352      -8.675458452  
2024 11  3  11  3  0.00    23.0134714681      -8.675463666  
2024 11  3  11  4  0.00    23.0134703008      -8.675468880  
2024 11  3  11  5  0.00    23.0134691335      -8.675474092  
2024 11  3  11  6  0.00    23.0134679660      -8.675479304  
2024 11  3  11  7  0.00    23.0134667985      -8.675484515  
2024 11  3  11  8  0.00    23.0134656307      -8.675489725  
2024 11  3  11  9  0.00    23.0134644629      -8.675494934  
2024 11  3  11 10  0.00    23.0134632950      -8.675500142  
2024 11  3  11 11  0.00    23.0134621269      -8.675505349  
2024 11  3  11 12  0.00    23.0134609587      -8.675510556  
2024 11  3  11 13  0.00    23.0134597904      -8.675515761  
2024 11  3  11 14  0.00    23.0134586220      -8.675520965  
2024 11  3  11 15  0.00    23.0134574535      -8.675526169  
2024 11  3  11 16  0.00    23.0134562849      -8.675531372  
2024 11  3  11 17  0.00    23.0134551161      -8.675536573  
2024 11  3  11 18  0.00    23.0134539473      -8.675541774  
2024 11  3  11 19  0.00    23.0134527783      -8.675546974  
2024 11  3  11 20  0.00    23.0134516093      -8.675552173  
2024 11  3  11 21  0.00    23.0134504401      -8.675557371  
2024 11  3  11 22  0.00    23.0134492708      -8.675562568  
2024 11  3  11 23  0.00    23.0134481014      -8.675567765  
2024 11  3  11 24  0.00    23.0134469320      -8.675572960  
2024 11  3  11 25  0.00    23.0134457624      -8.675578154  
2024 11  3  11 26  0.00    23.0134445927      -8.675583348  
2024 11  3  11 27  0.00    23.0134434229      -8.675588540  
2024 11  3  11 28  0.00    23.0134422531      -8.675593732  
2024 11  3  11 29  0.00    23.0134410831      -8.675598922  
2024 11  3  11 30  0.00    23.0134399130      -8.675604112  
2024 11  3  11 31  0.00    23.0134387429      -8.675609301  
2024 11  3  11 32  0.00    23.0134375726      -8.675614489  
2024 11  3  11 33  0.00    23.0134364023      -8.675619675  
2024 11  3  11 34  0.00    23.0134352319      -8.675624861  
2024 11  3  11 35  0.00    23.0134340613      -8.675630046  
2024 11  3  11 36  0.00    23.0134328907      -8.675635230  
2024 11  3  11 37  0.00    23.0134317201      -8.675640414  
2024 11  3  11 38  0.00    23.0134305493      -8.675645596  
2024 11  3  11 39  0.00    23.0134293784      -8.675650777  
2024 11  3  11 40  0.00    23.0134282075      -8.675655957  
2024 11  3  11 41  0.00    23.0134270365      -8.675661137  
2024 11  3  11 42  0.00    23.0134258654      -8.675666315  
2024 11  3  11 43  0.00    23.0134246942      -8.675671492  
2024 11  3  11 44  0.00    23.0134235229      -8.675676669  
2024 11  3  11 45  0.00    23.0134223516      -8.675681844  
2024 11  3  11 46  0.00    23.0134211802      -8.675687019  
2024 11  3  11 47  0.00    23.0134200087      -8.675692193  
2024 11  3  11 48  0.00    23.0134188372      -8.675697365  
2024 11  3  11 49  0.00    23.0134176655      -8.675702537  
2024 11  3  11 50  0.00    23.0134164938      -8.675707708  
2024 11  3  11 51  0.00    23.0134153221      -8.675712877  
2024 11  3  11 52  0.00    23.0134141503      -8.675718046  
2024 11  3  11 53  0.00    23.0134129784      -8.675723214  
2024 11  3  11 54  0.00    23.0134118064      -8.675728381  
2024 11  3  11 55  0.00    23.0134106344      -8.675733547  
2024 11  3  11 56  0.00    23.0134094623      -8.675738712  
2024 11  3  11 57  0.00    23.0134082902      -8.675743876  
2024 11  3  11 58  0.00    23.0134071180      -8.675749039  
2024 11  3  11 59  0.00    23.0134059457      -8.675754201  
2024 11  3  12  0  0.00    23.0134047734      -8.675759362  
2024 11  3  12  1  0.00    23.0134036010      -8.675764522  
2024 11  3  12  2  0.00    23.0134024286      -8.675769681  
2024 11  3  12  3  0.00    23.0134012561      -8.675774839  
2024 11  3  12  4  0.00    23.0134000836      -8.675779996  
2024 11  3  12  5  0.00    23.0133989110      -8.675785153  
2024 11  3  12  6  0.00    23.0133977383      -8.675790308  
2024 11  3  12  7  0.00    23.0133965657      -8.675795462  
2024 11  3  12  8  0.00    23.0133953929      -8.675800615  
2024 11  3  12  9  0.00    23.0133942202      -8.675805768  
2024 11  3  12 10  0.00    23.0133930474      -8.675810919  
2024 11  3  12 11  0.00    23.0133918745      -8.675816069  
2024 11  3  12 12  0.00    23.0133907016      -8.675821219  
2024 11  3  12 13  0.00    23.0133895287      -8.675826367  
2024 11  3  12 14  0.00    23.0133883557      -8.675831515  
2024 11  3  12 15  0.00    23.0133871827      -8.675836661  
2024 11  3  12 16  0.00    23.0133860096      -8.675841806  
2024 11  3  12 17  0.00    23.0133848365      -8.675846951  
2024 11  3  12 18  0.00    23.0133836634      -8.675852094  
2024 11  3  12 19  0.00    23.0133824903      -8.675857237  
2024 11  3  12 20  0.00    23.0133813171      -8.675862378  
2024 11  3  12 21  0.00    23.0133801439      -8.675867519  
2024 11  3  12 22  0.00    23.0133789707      -8.675872658  
2024 11  3  12 23  0.00    23.0133777974      -8.675877797  
2024 11  3  12 24  0.00    23.0133766241      -8.675882934  
2024 11  3  12 25  0.00    23.0133754508      -8.675888071  
2024 11  3  12 26  0.00    23.0133742775      -8.675893206  
2024 11  3  12 27  0.00    23.0133731041      -8.675898341  
2024 11  3  12 28  0.00    23.0133719307      -8.675903474  
2024 11  3  12 29  0.00    23.0133707573      -8.675908607  
2024 11  3  12 30  0.00    23.0133695839      -8.675913738  
2024 11  3  12 31  0.00    23.0133684105      -8.675918869  
2024 11  3  12 32  0.00    23.0133672370      -8.675923998  
2024 11  3  12 33  0.00    23.0133660636      -8.675929127  
2024 11  3  12 34  0.00    23.0133648901      -8.675934255  
2024 11  3  12 35  0.00    23.0133637166      -8.675939381  
2024 11  3  12 36  0.00    23.0133625431      -8.675944507  
2024 11  3  12 37  0.00    23.0133613696      -8.675949631  
2024 11  3  12 38  0.00    23.0133601961      -8.675954755  
2024 11  3  12 39  0.00    23.0133590226      -8.675959877  
2024 11  3  12 40  0.00    23.0133578491      -8.675964999  
2024 11  3  12 41  0.00    23.0133566756      -8.675970119  
2024 11  3  12 42  0.00    23.0133555021      -8.675975239  
2024 11  3  12 43  0.00    23.0133543286      -8.675980358  
2024 11  3  12 44  0.00    23.0133531551      -8.675985475  
2024 11  3  12 45  0.00    23.0133519816      -8.675990592  
2024 11  3  12 46  0.00    23.0133508080      -8.675995707  
2024 11  3  12 47  0.00    23.0133496345      -8.676000822  
2024 11  3  12 48  0.00    23.0133484611      -8.676005935  
2024 11  3  12 49  0.00    23.0133472876      -8.676011048  
2024 11  3  12 50  0.00    23.0133461141      -8.676016159  
2024 11  3  12 51  0.00    23.0133449406      -8.676021270  
2024 11  3  12 52  0.00    23.0133437672      -8.676026379  
2024 11  3  12 53  0.00    23.0133425937      -8.676031488  
2024 11  3  12 54  0.00    23.0133414203      -8.676036595  
2024 11  3  12 55  0.00    23.0133402469      -8.676041702  
2024 11  3  12 56  0.00    23.0133390735      -8.676046807  
2024 11  3  12 57  0.00    23.0133379001      -8.676051912  
2024 11  3  12 58  0.00    23.0133367268      -8.676057015  
2024 11  3  12 59  0.00    23.0133355535      -8.676062118  
2024 11  3  13  0  0.00    23.0133343802      -8.676067219  
2024 11  3  13  1  0.00    23.0133332069      -8.676072320  
2024 11  3  13  2  0.00    23.0133320336      -8.676077419  
2024 11  3  13  3  0.00    23.0133308604      -8.676082518  
2024 11  3  13  4  0.00    23.0133296872      -8.676087615  
2024 11  3  13  5  0.00    23.0133285140      -8.676092712  
2024 11  3  13  6  0.00    23.0133273409      -8.676097807  
2024 11  3  13  7  0.00    23.0133261678      -8.676102901  
2024 11  3  13  8  0.00    23.0133249947      -8.676107995  
2024 11  3  13  9  0.00    23.0133238217      -8.676113087  
2024 11  3  13 10  0.00    23.0133226487      -8.676118179  
2024 11  3  13 11  0.00    23.0133214757      -8.676123269  
2024 11  3  13 12  0.00    23.0133203028      -8.676128358  
2024 11  3  13 13  0.00    23.0133191300      -8.676133447  
2024 11  3  13 14  0.00    23.0133179571      -8.676138534  
2024 11  3  13 15  0.00    23.0133167843      -8.676143620  
2024 11  3  13 16  0.00    23.0133156116      -8.676148706  
2024 11  3  13 17  0.00    23.0133144389      -8.676153790  
2024 11  3  13 18  0.00    23.0133132662      -8.676158873  
2024 11  3  13 19  0.00    23.0133120936      -8.676163955  
2024 11  3  13 20  0.00    23.0133109211      -8.676169037  
2024 11  3  13 21  0.00    23.0133097486      -8.676174117  
2024 11  3  13 22  0.00    23.0133085761      -8.676179196  
2024 11  3  13 23  0.00    23.0133074037      -8.676184274  
2024 11  3  13 24  0.00    23.0133062314      -8.676189352  
2024 11  3  13 25  0.00    23.0133050591      -8.676194428  
2024 11  3  13 26  0.00    23.0133038869      -8.676199503  
2024 11  3  13 27  0.00    23.0133027148      -8.676204577  
2024 11  3  13 28  0.00    23.0133015427      -8.676209651  
2024 11  3  13 29  0.00    23.0133003706      -8.676214723  
2024 11  3  13 30  0.00    23.0132991987      -8.676219794  
2024 11  3  13 31  0.00    23.0132980268      -8.676224864  
2024 11  3  13 32  0.00    23.0132968549      -8.676229933  
2024 11  3  13 33  0.00    23.0132956832      -8.676235001  
2024 11  3  13 34  0.00    23.0132945115      -8.676240068  
2024 11  3  13 35  0.00    23.0132933398      -8.676245135  
2024 11  3  13 36  0.00    23.0132921683      -8.676250200  
2024 11  3  13 37  0.00    23.0132909968      -8.676255264  
2024 11  3  13 38  0.00    23.0132898254      -8.676260327  
2024 11  3  13 39  0.00    23.0132886541      -8.676265389  
2024 11  3  13 40  0.00    23.0132874828      -8.676270450  
2024 11  3  13 41  0.00    23.0132863117      -8.676275510  
2024 11  3  13 42  0.00    23.0132851406      -8.676280569  
2024 11  3  13 43  0.00    23.0132839696      -8.676285627  
2024 11  3  13 44  0.00    23.0132827986      -8.676290684  
2024 11  3  13 45  0.00    23.0132816278      -8.676295741  
2024 11  3  13 46  0.00    23.0132804570      -8.676300796  
2024 11  3  13 47  0.00    23.0132792864      -8.676305850  
2024 11  3  13 48  0.00    23.0132781158      -8.676310903  
2024 11  3  13 49  0.00    23.0132769453      -8.676315955  
2024 11  3  13 50  0.00    23.0132757749      -8.676321006  
2024 11  3  13 51  0.00    23.0132746046      -8.676326056  
2024 11  3  13 52  0.00    23.0132734344      -8.676331105  
2024 11  3  13 53  0.00    23.0132722643      -8.676336153  
2024 11  3  13 54  0.00    23.0132710943      -8.676341200  
2024 11  3  13 55  0.00    23.0132699244      -8.676346246  
2024 11  3  13 56  0.00    23.0132687546      -8.676351291  
2024 11  3  13 57  0.00    23.0132675848      -8.676356335  
2024 11  3  13 58  0.00    23.0132664152      -8.676361378  
2024 11  3  13 59  0.00    23.0132652457      -8.676366420  
2024 11  3  14  0  0.00    23.0132640763      -8.676371461  
2024 11  3  14  1  0.00    23.0132629070      -8.676376501  
2024 11  3  14  2  0.00    23.0132617378      -8.676381540  
2024 11  3  14  3  0.00    23.0132605687      -8.676386578  
2024 11  3  14  4  0.00    23.0132593998      -8.676391615  
2024 11  3  14  5  0.00    23.0132582309      -8.676396651  
2024 11  3  14  6  0.00    23.0132570622      -8.676401686  
2024 11  3  14  7  0.00    23.0132558935      -8.676406721  
2024 11  3  14  8  0.00    23.0132547250      -8.676411754  
2024 11  3  14  9  0.00    23.0132535566      -8.676416786  
2024 11  3  14 10  0.00    23.0132523884      -8.676421817  
2024 11  3  14 11  0.00    23.0132512202      -8.676426847  
2024 11  3  14 12  0.00    23.0132500522      -8.676431876  
2024 11  3  14 13  0.00    23.0132488842      -8.676436904  
2024 11  3  14 14  0.00    23.0132477165      -8.676441931  
2024 11  3  14 15  0.00    23.0132465488      -8.676446957  
2024 11  3  14 16  0.00    23.0132453813      -8.676451982  
2024 11  3  14 17  0.00    23.0132442138      -8.676457007  
2024 11  3  14 18  0.00    23.0132430466      -8.676462030  
2024 11  3  14 19  0.00    23.0132418794      -8.676467052  
2024 11  3  14 20  0.00    23.0132407124      -8.676472073  
2024 11  3  14 21  0.00    23.0132395455      -8.676477093  
2024 11  3  14 22  0.00    23.0132383788      -8.676482113  
2024 11  3  14 23  0.00    23.0132372121      -8.676487131  
2024 11  3  14 24  0.00    23.0132360457      -8.676492148  
2024 11  3  14 25  0.00    23.0132348793      -8.676497164  
2024 11  3  14 26  0.00    23.0132337131      -8.676502180  
2024 11  3  14 27  0.00    23.0132325471      -8.676507194  
2024 11  3  14 28  0.00    23.0132313811      -8.676512207  
2024 11  3  14 29  0.00    23.0132302154      -8.676517220  
2024 11  3  14 30  0.00    23.0132290497      -8.676522231  
2024 11  3  14 31  0.00    23.0132278843      -8.676527242  
2024 11  3  14 32  0.00    23.0132267189      -8.676532251  
2024 11  3  14 33  0.00    23.0132255537      -8.676537260  
2024 11  3  14 34  0.00    23.0132243887      -8.676542267  
2024 11  3  14 35  0.00    23.0132232238      -8.676547274  
2024 11  3  14 36  0.00    23.0132220591      -8.676552279  
2024 11  3  14 37  0.00    23.0132208945      -8.676557284  
2024 11  3  14 38  0.00    23.0132197301      -8.676562287  
2024 11  3  14 39  0.00    23.0132185658      -8.676567290  
2024 11  3  14 40  0.00    23.0132174017      -8.676572292  
2024 11  3  14 41  0.00    23.0132162378      -8.676577293  
2024 11  3  14 42  0.00    23.0132150740      -8.676582292  
2024 11  3  14 43  0.00    23.0132139104      -8.676587291  
2024 11  3  14 44  0.00    23.0132127469      -8.676592289  
2024 11  3  14 45  0.00    23.0132115836      -8.676597286  
2024 11  3  14 46  0.00    23.0132104205      -8.676602282  
2024 11  3  14 47  0.00    23.0132092575      -8.676607277  
2024 11  3  14 48  0.00    23.0132080947      -8.676612271  
2024 11  3  14 49  0.00    23.0132069321      -8.676617264  
2024 11  3  14 50  0.00    23.0132057696      -8.676622256  
2024 11  3  14 51  0.00    23.0132046073      -8.676627247  
2024 11  3  14 52  0.00    23.0132034452      -8.676632237  
2024 11  3  14 53  0.00    23.0132022833      -8.676637226  
2024 11  3  14 54  0.00    23.0132011215      -8.676642215  
2024 11  3  14 55  0.00    23.0131999599      -8.676647202  
2024 11  3  14 56  0.00    23.0131987985      -8.676652188  
2024 11  3  14 57  0.00    23.0131976373      -8.676657174  
2024 11  3  14 58  0.00    23.0131964762      -8.676662158  
2024 11  3  14 59  0.00    23.0131953154      -8.676667142  
2024 11  3  15  0  0.00    23.0131941547      -8.676672125  
2024 11  3  15  1  0.00    23.0131929942      -8.676677106  
2024 11  3  15  2  0.00    23.0131918339      -8.676682087  
2024 11  3  15  3  0.00    23.0131906738      -8.676687067  
2024 11  3  15  4  0.00    23.0131895138      -8.676692046  
2024 11  3  15  5  0.00    23.0131883541      -8.676697024  
2024 11  3  15  6  0.00    23.0131871945      -8.676702001  
2024 11  3  15  7  0.00    23.0131860352      -8.676706977  
2024 11  3  15  8  0.00    23.0131848760      -8.676711952  
2024 11  3  15  9  0.00    23.0131837170      -8.676716926  
2024 11  3  15 10  0.00    23.0131825582      -8.676721899  
2024 11  3  15 11  0.00    23.0131813996      -8.676726872  
2024 11  3  15 12  0.00    23.0131802412      -8.676731843  
2024 11  3  15 13  0.00    23.0131790830      -8.676736813  
2024 11  3  15 14  0.00    23.0131779251      -8.676741783  
2024 11  3  15 15  0.00    23.0131767673      -8.676746752  
2024 11  3  15 16  0.00    23.0131756097      -8.676751719  
2024 11  3  15 17  0.00    23.0131744523      -8.676756686  
2024 11  3  15 18  0.00    23.0131732951      -8.676761652  
2024 11  3  15 19  0.00    23.0131721382      -8.676766617  
2024 11  3  15 20  0.00    23.0131709814      -8.676771581  
2024 11  3  15 21  0.00    23.0131698248      -8.676776544  
2024 11  3  15 22  0.00    23.0131686685      -8.676781507  
2024 11  3  15 23  0.00    23.0131675124      -8.676786468  
2024 11  3  15 24  0.00    23.0131663564      -8.676791428  
2024 11  3  15 25  0.00    23.0131652007      -8.676796388  
2024 11  3  15 26  0.00    23.0131640452      -8.676801346  
2024 11  3  15 27  0.00    23.0131628899      -8.676806304  
2024 11  3  15 28  0.00    23.0131617349      -8.676811261  
2024 11  3  15 29  0.00    23.0131605800      -8.676816217  
2024 11  3  15 30  0.00    23.0131594254      -8.676821172  
2024 11  3  15 31  0.00    23.0131582710      -8.676826126  
2024 11  3  15 32  0.00    23.0131571168      -8.676831079  
2024 11  3  15 33  0.00    23.0131559629      -8.676836031  
2024 11  3  15 34  0.00    23.0131548091      -8.676840983  
2024 11  3  15 35  0.00    23.0131536556      -8.676845933  
2024 11  3  15 36  0.00    23.0131525023      -8.676850883  
2024 11  3  15 37  0.00    23.0131513492      -8.676855832  
2024 11  3  15 38  0.00    23.0131501964      -8.676860780  
2024 11  3  15 39  0.00    23.0131490438      -8.676865727  
2024 11  3  15 40  0.00    23.0131478914      -8.676870673  
2024 11  3  15 41  0.00    23.0131467393      -8.676875618  
2024 11  3  15 42  0.00    23.0131455874      -8.676880562  
2024 11  3  15 43  0.00    23.0131444357      -8.676885506  
2024 11  3  15 44  0.00    23.0131432843      -8.676890449  
2024 11  3  15 45  0.00    23.0131421331      -8.676895390  
2024 11  3  15 46  0.00    23.0131409821      -8.676900331  
2024 11  3  15 47  0.00    23.0131398314      -8.676905271  
2024 11  3  15 48  0.00    23.0131386809      -8.676910210  
2024 11  3  15 49  0.00    23.0131375306      -8.676915149  
2024 11  3  15 50  0.00    23.0131363806      -8.676920086  
2024 11  3  15 51  0.00    23.0131352308      -8.676925022  
2024 11  3  15 52  0.00    23.0131340813      -8.676929958  
2024 11  3  15 53  0.00    23.0131329320      -8.676934893  
2024 11  3  15 54  0.00    23.0131317830      -8.676939827  
2024 11  3  15 55  0.00    23.0131306342      -8.676944760  
2024 11  3  15 56  0.00    23.0131294857      -8.676949692  
2024 11  3  15 57  0.00    23.0131283374      -8.676954624  
2024 11  3  15 58  0.00    23.0131271893      -8.676959554  
2024 11  3  15 59  0.00    23.0131260415      -8.676964484  
2024 11  3  16  0  0.00    23.0131248940      -8.676969413  
2024 11  3  16  1  0.00    23.0131237467      -8.676974341  
2024 11  3  16  2  0.00    23.0131225997      -8.676979268  
2024 11  3  16  3  0.00    23.0131214529      -8.676984195  
2024 11  3  16  4  0.00    23.0131203064      -8.676989120  
2024 11  3  16  5  0.00    23.0131191601      -8.676994045  
2024 11  3  16  6  0.00    23.0131180141      -8.676998969  
2024 11  3  16  7  0.00    23.0131168684      -8.677003892  
2024 11  3  16  8  0.00    23.0131157229      -8.677008814  
2024 11  3  16  9  0.00    23.0131145777      -8.677013735  
2024 11  3  16 10  0.00    23.0131134327      -8.677018656  
2024 11  3  16 11  0.00    23.0131122880      -8.677023576  
2024 11  3  16 12  0.00    23.0131111436      -8.677028494  
2024 11  3  16 13  0.00    23.0131099994      -8.677033413  
2024 11  3  16 14  0.00    23.0131088555      -8.677038330  
2024 11  3  16 15  0.00    23.0131077118      -8.677043246  
2024 11  3  16 16  0.00    23.0131065685      -8.677048162  
2024 11  3  16 17  0.00    23.0131054254      -8.677053077  
2024 11  3  16 18  0.00    23.0131042825      -8.677057991  
2024 11  3  16 19  0.00    23.0131031400      -8.677062904  
2024 11  3  16 20  0.00    23.0131019977      -8.677067817  
2024 11  3  16 21  0.00    23.0131008557      -8.677072728  
2024 11  3  16 22  0.00    23.0130997139      -8.677077639  
2024 11  3  16 23  0.00    23.0130985725      -8.677082549  
2024 11  3  16 24  0.00    23.0130974313      -8.677087458  
2024 11  3  16 25  0.00    23.0130962904      -8.677092367  
2024 11  3  16 26  0.00    23.0130951497      -8.677097274  
2024 11  3  16 27  0.00    23.0130940094      -8.677102181  
2024 11  3  16 28  0.00    23.0130928693      -8.677107087  
2024 11  3  16 29  0.00    23.0130917295      -8.677111993  
2024 11  3  16 30  0.00    23.0130905900      -8.677116897  
2024 11  3  16 31  0.00    23.0130894507      -8.677121801  
2024 11  3  16 32  0.00    23.0130883118      -8.677126704  
2024 11  3  16 33  0.00    23.0130871731      -8.677131606  
2024 11  3  16 34  0.00    23.0130860347      -8.677136508  
2024 11  3  16 35  0.00    23.0130848966      -8.677141408  
2024 11  3  16 36  0.00    23.0130837588      -8.677146308  
2024 11  3  16 37  0.00    23.0130826213      -8.677151207  
2024 11  3  16 38  0.00    23.0130814841      -8.677156106  
2024 11  3  16 39  0.00    23.0130803471      -8.677161003  
2024 11  3  16 40  0.00    23.0130792105      -8.677165900  
2024 11  3  16 41  0.00    23.0130780741      -8.677170796  
2024 11  3  16 42  0.00    23.0130769380      -8.677175692  
2024 11  3  16 43  0.00    23.0130758022      -8.677180586  
2024 11  3  16 44  0.00    23.0130746668      -8.677185480  
2024 11  3  16 45  0.00    23.0130735316      -8.677190373  
2024 11  3  16 46  0.00    23.0130723967      -8.677195265  
2024 11  3  16 47  0.00    23.0130712621      -8.677200157  
2024 11  3  16 48  0.00    23.0130701278      -8.677205048  
2024 11  3  16 49  0.00    23.0130689938      -8.677209938  
2024 11  3  16 50  0.00    23.0130678601      -8.677214827  
2024 11  3  16 51  0.00    23.0130667267      -8.677219716  
2024 11  3  16 52  0.00    23.0130655936      -8.677224604  
2024 11  3  16 53  0.00    23.0130644608      -8.677229491  
2024 11  3  16 54  0.00    23.0130633283      -8.677234378  
2024 11  3  16 55  0.00    23.0130621961      -8.677239264  
2024 11  3  16 56  0.00    23.0130610642      -8.677244149  
2024 11  3  16 57  0.00    23.0130599326      -8.677249033  
2024 11  3  16 58  0.00    23.0130588013      -8.677253917  
2024 11  3  16 59  0.00    23.0130576703      -8.677258799  
2024 11  3  17  0  0.00    23.0130565396      -8.677263682  
2024 11  3  17  1  0.00    23.0130554093      -8.677268563  
2024 11  3  17  2  0.00    23.0130542792      -8.677273444  
2024 11  3  17  3  0.00    23.0130531495      -8.677278324  
2024 11  3  17  4  0.00    23.0130520200      -8.677283203  
2024 11  3  17  5  0.00    23.0130508909      -8.677288082  
2024 11  3  17  6  0.00    23.0130497621      -8.677292960  
2024 11  3  17  7  0.00    23.0130486336      -8.677297837  
2024 11  3  17  8  0.00    23.0130475054      -8.677302714  
2024 11  3  17  9  0.00    23.0130463775      -8.677307590  
2024 11  3  17 10  0.00    23.0130452499      -8.677312465  
2024 11  3  17 11  0.00    23.0130441227      -8.677317340  
2024 11  3  17 12  0.00    23.0130429957      -8.677322214  
2024 11  3  17 13  0.00    23.0130418691      -8.677327087  
2024 11  3  17 14  0.00    23.0130407428      -8.677331959  
2024 11  3  17 15  0.00    23.0130396168      -8.677336831  
2024 11  3  17 16  0.00    23.0130384912      -8.677341702  
2024 11  3  17 17  0.00    23.0130373658      -8.677346573  
2024 11  3  17 18  0.00    23.0130362408      -8.677351443  
2024 11  3  17 19  0.00    23.0130351161      -8.677356312  
2024 11  3  17 20  0.00    23.0130339917      -8.677361181  
2024 11  3  17 21  0.00    23.0130328677      -8.677366048  
2024 11  3  17 22  0.00    23.0130317439      -8.677370916  
2024 11  3  17 23  0.00    23.0130306205      -8.677375782  
2024 11  3  17 24  0.00    23.0130294974      -8.677380648  
2024 11  3  17 25  0.00    23.0130283746      -8.677385514  
2024 11  3  17 26  0.00    23.0130272522      -8.677390378  
2024 11  3  17 27  0.00    23.0130261301      -8.677395242  
---
2024 11  4  10 23  0.00    23.0119706315      -8.682323084  
2024 11  4  10 24  0.00    23.0119695399      -8.682327867  
2024 11  4  10 25  0.00    23.0119684481      -8.682332649  
2024 11  4  10 26  0.00    23.0119673562      -8.682337430  
2024 11  4  10 27  0.00    23.0119662640      -8.682342211  
2024 11  4  10 28  0.00    23.0119651718      -8.682346990  
2024 11  4  10 29  0.00    23.0119640793      -8.682351769  
2024 11  4  10 30  0.00    23.0119629867      -8.682356547  
2024 11  4  10 31  0.00    23.0119618940      -8.682361324  
2024 11  4  10 32  0.00    23.0119608011      -8.682366100  
2024 11  4  10 33  0.00    23.0119597080      -8.682370876  
2024 11  4  10 34  0.00    23.0119586148      -8.682375650  
2024 11  4  10 35  0.00    23.0119575215      -8.682380424  
2024 11  4  10 36  0.00    23.0119564280      -8.682385197  
2024 11  4  10 37  0.00    23.0119553343      -8.682389969  
2024 11  4  10 38  0.00    23.0119542405      -8.682394740  
2024 11  4  10 39  0.00    23.0119531465      -8.682399511  
2024 11  4  10 40  0.00    23.0119520524      -8.682404280  
2024 11  4  10 41  0.00    23.0119509582      -8.682409049  
2024 11  4  10 42  0.00    23.0119498638      -8.682413816  
2024 11  4  10 43  0.00    23.0119487693      -8.682418583  
2024 11  4  10 44  0.00    23.0119476746      -8.682423349  
2024 11  4  10 45  0.00    23.0119465798      -8.682428114  
2024 11  4  10 46  0.00    23.0119454848      -8.682432878  
2024 11  4  10 47  0.00    23.0119443897      -8.682437642  
2024 11  4  10 48  0.00    23.0119432945      -8.682442404  
2024 11  4  10 49  0.00    23.0119421991      -8.682447166  
2024 11  4  10 50  0.00    23.0119411036      -8.682451927  
2024 11  4  10 51  0.00    23.0119400080      -8.682456687  
2024 11  4  10 52  0.00    23.0119389122      -8.682461446  
2024 11  4  10 53  0.00    23.0119378163      -8.682466204  
2024 11  4  10 54  0.00    23.0119367202      -8.682470961  
2024 11  4  10 55  0.00    23.0119356241      -8.682475717  
2024 11  4  10 56  0.00    23.0119345278      -8.682480473  
2024 11  4  10 57  0.00    23.0119334313      -8.682485227  
2024 11  4  10 58  0.00    23.0119323348      -8.682489981  
2024 11  4  10 59  0.00    23.0119312381      -8.682494733  
2024 11  4  11  0  0.00    23.0119301413      -8.682499485  
2024 11  4  11  1  0.00    23.0119290444      -8.682504236  
2024 11  4  11  2  0.00    23.0119279473      -8.682508986  
2024 11  4  11  3  0.00    23.0119268502      -8.682513736  
2024 11  4  11  4  0.00    23.0119257529      -8.682518484  
2024 11  4  11  5  0.00    23.0119246555      -8.682523231  
2024 11  4  11  6  0.00    23.0119235579      -8.682527978  
2024 11  4  11  7  0.00    23.0119224603      -8.682532723  
2024 11  4  11  8  0.00    23.0119213625      -8.682537468  
2024 11  4  11  9  0.00    23.0119202647      -8.682542211  
2024 11  4  11 10  0.00    23.0119191667      -8.682546954  
2024 11  4  11 11  0.00    23.0119180686      -8.682551696  
2024 11  4  11 12  0.00    23.0119169704      -8.682556437  
2024 11  4  11 13  0.00    23.0119158721      -8.682561177  
2024 11  4  11 14  0.00    23.0119147736      -8.682565916  
2024 11  4  11 15  0.00    23.0119136751      -8.682570654  
2024 11  4  11 16  0.00    23.0119125765      -8.682575392  
2024 11  4  11 17  0.00    23.0119114777      -8.682580128  
2024 11  4  11 18  0.00    23.0119103789      -8.682584864  
2024 11  4  11 19  0.00    23.0119092799      -8.682589598  
2024 11  4  11 20  0.00    23.0119081809      -8.682594332  
2024 11  4  11 21  0.00    23.0119070817      -8.682599064  
2024 11  4  11 22  0.00    23.0119059825      -8.682603796  
2024 11  4  11 23  0.00    23.0119048831      -8.682608527  
2024 11  4  11 24  0.00    23.0119037837      -8.682613257  
2024 11  4  11 25  0.00    23.0119026842      -8.682617986  
2024 11  4  11 26  0.00    23.0119015845      -8.682622714  
2024 11  4  11 27  0.00    23.0119004848      -8.682627441  
2024 11  4  11 28  0.00    23.0118993850      -8.682632167  
2024 11  4  11 29  0.00    23.0118982851      -8.682636892  
2024 11  4  11 30  0.00    23.0118971851      -8.682641616  
2024 11  4  11 31  0.00    23.0118960850      -8.682646340  
2024 11  4  11 32  0.00    23.0118949849      -8.682651062  
2024 11  4  11 33  0.00    23.0118938846      -8.682655783  
2024 11  4  11 34  0.00    23.0118927843      -8.682660504  
2024 11  4  11 35  0.00    23.0118916838      -8.682665223  
2024 11  4  11 36  0.00    23.0118905833      -8.682669942  
2024 11  4  11 37  0.00    23.0118894828      -8.682674660  
2024 11  4  11 38  0.00    23.0118883821      -8.682679376  
2024 11  4  11 39  0.00    23.0118872814      -8.682684092  
2024 11  4  11 40  0.00    23.0118861806      -8.682688807  
2024 11  4  11 41  0.00    23.0118850797      -8.682693520  
2024 11  4  11 42  0.00    23.0118839787      -8.682698233  
2024 11  4  11 43  0.00    23.0118828777      -8.682702945  
2024 11  4  11 44  0.00    23.0118817766      -8.682707656  
2024 11  4  11 45  0.00    23.0118806754      -8.682712366  
2024 11  4  11 46  0.00    23.0118795741      -8.682717075  
2024 11  4  11 47  0.00    23.0118784728      -8.682721783  
2024 11  4  11 48  0.00    23.0118773714      -8.682726490  
2024 11  4  11 49  0.00    23.0118762700      -8.682731196  
2024 11  4  11 50  0.00    23.0118751685      -8.682735902  
2024 11  4  11 51  0.00    23.0118740669      -8.682740606  
2024 11  4  11 52  0.00    23.0118729653      -8.682745309  
2024 11  4  11 53  0.00    23.0118718636      -8.682750011  
2024 11  4  11 54  0.00    23.0118707618      -8.682754713  
2024 11  4  11 55  0.00    23.0118696600      -8.682759413  
2024 11  4  11 56  0.00    23.0118685581      -8.682764112  
2024 11  4  11 57  0.00    23.0118674562      -8.682768811  
2024 11  4  11 58  0.00    23.0118663542      -8.682773508  
2024 11  4  11 59  0.00    23.0118652522      -8.682778204  
2024 11  4  12  0  0.00    23.0118641501      -8.682782900  
2024 11  4  12  1  0.00    23.0118630480      -8.682787594  
2024 11  4  12  2  0.00    23.0118619458      -8.682792288  
2024 11  4  12  3  0.00    23.0118608436      -8.682796980  
2024 11  4  12  4  0.00    23.0118597413      -8.682801672  
2024 11  4  12  5  0.00    23.0118586390      -8.682806362  
2024 11  4  12  6  0.00    23.0118575367      -8.682811052  
2024 11  4  12  7  0.00    23.0118564343      -8.682815741  
2024 11  4  12  8  0.00    23.0118553318      -8.682820428  
2024 11  4  12  9  0.00    23.0118542293      -8.682825115  
2024 11  4  12 10  0.00    23.0118531268      -8.682829800  
2024 11  4  12 11  0.00    23.0118520243      -8.682834485  
2024 11  4  12 12  0.00    23.0118509217      -8.682839169  
2024 11  4  12 13  0.00    23.0118498191      -8.682843851  
2024 11  4  12 14  0.00    23.0118487164      -8.682848533  
2024 11  4  12 15  0.00    23.0118476137      -8.682853214  
2024 11  4  12 16  0.00    23.0118465110      -8.682857894  
2024 11  4  12 17  0.00    23.0118454082      -8.682862572  
2024 11  4  12 18  0.00    23.0118443055      -8.682867250  
2024 11  4  12 19  0.00    23.0118432027      -8.682871927  
2024 11  4  12 20  0.00    23.0118420998      -8.682876603  
2024 11  4  12 21  0.00    23.0118409970      -8.682881277  
2024 11  4  12 22  0.00    23.0118398941      -8.682885951  
2024 11  4  12 23  0.00    23.0118387912      -8.682890624  
2024 11  4  12 24  0.00    23.0118376883      -8.682895296  
2024 11  4  12 25  0.00    23.0118365854      -8.682899966  
2024 11  4  12 26  0.00    23.0118354824      -8.682904636  
2024 11  4  12 27  0.00    23.0118343795      -8.682909305  
2024 11  4  12 28  0.00    23.0118332765      -8.682913973  
2024 11  4  12 29  0.00    23.0118321735      -8.682918640  
2024 11  4  12 30  0.00    23.0118310705      -8.682923305  
2024 11  4  12 31  0.00    23.0118299675      -8.682927970  
2024 11  4  12 32  0.00    23.0118288645      -8.682932634  
2024 11  4  12 33  0.00    23.0118277615      -8.682937297  
2024 11  4  12 34  0.00    23.0118266584      -8.682941959  
2024 11  4  12 35  0.00    23.0118255554      -8.682946619  
2024 11  4  12 36  0.00    23.0118244524      -8.682951279  
2024 11  4  12 37  0.00    23.0118233493      -8.682955938  
2024 11  4  12 38  0.00    23.0118222463      -8.682960596  
2024 11  4  12 39  0.00    23.0118211432      -8.682965253  
2024 11  4  12 40  0.00    23.0118200402      -8.682969908  
2024 11  4  12 41  0.00    23.0118189372      -8.682974563  
2024 11  4  12 42  0.00    23.0118178341      -8.682979217  
2024 11  4  12 43  0.00    23.0118167311      -8.682983870  
2024 11  4  12 44  0.00    23.0118156281      -8.682988522  
2024 11  4  12 45  0.00    23.0118145251      -8.682993172  
2024 11  4  12 46  0.00    23.0118134221      -8.682997822  
2024 11  4  12 47  0.00    23.0118123191      -8.683002471  
2024 11  4  12 48  0.00    23.0118112161      -8.683007119  
2024 11  4  12 49  0.00    23.0118101131      -8.683011765  
2024 11  4  12 50  0.00    23.0118090102      -8.683016411  
2024 11  4  12 51  0.00    23.0118079073      -8.683021056  
2024 11  4  12 52  0.00    23.0118068044      -8.683025699  
2024 11  4  12 53  0.00    23.0118057015      -8.683030342  
2024 11  4  12 54  0.00    23.0118045986      -8.683034984  
2024 11  4  12 55  0.00    23.0118034958      -8.683039625  
2024 11  4  12 56  0.00    23.0118023929      -8.683044264  
2024 11  4  12 57  0.00    23.0118012901      -8.683048903  
2024 11  4  12 58  0.00    23.0118001874      -8.683053541  
2024 11  4  12 59  0.00    23.0117990846      -8.683058177  
2024 11  4  13  0  0.00    23.0117979819      -8.683062813  
2024 11  4  13  1  0.00    23.0117968792      -8.683067448  
2024 11  4  13  2  0.00    23.0117957766      -8.683072081  
2024 11  4  13  3  0.00    23.0117946739      -8.683076714  
2024 11  4  13  4  0.00    23.0117935714      -8.683081345  
2024 11  4  13  5  0.00    23.0117924688      -8.683085976  
2024 11  4  13  6  0.00    23.0117913663      -8.683090606  
2024 11  4  13  7  0.00    23.0117902638      -8.683095234  
2024 11  4  13  8  0.00    23.0117891614      -8.683099862  
2024 11  4  13  9  0.00    23.0117880590      -8.683104488  
2024 11  4  13 10  0.00    23.0117869567      -8.683109114  
2024 11  4  13 11  0.00    23.0117858544      -8.683113738  
2024 11  4  13 12  0.00    23.0117847521      -8.683118362  
2024 11  4  13 13  0.00    23.0117836499      -8.683122984  
2024 11  4  13 14  0.00    23.0117825477      -8.683127606  
2024 11  4  13 15  0.00    23.0117814456      -8.683132226  
2024 11  4  13 16  0.00    23.0117803436      -8.683136846  
2024 11  4  13 17  0.00    23.0117792415      -8.683141464  
2024 11  4  13 18  0.00    23.0117781396      -8.683146082  
2024 11  4  13 19  0.00    23.0117770377      -8.683150698  
2024 11  4  13 20  0.00    23.0117759358      -8.683155314  
2024 11  4  13 21  0.00    23.0117748341      -8.683159928  
2024 11  4  13 22  0.00    23.0117737323      -8.683164541  
2024 11  4  13 23  0.00    23.0117726307      -8.683169154  
2024 11  4  13 24  0.00    23.0117715291      -8.683173765  
2024 11  4  13 25  0.00    23.0117704275      -8.683178376  
2024 11  4  13 26  0.00    23.0117693260      -8.683182985  
2024 11  4  13 27  0.00    23.0117682246      -8.683187593  
2024 11  4  13 28  0.00    23.0117671233      -8.683192201  
2024 11  4  13 29  0.00    23.0117660220      -8.683196807  
2024 11  4  13 30  0.00    23.0117649208      -8.683201412  
2024 11  4  13 31  0.00    23.0117638197      -8.683206017  
2024 11  4  13 32  0.00    23.0117627186      -8.683210620  
2024 11  4  13 33  0.00    23.0117616176      -8.683215222  
2024 11  4  13 34  0.00    23.0117605167      -8.683219824  
2024 11  4  13 35  0.00    23.0117594159      -8.683224424  
2024 11  4  13 36  0.00    23.0117583152      -8.683229023  
2024 11  4  13 37  0.00    23.0117572145      -8.683233621  
2024 11  4  13 38  0.00    23.0117561139      -8.683238219  
2024 11  4  13 39  0.00    23.0117550134      -8.683242815  
2024 11  4  13 40  0.00    23.0117539130      -8.683247410  
2024 11  4  13 41  0.00    23.0117528126      -8.683252004  
2024 11  4  13 42  0.00    23.0117517124      -8.683256598  
2024 11  4  13 43  0.00    23.0117506122      -8.683261190  
2024 11  4  13 44  0.00    23.0117495121      -8.683265781  
2024 11  4  13 45  0.00    23.0117484121      -8.683270371  
2024 11  4  13 46  0.00    23.0117473122      -8.683274961  
2024 11  4  13 47  0.00    23.0117462124      -8.683279549  
2024 11  4  13 48  0.00    23.0117451127      -8.683284136  
2024 11  4  13 49  0.00    23.0117440131      -8.683288722  
2024 11  4  13 50  0.00    23.0117429136      -8.683293307  
2024 11  4  13 51  0.00    23.0117418142      -8.683297892  
2024 11  4  13 52  0.00    23.0117407149      -8.683302475  
2024 11  4  13 53  0.00    23.0117396157      -8.683307057  
2024 11  4  13 54  0.00    23.0117385166      -8.683311638  
2024 11  4  13 55  0.00    23.0117374176      -8.683316219  
2024 11  4  13 56  0.00    23.0117363186      -8.683320798  
2024 11  4  13 57  0.00    23.0117352199      -8.683325376  
2024 11  4  13 58  0.00    23.0117341212      -8.683329953  
2024 11  4  13 59  0.00    23.0117330226      -8.683334529  
2024 11  4  14  0  0.00    23.0117319241      -8.683339105  
2024 11  4  14  1  0.00    23.0117308258      -8.683343679  
2024 11  4  14  2  0.00    23.0117297275      -8.683348252  
2024 11  4  14  3  0.00    23.0117286294      -8.683352824  
2024 11  4  14  4  0.00    23.0117275314      -8.683357395  
2024 11  4  14  5  0.00    23.0117264335      -8.683361966  
2024 11  4  14  6  0.00    23.0117253357      -8.683366535  
2024 11  4  14  7  0.00    23.0117242381      -8.683371103  
2024 11  4  14  8  0.00    23.0117231406      -8.683375670  
2024 11  4  14  9  0.00    23.0117220432      -8.683380237  
2024 11  4  14 10  0.00    23.0117209459      -8.683384802  
2024 11  4  14 11  0.00    23.0117198487      -8.683389366  
2024 11  4  14 12  0.00    23.0117187517      -8.683393930  
2024 11  4  14 13  0.00    23.0117176548      -8.683398492  
2024 11  4  14 14  0.00    23.0117165580      -8.683403053  
2024 11  4  14 15  0.00    23.0117154614      -8.683407614  
2024 11  4  14 16  0.00    23.0117143649      -8.683412173  
2024 11  4  14 17  0.00    23.0117132685      -8.683416731  
2024 11  4  14 18  0.00    23.0117121722      -8.683421289  
2024 11  4  14 19  0.00    23.0117110761      -8.683425845  
2024 11  4  14 20  0.00    23.0117099802      -8.683430401  
2024 11  4  14 21  0.00    23.0117088843      -8.683434955  
2024 11  4  14 22  0.00    23.0117077886      -8.683439508  
2024 11  4  14 23  0.00    23.0117066931      -8.683444061  
2024 11  4  14 24  0.00    23.0117055977      -8.683448612  
2024 11  4  14 25  0.00    23.0117045024      -8.683453163  
2024 11  4  14 26  0.00    23.0117034073      -8.683457713  
2024 11  4  14 27  0.00    23.0117023123      -8.683462261  
2024 11  4  14 28  0.00    23.0117012175      -8.683466809  
2024 11  4  14 29  0.00    23.0117001228      -8.683471355  
2024 11  4  14 30  0.00    23.0116990283      -8.683475901  
2024 11  4  14 31  0.00    23.0116979339      -8.683480446  
2024 11  4  14 32  0.00    23.0116968397      -8.683484989  
2024 11  4  14 33  0.00    23.0116957457      -8.683489532  
2024 11  4  14 34  0.00    23.0116946517      -8.683494074  
2024 11  4  14 35  0.00    23.0116935580      -8.683498615  
2024 11  4  14 36  0.00    23.0116924644      -8.683503154  
2024 11  4  14 37  0.00    23.0116913710      -8.683507693  
2024 11  4  14 38  0.00    23.0116902777      -8.683512231  
2024 11  4  14 39  0.00    23.0116891846      -8.683516768  
2024 11  4  14 40  0.00    23.0116880916      -8.683521304  
2024 11  4  14 41  0.00    23.0116869989      -8.683525839  
2024 11  4  14 42  0.00    23.0116859062      -8.683530373  
2024 11  4  14 43  0.00    23.0116848138      -8.683534906  
2024 11  4  14 44  0.00    23.0116837215      -8.683539438  
2024 11  4  14 45  0.00    23.0116826294      -8.683543970  
2024 11  4  14 46  0.00    23.0116815374      -8.683548500  
2024 11  4  14 47  0.00    23.0116804457      -8.683553029  
2024 11  4  14 48  0.00    23.0116793541      -8.683557557  
2024 11  4  14 49  0.00    23.0116782627      -8.683562085  
2024 11  4  14 50  0.00    23.0116771714      -8.683566611  
2024 11  4  14 51  0.00    23.0116760803      -8.683571137  
2024 11  4  14 52  0.00    23.0116749894      -8.683575661  
2024 11  4  14 53  0.00    23.0116738987      -8.683580185  
2024 11  4  14 54  0.00    23.0116728082      -8.683584707  
2024 11  4  14 55  0.00    23.0116717179      -8.683589229  
2024 11  4  14 56  0.00    23.0116706277      -8.683593750  
2024 11  4  14 57  0.00    23.0116695377      -8.683598270  
2024 11  4  14 58  0.00    23.0116684479      -8.683602788  
2024 11  4  14 59  0.00    23.0116673583      -8.683607306  
2024 11  4  15  0  0.00    23.0116662689      -8.683611823  
2024 11  4  15  1  0.00    23.0116651797      -8.683616339  
2024 11  4  15  2  0.00    23.0116640906      -8.683620854  
2024 11  4  15  3  0.00    23.0116630018      -8.683625369  
2024 11  4  15  4  0.00    23.0116619131      -8.683629882  
2024 11  4  15  5  0.00    23.0116608247      -8.683634394  
2024 11  4  15  6  0.00    23.0116597364      -8.683638906  
2024 11  4  15  7  0.00    23.0116586483      -8.683643416  
2024 11  4  15  8  0.00    23.0116575604      -8.683647926  
2024 11  4  15  9  0.00    23.0116564728      -8.683652434  
2024 11  4  15 10  0.00    23.0116553853      -8.683656942  
2024 11  4  15 11  0.00    23.0116542980      -8.683661449  
2024 11  4  15 12  0.00    23.0116532110      -8.683665954  
2024 11  4  15 13  0.00    23.0116521241      -8.683670459  
2024 11  4  15 14  0.00    23.0116510375      -8.683674963  
2024 11  4  15 15  0.00    23.0116499510      -8.683679466  
2024 11  4  15 16  0.00    23.0116488648      -8.683683969  
2024 11  4  15 17  0.00    23.0116477787      -8.683688470  
2024 11  4  15 18  0.00    23.0116466929      -8.683692970  
2024 11  4  15 19  0.00    23.0116456073      -8.683697470  
2024 11  4  15 20  0.00    23.0116445219      -8.683701968  
2024 11  4  15 21  0.00    23.0116434367      -8.683706466  
2024 11  4  15 22  0.00    23.0116423517      -8.683710962  
2024 11  4  15 23  0.00    23.0116412670      -8.683715458  
2024 11  4  15 24  0.00    23.0116401824      -8.683719953  
2024 11  4  15 25  0.00    23.0116390981      -8.683724447  
2024 11  4  15 26  0.00    23.0116380140      -8.683728940  
2024 11  4  15 27  0.00    23.0116369301      -8.683733432  
2024 11  4  15 28  0.00    23.0116358464      -8.683737924  
2024 11  4  15 29  0.00    23.0116347630      -8.683742414  
2024 11  4  15 30  0.00    23.0116336798      -8.683746904  
2024 11  4  15 31  0.00    23.0116325968      -8.683751392  
2024 11  4  15 32  0.00    23.0116315140      -8.683755880  
2024 11  4  15 33  0.00    23.0116304315      -8.683760367  
2024 11  4  15 34  0.00    23.0116293492      -8.683764853  
2024 11  4  15 35  0.00    23.0116282671      -8.683769338  
2024 11  4  15 36  0.00    23.0116271852      -8.683773822  
2024 11  4  15 37  0.00    23.0116261036      -8.683778305  
2024 11  4  15 38  0.00    23.0116250222      -8.683782788  
2024 11  4  15 39  0.00    23.0116239411      -8.683787269  
2024 11  4  15 40  0.00    23.0116228602      -8.683791750  
2024 11  4  15 41  0.00    23.0116217795      -8.683796230  
2024 11  4  15 42  0.00    23.0116206990      -8.683800709  
2024 11  4  15 43  0.00    23.0116196188      -8.683805187  
2024 11  4  15 44  0.00    23.0116185388      -8.683809664  
2024 11  4  15 45  0.00    23.0116174591      -8.683814141  
2024 11  4  15 46  0.00    23.0116163796      -8.683818616  
2024 11  4  15 47  0.00    23.0116153004      -8.683823091  
2024 11  4  15 48  0.00    23.0116142214      -8.683827564  
2024 11  4  15 49  0.00    23.0116131426      -8.683832037  
2024 11  4  15 50  0.00    23.0116120641      -8.683836509  
2024 11  4  15 51  0.00    23.0116109859      -8.683840981  
2024 11  4  15 52  0.00    23.0116099078      -8.683845451  
2024 11  4  15 53  0.00    23.0116088301      -8.683849920  
2024 11  4  15 54  0.00    23.0116077526      -8.683854389  
2024 11  4  15 55  0.00    23.0116066753      -8.683858857  
2024 11  4  15 56  0.00    23.0116055983      -8.683863324  
2024 11  4  15 57  0.00    23.0116045215      -8.683867790  
2024 11  4  15 58  0.00    23.0116034450      -8.683872255  
2024 11  4  15 59  0.00    23.0116023687      -8.683876720  
2024 11  4  16  0  0.00    23.0116012927      -8.683881183  
2024 11  4  16  1  0.00    23.0116002170      -8.683885646  
2024 11  4  16  2  0.00    23.0115991415      -8.683890108  
2024 11  4  16  3  0.00    23.0115980663      -8.683894569  
2024 11  4  16  4  0.00    23.0115969913      -8.683899029  
2024 11  4  16  5  0.00    23.0115959166      -8.683903489  
2024 11  4  16  6  0.00    23.0115948422      -8.683907947  
2024 11  4  16  7  0.00    23.0115937680      -8.683912405  
2024 11  4  16  8  0.00    23.0115926941      -8.683916862  
2024 11  4  16  9  0.00    23.0115916205      -8.683921318  
2024 11  4  16 10  0.00    23.0115905471      -8.683925774  
2024 11  4  16 11  0.00    23.0115894740      -8.683930228  
2024 11  4  16 12  0.00    23.0115884011      -8.683934682  
2024 11  4  16 13  0.00    23.0115873285      -8.683939135  
2024 11  4  16 14  0.00    23.0115862562      -8.683943587  
2024 11  4  16 15  0.00    23.0115851842      -8.683948038  
2024 11  4  16 16  0.00    23.0115841124      -8.683952489  
2024 11  4  16 17  0.00    23.0115830409      -8.683956938  
2024 11  4  16 18  0.00    23.0115819697      -8.683961387  
2024 11  4  16 19  0.00    23.0115808988      -8.683965835  
2024 11  4  16 20  0.00    23.0115798281      -8.683970283  
2024 11  4  16 21  0.00    23.0115787577      -8.683974729  
2024 11  4  16 22  0.00    23.0115776876      -8.683979175  
2024 11  4  16 23  0.00    23.0115766178      -8.683983620  
2024 11  4  16 24  0.00    23.0115755482      -8.683988064  
2024 11  4  16 25  0.00    23.0115744790      -8.683992507  
2024 11  4  16 26  0.00    23.0115734100      -8.683996950  
2024 11  4  16 27  0.00    23.0115723413      -8.684001391  
2024 11  4  16 28  0.00    23.0115712728      -8.684005833  
2024 11  4  16 29  0.00    23.0115702047      -8.684010273  
2024 11  4  16 30  0.00    23.0115691368      -8.684014712  
2024 11  4  16 31  0.00    23.0115680693      -8.684019151  
2024 11  4  16 32  0.00    23.0115670020      -8.684023589  
2024 11  4  16 33  0.00    23.0115659350      -8.684028026  
2024 11  4  16 34  0.00    23.0115648683      -8.684032462  
2024 11  4  16 35  0.00    23.0115638018      -8.684036898  
2024 11  4  16 36  0.00    23.0115627357      -8.684041333  
2024 11  4  16 37  0.00    23.0115616699      -8.684045767  
2024 11  4  16 38  0.00    23.0115606043      -8.684050200  
2024 11  4  16 39  0.00    23.0115595391      -8.684054633  
2024 11  4  16 40  0.00    23.0115584741      -8.684059065  
2024 11  4  16 41  0.00    23.0115574094      -8.684063496  
2024 11  4  16 42  0.00    23.0115563451      -8.684067926  
2024 11  4  16 43  0.00    23.0115552810      -8.684072356  
2024 11  4  16 44  0.00    23.0115542172      -8.684076785  
2024 11  4  16 45  0.00    23.0115531537      -8.684081213  
2024 11  4  16 46  0.00    23.0115520906      -8.684085641  
2024 11  4  16 47  0.00    23.0115510277      -8.684090067  
2024 11  4  16 48  0.00    23.0115499651      -8.684094493  
2024 11  4  16 49  0.00    23.0115489028      -8.684098918  
2024 11  4  16 50  0.00    23.0115478408      -8.684103343  
2024 11  4  16 51  0.00    23.0115467792      -8.684107767  
2024 11  4  16 52  0.00    23.0115457178      -8.684112190  
2024 11  4  16 53  0.00    23.0115446567      -8.684116612  
2024 11  4  16 54  0.00    23.0115435960      -8.684121034  
2024 11  4  16 55  0.00    23.0115425355      -8.684125455  
2024 11  4  16 56  0.00    23.0115414754      -8.684129875  
2024 11  4  16 57  0.00    23.0115404155      -8.684134294  
2024 11  4  16 58  0.00    23.0115393560      -8.684138713  
2024 11  4  16 59  0.00    23.0115382968      -8.684143131  
2024 11  4  17  0  0.00    23.0115372378      -8.684147549  
2024 11  4  17  1  0.00    23.0115361792      -8.684151965  
2024 11  4  17  2  0.00    23.0115351210      -8.684156381  
2024 11  4  17  3  0.00    23.0115340630      -8.684160797  
2024 11  4  17  4  0.00    23.0115330053      -8.684165211  
2024 11  4  17  5  0.00    23.0115319479      -8.684169625  
2024 11  4  17  6  0.00    23.0115308909      -8.684174039  
2024 11  4  17  7  0.00    23.0115298342      -8.684178451  
2024 11  4  17  8  0.00    23.0115287778      -8.684182863  
2024 11  4  17  9  0.00    23.0115277217      -8.684187274  
2024 11  4  17 10  0.00    23.0115266659      -8.684191685  
2024 11  4  17 11  0.00    23.0115256104      -8.684196095  
2024 11  4  17 12  0.00    23.0115245553      -8.684200504  
2024 11  4  17 13  0.00    23.0115235005      -8.684204912  
2024 11  4  17 14  0.00    23.0115224460      -8.684209320  
2024 11  4  17 15  0.00    23.0115213918      -8.684213727  
2024 11  4  17 16  0.00    23.0115203379      -8.684218134  
2024 11  4  17 17  0.00    23.0115192844      -8.684222540  
2024 11  4  17 18  0.00    23.0115182312      -8.684226945  
2024 11  4  17 19  0.00    23.0115171783      -8.684231350  
2024 11  4  17 20  0.00    23.0115161257      -8.684235754  
2024 11  4  17 21  0.00    23.0115150735      -8.684240157  
2024 11  4  17 22  0.00    23.0115140216      -8.684244559  
2024 11  4  17 23  0.00    23.0115129700      -8.684248961  
---
