  2020 11 13.634543  2 22 37.6005 +13 41 18.563  35.6566688  13.6884897  35.6567101  13.6884772   -0.1446    0.0451    0.0386 15 13 44.50     5.00 
  2020 11 13.635006  2 22 37.6041 +13 41 18.587  35.6566836  13.6884965  35.6566883  13.6884689   -0.0163    0.0991    0.0629 15 14 24.50     5.00 
  2020 11 13.635469  2 22 37.5966 +13 41 18.348  35.6566526  13.6884300  35.6566664  13.6884607   -0.0483   -0.1104    0.0435 15 15  4.50     5.00 
  2020 11 13.636007  2 22 37.5929 +13 41 18.488  35.6566371  13.6884689  35.6566409  13.6884510   -0.0133    0.0643    0.0185 15 15 51.00    10.00 
  2020 11 13.636528  2 22 37.5824 +13 41 18.449  35.6565934  13.6884580  35.6566163  13.6884417   -0.0802    0.0588    0.0239 15 16 36.00    10.00 
  2020 11 13.637049  2 22 37.5777 +13 41 18.419  35.6565738  13.6884497  35.6565917  13.6884323   -0.0627    0.0625    0.0317 15 17 21.00    10.00 
  2020 11 13.638090  2 22 37.5715 +13 41 18.393  35.6565480  13.6884426  35.6565426  13.6884136    0.0189    0.1044    0.0228 15 18 51.00    10.00 
  2020 11 13.638611  2 22 37.5619 +13 41 18.176  35.6565077  13.6883822  35.6565180  13.6884042   -0.0359   -0.0792    0.0423 15 19 36.00    10.00 
  2020 11 13.639641  2 22 37.5456 +13 41 18.177  35.6564399  13.6883824  35.6564694  13.6883856   -0.1030   -0.0113    0.0180 15 21  5.00    10.00 
  2020 11 13.640683  2 22 37.5418 +13 41 18.282  35.6564240  13.6884116  35.6564202  13.6883667    0.0131    0.1617    0.0174 15 22 35.00    10.00 
  2020 11 13.641204  2 22 37.5295 +13 41 18.107  35.6563731  13.6883631  35.6563957  13.6883572   -0.0791    0.0211    0.0141 15 23 20.00    10.00 
  2020 11 13.641725  2 22 37.5288 +13 41 18.108  35.6563699  13.6883634  35.6563711  13.6883478   -0.0042    0.0564    0.0187 15 24  5.00    10.00 
  2020 11 13.642245  2 22 37.5205 +13 41 18.109  35.6563354  13.6883635  35.6563466  13.6883383   -0.0390    0.0907    0.0209 15 24 50.00    10.00 
  2020 11 13.644329  2 22 37.4910 +13 41 17.913  35.6562125  13.6883091  35.6562484  13.6883002   -0.1256    0.0318    0.0187 15 27 50.00    10.00 
  2020 11 13.644850  2 22 37.4902 +13 41 17.892  35.6562092  13.6883033  35.6562239  13.6882907   -0.0513    0.0454    0.0194 15 28 35.00    10.00 
  2020 11 13.645370  2 22 37.4888 +13 41 17.855  35.6562035  13.6882929  35.6561994  13.6882811    0.0142    0.0426    0.0162 15 29 20.00    10.00 
  2020 11 13.645891  2 22 37.4804 +13 41 17.812  35.6561684  13.6882810  35.6561749  13.6882715   -0.0228    0.0340    0.0235 15 30  5.00    10.00 
  2020 11 13.646933  2 22 37.4654 +13 41 17.730  35.6561058  13.6882584  35.6561259  13.6882524   -0.0702    0.0218    0.0132 15 31 35.00    10.00 
  2020 11 13.647454  2 22 37.4639 +13 41 17.669  35.6560995  13.6882414  35.6561014  13.6882428   -0.0066   -0.0050    0.0188 15 32 20.00    10.00 
  2020 11 13.647975  2 22 37.4627 +13 41 17.795  35.6560945  13.6882764  35.6560769  13.6882331    0.0616    0.1558    0.0336 15 33  5.00    10.00 
  2020 11 13.648484  2 22 37.4479 +13 41 17.690  35.6560328  13.6882473  35.6560529  13.6882237   -0.0706    0.0850    0.0221 15 33 49.00    10.00 
  2020 11 13.649005  2 22 37.4451 +13 41 17.638  35.6560213  13.6882327  35.6560285  13.6882141   -0.0252    0.0670    0.0254 15 34 34.00    10.00 
  2020 11 13.650046  2 22 37.4343 +13 41 17.543  35.6559761  13.6882064  35.6559795  13.6881947   -0.0119    0.0420    0.0202 15 36  4.00    10.00 
  2020 11 13.650567  2 22 37.4308 +13 41 17.514  35.6559615  13.6881983  35.6559551  13.6881851    0.0226    0.0477    0.0245 15 36 49.00    10.00 
  2020 11 13.651088  2 22 37.4145 +13 41 17.503  35.6558937  13.6881954  35.6559306  13.6881754   -0.1289    0.0720    0.0176 15 37 34.00    10.00 
  2020 11 13.651609  2 22 37.4052 +13 41 17.356  35.6558549  13.6881544  35.6559061  13.6881657   -0.1792   -0.0405    0.0383 15 38 19.00    10.00 
  2020 11 13.652650  2 22 37.4060 +13 41 17.439  35.6558582  13.6881774  35.6558573  13.6881462    0.0031    0.1122    0.0223 15 39 49.00    10.00 
  2020 11 13.653171  2 22 37.4008 +13 41 17.412  35.6558366  13.6881700  35.6558328  13.6881365    0.0133    0.1209    0.0140 15 40 34.00    10.00 
  2020 11 13.654734  2 22 37.3819 +13 41 17.230  35.6557577  13.6881194  35.6557596  13.6881071   -0.0065    0.0443    0.0228 15 42 49.00    10.00 
  2020 11 13.655764  2 22 37.3680 +13 41 17.076  35.6556999  13.6880767  35.6557113  13.6880878   -0.0399   -0.0399    0.0153 15 44 18.00    10.00 
  2020 11 13.656285  2 22 37.3623 +13 41 17.109  35.6556760  13.6880859  35.6556869  13.6880779   -0.0379    0.0287    0.0148 15 45  3.00    10.00 
  2020 11 13.656806  2 22 37.3550 +13 41 17.038  35.6556460  13.6880662  35.6556625  13.6880681   -0.0578   -0.0070    0.0254 15 45 48.00    10.00 
  2020 11 13.657847  2 22 37.3498 +13 41 17.009  35.6556241  13.6880579  35.6556137  13.6880484    0.0364    0.0343    0.0250 15 47 18.00    10.00 
  2020 11 13.658368  2 22 37.3336 +13 41 16.989  35.6555568  13.6880525  35.6555894  13.6880385   -0.1137    0.0501    0.0203 15 48  3.00    10.00 
  2020 11 13.658889  2 22 37.3318 +13 41 16.870  35.6555493  13.6880193  35.6555650  13.6880287   -0.0549   -0.0337    0.0299 15 48 48.00    10.00 
  2020 11 13.659410  2 22 37.3316 +13 41 17.008  35.6555484  13.6880577  35.6555406  13.6880188    0.0272    0.1401    0.0486 15 49 33.00    10.00 
  2020 11 13.659931  2 22 37.3219 +13 41 16.908  35.6555079  13.6880301  35.6555163  13.6880089   -0.0291    0.0765    0.0256 15 50 18.00    10.00 
  2020 11 13.662014  2 22 37.2996 +13 41 16.707  35.6554150  13.6879741  35.6554189  13.6879691   -0.0137    0.0179    0.0160 15 53 18.00    10.00 
  2020 11 13.662535  2 22 37.2887 +13 41 16.664  35.6553698  13.6879621  35.6553946  13.6879592   -0.0868    0.0107    0.0233 15 54  3.00    10.00 
  2020 11 13.663056  2 22 37.2847 +13 41 16.716  35.6553527  13.6879766  35.6553702  13.6879492   -0.0612    0.0988    0.0181 15 54 48.00    10.00 
  2020 11 13.663576  2 22 37.2865 +13 41 16.619  35.6553605  13.6879497  35.6553459  13.6879392    0.0511    0.0378    0.0213 15 55 33.00    10.00 
  2020 11 13.679699  2 22 37.1041 +13 41 15.489  35.6546003  13.6876359  35.6545964  13.6876242    0.0133    0.0423    0.0204 16 18 46.00    10.00 
  2020 11 13.680220  2 22 37.1047 +13 41 15.375  35.6546031  13.6876042  35.6545723  13.6876138    0.1075   -0.0347    0.0279 16 19 31.00    10.00 
  2020 11 13.681262  2 22 37.0801 +13 41 15.338  35.6545003  13.6875938  35.6545242  13.6875931   -0.0833    0.0025    0.0169 16 21  1.00    10.00 
  2020 11 13.681782  2 22 37.0746 +13 41 15.305  35.6544774  13.6875847  35.6545001  13.6875827   -0.0793    0.0073    0.0297 16 21 46.00    10.00 
  2020 11 13.682303  2 22 37.0732 +13 41 15.320  35.6544716  13.6875889  35.6544760  13.6875723   -0.0155    0.0597    0.0065 16 22 31.00    10.00 
  2020 11 13.683345  2 22 37.0637 +13 41 15.234  35.6544321  13.6875649  35.6544279  13.6875514    0.0149    0.0487    0.0225 16 24  1.00    10.00 
  2020 11 13.683866  2 22 37.0553 +13 41 15.139  35.6543971  13.6875386  35.6544038  13.6875410   -0.0236   -0.0086    0.0239 16 24 46.00    10.00 
  2020 11 13.684907  2 22 37.0460 +13 41 15.100  35.6543582  13.6875278  35.6543557  13.6875201    0.0088    0.0279    0.0185 16 26 16.00    10.00 
  2020 11 13.685428  2 22 37.0423 +13 41 15.128  35.6543428  13.6875357  35.6543317  13.6875096    0.0387    0.0939    0.0204 16 27  1.00    10.00 
  2020 11 13.685937  2 22 37.0348 +13 41 15.079  35.6543115  13.6875221  35.6543082  13.6874993    0.0117    0.0818    0.0101 16 27 45.00    10.00 
  2020 11 13.686458  2 22 37.0277 +13 41 15.095  35.6542819  13.6875265  35.6542842  13.6874888   -0.0081    0.1354    0.0097 16 28 30.00    10.00 
  2020 11 13.687500  2 22 37.0174 +13 41 14.917  35.6542391  13.6874770  35.6542362  13.6874678    0.0102    0.0332    0.0472 16 30  0.00    10.00 
  2020 11 13.688542  2 22 37.0016 +13 41 14.795  35.6541732  13.6874429  35.6541882  13.6874468   -0.0523   -0.0138    0.0317 16 31 30.00    10.00 
  2020 11 13.689583  2 22 36.9919 +13 41 14.745  35.6541331  13.6874291  35.6541402  13.6874256   -0.0250    0.0124    0.0178 16 33  0.00    10.00 
  2020 11 13.690104  2 22 36.9888 +13 41 14.728  35.6541201  13.6874244  35.6541163  13.6874151    0.0133    0.0335    0.0364 16 33 45.00    10.00 
  2020 11 13.690625  2 22 36.9808 +13 41 14.642  35.6540868  13.6874005  35.6540923  13.6874045   -0.0194   -0.0145    0.0151 16 34 30.00    10.00 
  2020 11 13.691146  2 22 36.9758 +13 41 14.608  35.6540658  13.6873912  35.6540683  13.6873939   -0.0090   -0.0098    0.0212 16 35 15.00    10.00 
  2020 11 13.691667  2 22 36.9736 +13 41 14.620  35.6540568  13.6873945  35.6540444  13.6873833    0.0432    0.0405    0.0242 16 36  0.00    10.00 
  2020 11 13.693229  2 22 36.9586 +13 41 14.422  35.6539942  13.6873394  35.6539726  13.6873514    0.0756   -0.0432    0.0289 16 38 15.00    10.00 
  2020 11 13.693750  2 22 36.9472 +13 41 14.458  35.6539468  13.6873495  35.6539487  13.6873407   -0.0067    0.0315    0.0288 16 39  0.00    10.00 
  2020 11 13.695822  2 22 36.9235 +13 41 14.287  35.6538478  13.6873019  35.6538536  13.6872983   -0.0203    0.0132    0.0276 16 41 59.00    10.00 
  2020 11 13.696343  2 22 36.9177 +13 41 14.220  35.6538236  13.6872832  35.6538298  13.6872876   -0.0217   -0.0156    0.0192 16 42 44.00    10.00 
  2020 11 13.696863  2 22 36.9090 +13 41 14.197  35.6537873  13.6872770  35.6538059  13.6872769   -0.0649    0.0005    0.0206 16 43 29.00    10.00 
  2020 11 13.697384  2 22 36.9079 +13 41 14.216  35.6537830  13.6872821  35.6537820  13.6872661    0.0033    0.0576    0.0223 16 44 14.00    10.00 
  2020 11 13.697905  2 22 36.9056 +13 41 14.085  35.6537731  13.6872459  35.6537582  13.6872554    0.0524   -0.0342    0.0194 16 44 59.00    10.00 
  2020 11 13.698947  2 22 36.8888 +13 41 13.994  35.6537032  13.6872207  35.6537105  13.6872339   -0.0255   -0.0476    0.0249 16 46 29.00    10.00 
  2020 11 13.699468  2 22 36.8785 +13 41 14.112  35.6536603  13.6872534  35.6536867  13.6872231   -0.0922    0.1091    0.0250 16 47 14.00    10.00 
  2020 11 13.700509  2 22 36.8735 +13 41 14.015  35.6536395  13.6872264  35.6536390  13.6872016    0.0016    0.0896    0.0212 16 48 44.00    10.00 
  2020 11 13.701030  2 22 36.8717 +13 41 13.977  35.6536321  13.6872159  35.6536152  13.6871908    0.0592    0.0906    0.0288 16 49 29.00    10.00 
  2020 11 13.701551  2 22 36.8513 +13 41 13.862  35.6535471  13.6871840  35.6535914  13.6871800   -0.1549    0.0145    0.0223 16 50 14.00    10.00 
  2020 11 13.702072  2 22 36.8500 +13 41 13.900  35.6535417  13.6871945  35.6535676  13.6871691   -0.0908    0.0912    0.0119 16 50 59.00    10.00 
  2020 11 13.702402  2 22 36.8496 +13 41 13.823  35.6535402  13.6871730  35.6535526  13.6871623   -0.0432    0.0387    0.0100 16 51 27.50    15.00 
  2020 11 13.702980  2 22 36.8429 +13 41 13.769  35.6535122  13.6871582  35.6535261  13.6871502   -0.0489    0.0285    0.0192 16 52 17.50    15.00 
  2020 11 13.703559  2 22 36.8391 +13 41 13.824  35.6534961  13.6871734  35.6534997  13.6871382   -0.0127    0.1268    0.0166 16 53  7.50    15.00 
  2020 11 13.704138  2 22 36.8371 +13 41 13.762  35.6534879  13.6871561  35.6534733  13.6871261    0.0510    0.1078    0.0164 16 53 57.50    15.00 
  2020 11 13.704716  2 22 36.8199 +13 41 13.695  35.6534163  13.6871376  35.6534469  13.6871140   -0.1070    0.0848    0.0275 16 54 47.50    15.00 
  2020 11 13.705295  2 22 36.8165 +13 41 13.556  35.6534020  13.6870990  35.6534205  13.6871019   -0.0648   -0.0106    0.0174 16 55 37.50    15.00 
  2020 11 13.705874  2 22 36.8169 +13 41 13.658  35.6534036  13.6871273  35.6533942  13.6870898    0.0328    0.1349    0.0162 16 56 27.50    15.00 
  2020 11 13.706453  2 22 36.8039 +13 41 13.576  35.6533498  13.6871046  35.6533678  13.6870777   -0.0631    0.0966    0.0080 16 57 17.50    15.00 
  2020 11 13.707031  2 22 36.8104 +13 41 13.511  35.6533765  13.6870865  35.6533415  13.6870656    0.1226    0.0752    0.0278 16 58  7.50    15.00 
  2020 11 13.707610  2 22 36.7860 +13 41 13.333  35.6532749  13.6870370  35.6533151  13.6870534   -0.1406   -0.0591    0.0164 16 58 57.50    15.00 
  2020 11 13.708189  2 22 36.7877 +13 41 13.337  35.6532822  13.6870380  35.6532888  13.6870413   -0.0230   -0.0119    0.0444 16 59 47.50    15.00 
  2020 11 13.709346  2 22 36.7700 +13 41 13.237  35.6532085  13.6870103  35.6532362  13.6870169   -0.0968   -0.0240    0.0307 17  1 27.50    15.00 
  2020 11 13.709925  2 22 36.7671 +13 41 13.361  35.6531964  13.6870448  35.6532099  13.6870047   -0.0473    0.1443    0.0291 17  2 17.50    15.00 
  2020 11 13.710503  2 22 36.7698 +13 41 13.174  35.6532077  13.6869928  35.6531836  13.6869925    0.0844    0.0010    0.0366 17  3  7.50    15.00 
  2020 11 13.711661  2 22 36.7547 +13 41 13.135  35.6531446  13.6869819  35.6531310  13.6869681    0.0476    0.0497    0.0471 17  4 47.50    15.00 
  2020 11 13.712240  2 22 36.7479 +13 41 13.162  35.6531162  13.6869895  35.6531048  13.6869558    0.0400    0.1210    0.0322 17  5 37.50    15.00 
  2020 11 13.713976  2 22 36.7240 +13 41 12.905  35.6530166  13.6869180  35.6530260  13.6869190   -0.0330   -0.0037    0.0152 17  8  7.50    15.00 
  2020 11 13.714554  2 22 36.7158 +13 41 12.909  35.6529826  13.6869191  35.6529998  13.6869067   -0.0604    0.0444    0.0352 17  8 57.50    15.00 
  2020 11 13.715133  2 22 36.7010 +13 41 12.880  35.6529209  13.6869110  35.6529736  13.6868944   -0.1845    0.0596    0.0278 17  9 47.50    15.00 
  2020 11 13.715712  2 22 36.7017 +13 41 12.797  35.6529235  13.6868881  35.6529474  13.6868821   -0.0835    0.0216    0.0270 17 10 37.50    15.00 
  2020 11 13.716291  2 22 36.6945 +13 41 12.792  35.6528936  13.6868866  35.6529212  13.6868698   -0.0968    0.0605    0.0273 17 11 27.50    15.00 
  2020 11 13.716858  2 22 36.6877 +13 41 12.900  35.6528653  13.6869167  35.6528956  13.6868577   -0.1058    0.2123    0.0430 17 12 16.50    15.00 
  2020 11 13.717436  2 22 36.6787 +13 41 12.647  35.6528279  13.6868465  35.6528694  13.6868453   -0.1453    0.0040    0.0716 17 13  6.50    15.00 
  2020 11 13.718015  2 22 36.6792 +13 41 12.626  35.6528300  13.6868407  35.6528433  13.6868330   -0.0462    0.0277    0.0292 17 13 56.50    15.00 
  2020 11 13.718594  2 22 36.6751 +13 41 12.538  35.6528131  13.6868162  35.6528171  13.6868206   -0.0140   -0.0158    0.0247 17 14 46.50    15.00 
  2020 11 13.719172  2 22 36.6680 +13 41 12.584  35.6527834  13.6868289  35.6527910  13.6868082   -0.0266    0.0744    0.0155 17 15 36.50    15.00 
  2020 11 13.719751  2 22 36.6608 +13 41 12.598  35.6527534  13.6868327  35.6527649  13.6867958   -0.0401    0.1327    0.0264 17 16 26.50    15.00 
  2020 11 13.720330  2 22 36.6581 +13 41 12.481  35.6527422  13.6868002  35.6527387  13.6867834    0.0122    0.0605    0.0482 17 17 16.50    15.00 
  2020 11 14.652211  2 22 28.8420 +13 40 26.613  35.6201751  13.6740590  35.6201826  13.6740368   -0.0264    0.0799    0.0263 15 39 11.00    10.00 
  2020 11 14.658970  2 22 28.7744 +13 40 26.470  35.6198935  13.6740196  35.6198982  13.6740282   -0.0164   -0.0309    0.0062 15 48 55.00    10.00 
  2020 11 14.661042  2 22 28.7575 +13 40 26.513  35.6198231  13.6740315  35.6198106  13.6740253    0.0436    0.0221    0.0130 15 51 54.00    10.00 
  2020 11 14.662083  2 22 28.7479 +13 40 26.477  35.6197829  13.6740214  35.6197666  13.6740239    0.0569   -0.0090    0.0222 15 53 24.00    10.00 
  2020 11 14.662604  2 22 28.7419 +13 40 26.492  35.6197578  13.6740255  35.6197445  13.6740232    0.0463    0.0083    0.0183 15 54  9.00    10.00 
  2020 11 14.663646  2 22 28.7332 +13 40 26.510  35.6197218  13.6740305  35.6197004  13.6740217    0.0748    0.0317    0.0232 15 55 39.00    10.00 
  2020 11 14.675602  2 22 28.6068 +13 40 26.385  35.6191949  13.6739960  35.6191912  13.6740034    0.0132   -0.0266    0.0232 16 12 52.00    10.00 
  2020 11 14.739549  2 22 27.9439 +13 40 25.880  35.6164327  13.6738555  35.6163865  13.6738467    0.1618    0.0318    0.0460 17 44 57.00    10.00 
  2020 11 15.628738  2 22 19.3608 +13 39 30.486  35.5806698  13.6584684  35.5806661  13.6584768    0.0131   -0.0304    0.0703 15  5 23.00    10.00 
  2020 11 15.629259  2 22 19.3513 +13 39 30.473  35.5806306  13.6584647  35.5806503  13.6584698   -0.0689   -0.0183    0.0568 15  6  8.00    10.00 
  2020 11 15.629780  2 22 19.3526 +13 39 30.540  35.5806359  13.6584834  35.5806346  13.6584627    0.0048    0.0744    0.0507 15  6 53.00    10.00 
  2020 11 15.630301  2 22 19.3503 +13 39 30.736  35.5806261  13.6585377  35.5806188  13.6584557    0.0257    0.2951    0.0456 15  7 38.00    10.00 
  2020 11 15.630822  2 22 19.3384 +13 39 30.544  35.5805767  13.6584846  35.5806030  13.6584487   -0.0923    0.1292    0.0466 15  8 23.00    10.00 
  2020 11 15.631343  2 22 19.3366 +13 39 30.360  35.5805692  13.6584332  35.5805873  13.6584417   -0.0633   -0.0306    0.0542 15  9  8.00    10.00 
  2020 11 15.631863  2 22 19.3408 +13 39 30.652  35.5805867  13.6585146  35.5805715  13.6584347    0.0529    0.2875    0.0542 15  9 53.00    10.00 
  2020 11 15.632905  2 22 19.3260 +13 39 30.310  35.5805250  13.6584194  35.5805400  13.6584208   -0.0527   -0.0051    0.0301 15 11 23.00    10.00 
  2020 11 15.633426  2 22 19.3249 +13 39 30.291  35.5805204  13.6584142  35.5805243  13.6584138   -0.0138    0.0014    0.0301 15 12  8.00    10.00 
  2020 11 15.633947  2 22 19.3131 +13 39 30.298  35.5804713  13.6584162  35.5805085  13.6584069   -0.1302    0.0335    0.0382 15 12 53.00    10.00 
  2020 11 15.634988  2 22 19.3130 +13 39 30.104  35.5804707  13.6583622  35.5804770  13.6583931   -0.0220   -0.1111    0.0418 15 14 23.00    10.00 
  2020 11 15.635509  2 22 19.3045 +13 39 30.211  35.5804356  13.6583918  35.5804613  13.6583862   -0.0898    0.0202    0.0254 15 15  8.00    10.00 
  2020 11 15.636030  2 22 19.3058 +13 39 30.155  35.5804408  13.6583765  35.5804455  13.6583793   -0.0165   -0.0102    0.0384 15 15 53.00    10.00 
  2020 11 15.636551  2 22 19.3053 +13 39 30.228  35.5804386  13.6583968  35.5804298  13.6583725    0.0308    0.0874    0.0436 15 16 38.00    10.00 
  2020 11 15.637072  2 22 19.2931 +13 39 30.102  35.5803879  13.6583618  35.5804140  13.6583656   -0.0913   -0.0138    0.0286 15 17 23.00    10.00 
  2020 11 15.637593  2 22 19.2825 +13 39 30.041  35.5803437  13.6583448  35.5803983  13.6583588   -0.1911   -0.0506    0.0811 15 18  8.00    10.00 
  2020 11 15.638113  2 22 19.2875 +13 39 30.023  35.5803647  13.6583397  35.5803825  13.6583520   -0.0623   -0.0443    0.0270 15 18 53.00    10.00 
  2020 11 15.638634  2 22 19.2798 +13 39 30.015  35.5803324  13.6583375  35.5803668  13.6583452   -0.1204   -0.0276    0.0424 15 19 38.00    10.00 
  2020 11 15.639155  2 22 19.2782 +13 39 30.054  35.5803258  13.6583483  35.5803510  13.6583384   -0.0882    0.0358    0.0293 15 20 23.00    10.00 
  2020 11 15.639676  2 22 19.2784 +13 39 29.928  35.5803265  13.6583134  35.5803353  13.6583316   -0.0308   -0.0655    0.0454 15 21  8.00    10.00 
  2020 11 15.640706  2 22 19.2644 +13 39 30.061  35.5802684  13.6583502  35.5803041  13.6583183   -0.1249    0.1149    0.0414 15 22 37.00    10.00 
  2020 11 15.641227  2 22 19.2673 +13 39 30.077  35.5802803  13.6583548  35.5802884  13.6583115   -0.0283    0.1559    0.0383 15 23 22.00    10.00 
  2020 11 15.641748  2 22 19.2679 +13 39 29.872  35.5802829  13.6582979  35.5802726  13.6583048    0.0360   -0.0249    0.0910 15 24  7.00    10.00 
  2020 11 15.642269  2 22 19.2532 +13 39 29.898  35.5802218  13.6583050  35.5802569  13.6582981   -0.1227    0.0250    0.0609 15 24 52.00    10.00 
  2020 11 15.646435  2 22 19.2291 +13 39 29.557  35.5801212  13.6582104  35.5801309  13.6582449   -0.0339   -0.1245    0.0458 15 30 52.00    10.00 
  2020 11 15.649560  2 22 19.2112 +13 39 29.548  35.5800466  13.6582078  35.5800364  13.6582057    0.0358    0.0077    0.0681 15 35 22.00    10.00 
  2020 11 15.650081  2 22 19.2001 +13 39 29.451  35.5800004  13.6581809  35.5800207  13.6581992   -0.0708   -0.0656    0.0212 15 36  7.00    10.00 
  2020 11 15.658403  2 22 19.1348 +13 39 29.161  35.5797285  13.6581004  35.5797690  13.6580972   -0.1417    0.0114    0.0288 15 48  6.00    10.00 
  2020 11 15.658924  2 22 19.1350 +13 39 29.151  35.5797294  13.6580974  35.5797532  13.6580910   -0.0834    0.0233    0.0265 15 48 51.00    10.00 
  2020 11 16.627234  2 22  9.7782 +13 38 58.698  35.5407426  13.6496384  35.5408422  13.6496644   -0.3485   -0.0938    0.0365 15  3 13.00    10.00 
  2020 11 16.627755  2 22  9.7938 +13 38 58.785  35.5408076  13.6496624  35.5408205  13.6496523   -0.0451    0.0364    0.0230 15  3 58.00    10.00 
  2020 11 16.628275  2 22  9.7910 +13 38 58.854  35.5407956  13.6496816  35.5407988  13.6496402   -0.0112    0.1489    0.0249 15  4 43.00    10.00 
  2020 11 16.628796  2 22  9.7903 +13 38 58.909  35.5407927  13.6496969  35.5407771  13.6496281    0.0546    0.2476    0.0240 15  5 28.00    10.00 
  2020 11 16.629317  2 22  9.7791 +13 38 58.787  35.5407464  13.6496630  35.5407554  13.6496159   -0.0318    0.1693    0.0313 15  6 13.00    10.00 
  2020 11 16.629838  2 22  9.7724 +13 38 58.750  35.5407183  13.6496528  35.5407338  13.6496038   -0.0541    0.1765    0.0317 15  6 58.00    10.00 
  2020 11 16.630359  2 22  9.7755 +13 38 58.696  35.5407313  13.6496377  35.5407121  13.6495917    0.0670    0.1657    0.0180 15  7 43.00    10.00 
  2020 11 16.630880  2 22  9.7657 +13 38 58.581  35.5406905  13.6496059  35.5406905  13.6495795    0.0002    0.0950    0.0249 15  8 28.00    10.00 
  2020 11 16.631400  2 22  9.7581 +13 38 58.469  35.5406588  13.6495747  35.5406688  13.6495674   -0.0350    0.0264    0.0299 15  9 13.00    10.00 
  2020 11 16.631921  2 22  9.7552 +13 38 58.564  35.5406469  13.6496012  35.5406472  13.6495552   -0.0012    0.1657    0.0370 15  9 58.00    10.00 
  2020 11 16.632442  2 22  9.7462 +13 38 58.490  35.5406091  13.6495806  35.5406256  13.6495430   -0.0575    0.1352    0.0291 15 10 43.00    10.00 
  2020 11 16.632963  2 22  9.7252 +13 38 58.542  35.5405217  13.6495949  35.5406040  13.6495309   -0.2877    0.2304    0.0395 15 11 28.00    10.00 
  2020 11 16.633484  2 22  9.7338 +13 38 58.370  35.5405574  13.6495473  35.5405824  13.6495187   -0.0872    0.1031    0.0284 15 12 13.00    10.00 
  2020 11 16.634005  2 22  9.7316 +13 38 58.355  35.5405484  13.6495430  35.5405608  13.6495065   -0.0433    0.1315    0.0457 15 12 58.00    10.00 
  2020 11 16.634525  2 22  9.7295 +13 38 58.334  35.5405398  13.6495371  35.5405392  13.6494943    0.0020    0.1540    0.0279 15 13 43.00    10.00 
  2020 11 16.635046  2 22  9.7119 +13 38 58.164  35.5404663  13.6494900  35.5405176  13.6494821   -0.1794    0.0284    0.0239 15 14 28.00    10.00 
  2020 11 16.635567  2 22  9.7192 +13 38 58.268  35.5404966  13.6495190  35.5404961  13.6494699    0.0018    0.1767    0.0522 15 15 13.00    10.00 
  2020 11 16.637639  2 22  9.6926 +13 38 57.908  35.5403857  13.6494190  35.5404104  13.6494214   -0.0866   -0.0086    0.0718 15 18 12.00    10.00 
  2020 11 16.639201  2 22  9.6813 +13 38 57.878  35.5403386  13.6494107  35.5403459  13.6493847   -0.0256    0.0935    0.0537 15 20 27.00    10.00 
  2020 11 16.639722  2 22  9.6727 +13 38 57.890  35.5403028  13.6494138  35.5403244  13.6493725   -0.0757    0.1486    0.0290 15 21 12.00    10.00 
  2020 11 16.641285  2 22  9.6630 +13 38 57.672  35.5402624  13.6493534  35.5402600  13.6493358    0.0083    0.0637    0.0375 15 23 27.00    10.00 
  2020 11 16.641806  2 22  9.6529 +13 38 57.572  35.5402205  13.6493256  35.5402386  13.6493235   -0.0633    0.0076    0.0412 15 24 12.00    10.00 
  2020 11 16.642326  2 22  9.6432 +13 38 57.703  35.5401798  13.6493621  35.5402172  13.6493112   -0.1306    0.1830    0.0312 15 24 57.00    10.00 
  2020 11 16.642847  2 22  9.6394 +13 38 57.537  35.5401642  13.6493159  35.5401958  13.6492990   -0.1105    0.0608    0.0293 15 25 42.00    10.00 
  2020 11 16.643368  2 22  9.6257 +13 38 57.534  35.5401071  13.6493149  35.5401743  13.6492867   -0.2354    0.1014    0.0391 15 26 27.00    10.00 
  2020 11 16.643889  2 22  9.6299 +13 38 57.510  35.5401245  13.6493083  35.5401529  13.6492745   -0.0995    0.1217    0.0280 15 27 12.00    10.00 
  2020 11 16.644410  2 22  9.6263 +13 38 57.463  35.5401095  13.6492953  35.5401316  13.6492622   -0.0772    0.1191    0.0260 15 27 57.00    10.00 
  2020 11 16.644931  2 22  9.6172 +13 38 57.447  35.5400717  13.6492908  35.5401102  13.6492499   -0.1346    0.1472    0.0297 15 28 42.00    10.00 
  2020 11 16.645451  2 22  9.6175 +13 38 57.343  35.5400727  13.6492618  35.5400888  13.6492376   -0.0562    0.0872    0.0174 15 29 27.00    10.00 
  2020 11 16.645961  2 22  9.6093 +13 38 57.286  35.5400387  13.6492460  35.5400679  13.6492256   -0.1022    0.0736    0.0251 15 30 11.00    10.00 
  2020 11 16.646481  2 22  9.6034 +13 38 57.464  35.5400140  13.6492956  35.5400466  13.6492133   -0.1139    0.2962    0.0264 15 30 56.00    10.00 
  2020 11 16.647523  2 22  9.5898 +13 38 57.396  35.5399573  13.6492768  35.5400039  13.6491887   -0.1630    0.3169    0.0264 15 32 26.00    10.00 
  2020 11 16.648044  2 22  9.5942 +13 38 57.083  35.5399757  13.6491897  35.5399826  13.6491764   -0.0239    0.0477    0.0378 15 33 11.00    10.00 
  2020 11 16.649086  2 22  9.5691 +13 38 57.187  35.5398711  13.6492185  35.5399400  13.6491518   -0.2408    0.2400    0.0221 15 34 41.00    10.00 
  2020 11 16.649606  2 22  9.5511 +13 38 57.215  35.5397962  13.6492264  35.5399187  13.6491395   -0.4287    0.3128    0.0363 15 35 26.00    10.00 
  2020 11 16.650127  2 22  9.5575 +13 38 56.962  35.5398230  13.6491562  35.5398974  13.6491272   -0.2605    0.1045    0.0386 15 36 11.00    10.00 
  2020 11 16.650648  2 22  9.5560 +13 38 56.763  35.5398167  13.6491007  35.5398761  13.6491148   -0.2079   -0.0508    0.0354 15 36 56.00    10.00 
  2020 11 16.651169  2 22  9.5508 +13 38 56.867  35.5397952  13.6491298  35.5398549  13.6491025   -0.2088    0.0981    0.0242 15 37 41.00    10.00 
  2020 11 16.651690  2 22  9.5477 +13 38 56.958  35.5397821  13.6491550  35.5398336  13.6490902   -0.1805    0.2335    0.0532 15 38 26.00    10.00 
  2020 11 16.652211  2 22  9.5541 +13 38 56.956  35.5398089  13.6491544  35.5398124  13.6490778   -0.0124    0.2755    0.0292 15 39 11.00    10.00 
  2020 11 16.652731  2 22  9.5346 +13 38 56.640  35.5397276  13.6490666  35.5397912  13.6490655   -0.2226    0.0038    0.0414 15 39 56.00    10.00 
  2020 11 16.654294  2 22  9.5262 +13 38 56.712  35.5396923  13.6490866  35.5397276  13.6490285   -0.1233    0.2091    0.0398 15 42 11.00    10.00 
  2020 11 16.654815  2 22  9.5126 +13 38 56.739  35.5396358  13.6490941  35.5397064  13.6490161   -0.2471    0.2808    0.0300 15 42 56.00    10.00 
  2020 11 16.655324  2 22  9.5118 +13 38 56.388  35.5396325  13.6489968  35.5396857  13.6490040   -0.1859   -0.0261    0.0213 15 43 40.00    10.00 
  2020 11 16.655845  2 22  9.5238 +13 38 56.413  35.5396827  13.6490037  35.5396645  13.6489917    0.0636    0.0433    0.0253 15 44 25.00    10.00 
  2020 11 16.656366  2 22  9.4988 +13 38 56.334  35.5395784  13.6489817  35.5396434  13.6489793   -0.2273    0.0086    0.0369 15 45 10.00    10.00 
  2020 11 16.656887  2 22  9.5035 +13 38 56.338  35.5395978  13.6489827  35.5396222  13.6489669   -0.0853    0.0569    0.0372 15 45 55.00    10.00 
  2020 11 16.657928  2 22  9.4999 +13 38 56.190  35.5395830  13.6489416  35.5395800  13.6489422    0.0108   -0.0020    0.0174 15 47 25.00    10.00 
  2020 11 16.658449  2 22  9.4742 +13 38 56.192  35.5394758  13.6489423  35.5395589  13.6489298   -0.2904    0.0449    0.0309 15 48 10.00    10.00 
  2020 11 16.658970  2 22  9.4824 +13 38 56.253  35.5395101  13.6489591  35.5395378  13.6489174   -0.0969    0.1500    0.0336 15 48 55.00    10.00 
  2020 11 16.659491  2 22  9.4705 +13 38 56.061  35.5394604  13.6489058  35.5395167  13.6489050   -0.1967    0.0028    0.0280 15 49 40.00    10.00 
  2020 11 16.661053  2 22  9.4571 +13 38 55.911  35.5394046  13.6488640  35.5394535  13.6488678   -0.1708   -0.0137    0.0320 15 51 55.00    10.00 
  2020 11 16.661574  2 22  9.4504 +13 38 55.973  35.5393769  13.6488813  35.5394324  13.6488554   -0.1943    0.0931    0.0402 15 52 40.00    10.00 
  2020 11 16.662083  2 22  9.4418 +13 38 55.958  35.5393407  13.6488772  35.5394118  13.6488433   -0.2490    0.1220    0.0542 15 53 24.00    10.00 
  2020 11 16.663646  2 22  9.4376 +13 38 55.552  35.5393232  13.6487644  35.5393488  13.6488061   -0.0896   -0.1500    0.0402 15 55 39.00    10.00 
  2020 11 16.664167  2 22  9.4234 +13 38 55.525  35.5392641  13.6487568  35.5393278  13.6487937   -0.2226   -0.1327    0.0322 15 56 24.00    10.00 
  2020 11 16.664687  2 22  9.4215 +13 38 55.640  35.5392564  13.6487890  35.5393068  13.6487813   -0.1764    0.0280    0.0246 15 57  9.00    10.00 
  2020 11 16.665729  2 22  9.4098 +13 38 55.528  35.5392077  13.6487579  35.5392649  13.6487564   -0.2001    0.0054    0.0217 15 58 39.00    10.00 
  2020 11 16.666771  2 22  9.3909 +13 38 55.167  35.5391285  13.6486576  35.5392230  13.6487315   -0.3303   -0.2661    0.0278 16  0  9.00    10.00 
  2020 11 16.667292  2 22  9.4041 +13 38 55.552  35.5391836  13.6487644  35.5392020  13.6487191   -0.0643    0.1632    0.0205 16  0 54.00    10.00 
  2020 11 16.668333  2 22  9.3987 +13 38 55.347  35.5391611  13.6487075  35.5391602  13.6486942    0.0033    0.0476    0.0419 16  2 24.00    10.00 
  2020 11 16.668854  2 22  9.3780 +13 38 55.269  35.5390752  13.6486857  35.5391393  13.6486818   -0.2242    0.0142    0.0308 16  3  9.00    10.00 
  2020 11 16.669375  2 22  9.3771 +13 38 55.160  35.5390714  13.6486555  35.5391184  13.6486693   -0.1645   -0.0496    0.0321 16  3 54.00    10.00 
  2020 11 16.669896  2 22  9.3806 +13 38 55.080  35.5390860  13.6486334  35.5390975  13.6486569   -0.0402   -0.0846    0.0309 16  4 39.00    10.00 
  2020 11 16.671458  2 22  9.3435 +13 38 54.873  35.5389312  13.6485758  35.5390349  13.6486195   -0.3629   -0.1573    0.0304 16  6 54.00    10.00 
  2020 11 16.671979  2 22  9.3584 +13 38 54.995  35.5389935  13.6486098  35.5390141  13.6486071   -0.0721    0.0099    0.0361 16  7 39.00    10.00 
  2020 11 16.672500  2 22  9.3474 +13 38 54.871  35.5389474  13.6485751  35.5389933  13.6485946   -0.1606   -0.0700    0.0429 16  8 24.00    10.00 
  2020 11 16.673542  2 22  9.3414 +13 38 54.724  35.5389225  13.6485344  35.5389516  13.6485697   -0.1019   -0.1270    0.0309 16  9 54.00    10.00 
  2020 11 16.674051  2 22  9.3333 +13 38 54.730  35.5388886  13.6485360  35.5389313  13.6485575   -0.1496   -0.0772    0.0259 16 10 38.00    10.00 
  2020 11 16.674572  2 22  9.3231 +13 38 54.779  35.5388462  13.6485498  35.5389105  13.6485450   -0.2251    0.0173    0.0282 16 11 23.00    10.00 
  2020 11 16.675613  2 22  9.3251 +13 38 54.606  35.5388544  13.6485016  35.5388690  13.6485200   -0.0509   -0.0663    0.0357 16 12 53.00    10.00 
  2020 11 16.676134  2 22  9.3156 +13 38 54.630  35.5388148  13.6485083  35.5388482  13.6485076   -0.1170    0.0027    0.0280 16 13 38.00    10.00 
  2020 11 16.676655  2 22  9.3067 +13 38 54.474  35.5387778  13.6484650  35.5388275  13.6484951   -0.1740   -0.1081    0.0260 16 14 23.00    10.00 
  2020 11 16.677176  2 22  9.3034 +13 38 54.461  35.5387642  13.6484613  35.5388068  13.6484826   -0.1488   -0.0765    0.0385 16 15  8.00    10.00 
  2020 11 16.677697  2 22  9.2963 +13 38 54.467  35.5387345  13.6484632  35.5387860  13.6484701   -0.1803   -0.0249    0.0415 16 15 53.00    10.00 
  2020 11 16.678738  2 22  9.2870 +13 38 54.443  35.5386957  13.6484563  35.5387446  13.6484451   -0.1711    0.0402    0.0308 16 17 23.00    10.00 
  2020 11 16.679259  2 22  9.2786 +13 38 54.186  35.5386610  13.6483850  35.5387239  13.6484326   -0.2203   -0.1715    0.0409 16 18  8.00    10.00 
  2020 11 16.679780  2 22  9.2792 +13 38 54.219  35.5386634  13.6483943  35.5387033  13.6484201   -0.1396   -0.0929    0.0437 16 18 53.00    10.00 
  2020 11 16.680301  2 22  9.2788 +13 38 54.224  35.5386618  13.6483955  35.5386826  13.6484076   -0.0729   -0.0436    0.0205 16 19 38.00    10.00 
  2020 11 16.680822  2 22  9.2661 +13 38 54.071  35.5386087  13.6483530  35.5386619  13.6483951   -0.1863   -0.1516    0.0351 16 20 23.00    10.00 
  2020 11 16.681331  2 22  9.2654 +13 38 54.103  35.5386057  13.6483620  35.5386418  13.6483829   -0.1262   -0.0753    0.0324 16 21  7.00    10.00 
  2020 11 16.681852  2 22  9.2678 +13 38 54.172  35.5386160  13.6483811  35.5386211  13.6483704   -0.0180    0.0384    0.0252 16 21 52.00    10.00 
  2020 11 16.682373  2 22  9.2529 +13 38 53.950  35.5385536  13.6483196  35.5386005  13.6483579   -0.1642   -0.1380    0.0342 16 22 37.00    10.00 
  2020 11 16.682894  2 22  9.2522 +13 38 54.088  35.5385508  13.6483579  35.5385799  13.6483454   -0.1018    0.0451    0.0193 16 23 22.00    10.00 
  2020 11 16.683414  2 22  9.2463 +13 38 53.928  35.5385262  13.6483134  35.5385593  13.6483329   -0.1158   -0.0699    0.0330 16 24  7.00    10.00 
  2020 11 16.683935  2 22  9.2395 +13 38 53.893  35.5384978  13.6483035  35.5385387  13.6483203   -0.1432   -0.0607    0.0324 16 24 52.00    10.00 
  2020 11 16.684456  2 22  9.2467 +13 38 53.806  35.5385279  13.6482795  35.5385181  13.6483078    0.0342   -0.1021    0.0465 16 25 37.00    10.00 
  2020 11 16.684977  2 22  9.2220 +13 38 53.846  35.5384249  13.6482905  35.5384975  13.6482953   -0.2541   -0.0172    0.0254 16 26 22.00    10.00 
  2020 11 16.685498  2 22  9.2157 +13 38 53.571  35.5383989  13.6482142  35.5384770  13.6482828   -0.2732   -0.2470    0.0272 16 27  7.00    10.00 
  2020 11 16.686019  2 22  9.2206 +13 38 53.751  35.5384190  13.6482642  35.5384564  13.6482703   -0.1310   -0.0219    0.0377 16 27 52.00    10.00 
  2020 11 16.686539  2 22  9.2068 +13 38 53.571  35.5383617  13.6482141  35.5384359  13.6482577   -0.2595   -0.1573    0.0307 16 28 37.00    10.00 
  2020 11 16.687060  2 22  9.2129 +13 38 53.634  35.5383869  13.6482318  35.5384154  13.6482452   -0.0997   -0.0483    0.0245 16 29 22.00    10.00 
  2020 11 16.687581  2 22  9.2081 +13 38 53.571  35.5383671  13.6482142  35.5383949  13.6482327   -0.0972   -0.0666    0.0149 16 30  7.00    10.00 
  2020 11 16.688090  2 22  9.1917 +13 38 53.486  35.5382990  13.6481905  35.5383748  13.6482204   -0.2654   -0.1077    0.0238 16 30 51.00    10.00 
  2020 11 16.688611  2 22  9.1832 +13 38 53.510  35.5382633  13.6481973  35.5383543  13.6482079   -0.3182   -0.0381    0.0359 16 31 36.00    10.00 
  2020 11 16.689132  2 22  9.1944 +13 38 53.406  35.5383099  13.6481684  35.5383338  13.6481954   -0.0838   -0.0969    0.0319 16 32 21.00    10.00 
  2020 11 16.689653  2 22  9.1821 +13 38 53.416  35.5382588  13.6481710  35.5383134  13.6481828   -0.1909   -0.0424    0.0282 16 33  6.00    10.00 
  2020 11 16.690694  2 22  9.1806 +13 38 53.247  35.5382526  13.6481241  35.5382724  13.6481578   -0.0694   -0.1210    0.0246 16 34 36.00    10.00 
  2020 11 16.691215  2 22  9.1756 +13 38 53.222  35.5382318  13.6481173  35.5382520  13.6481452   -0.0708   -0.1006    0.0384 16 35 21.00    10.00 
  2020 11 16.691736  2 22  9.1560 +13 38 53.277  35.5381498  13.6481324  35.5382316  13.6481327   -0.2860   -0.0010    0.0350 16 36  6.00    10.00 
  2020 11 16.692257  2 22  9.1685 +13 38 53.216  35.5382020  13.6481156  35.5382112  13.6481201   -0.0319   -0.0164    0.0366 16 36 51.00    10.00 
  2020 11 16.692778  2 22  9.1626 +13 38 53.138  35.5381776  13.6480940  35.5381908  13.6481076   -0.0460   -0.0491    0.0307 16 37 36.00    10.00 
  2020 11 16.693299  2 22  9.1525 +13 38 53.132  35.5381355  13.6480924  35.5381704  13.6480951   -0.1221   -0.0097    0.0195 16 38 21.00    10.00 
  2020 11 16.693819  2 22  9.1493 +13 38 53.005  35.5381222  13.6480569  35.5381500  13.6480825   -0.0973   -0.0921    0.0161 16 39  6.00    10.00 
  2020 11 16.694329  2 22  9.1400 +13 38 53.006  35.5380833  13.6480573  35.5381301  13.6480702   -0.1637   -0.0465    0.0238 16 39 50.00    10.00 
  2020 11 16.694850  2 22  9.1437 +13 38 52.994  35.5380988  13.6480538  35.5381097  13.6480577   -0.0383   -0.0139    0.0216 16 40 35.00    10.00 
  2020 11 16.695370  2 22  9.1303 +13 38 52.907  35.5380431  13.6480296  35.5380893  13.6480451   -0.1619   -0.0559    0.0208 16 41 20.00    10.00 
  2020 11 16.695891  2 22  9.1240 +13 38 52.934  35.5380167  13.6480372  35.5380690  13.6480326   -0.1831    0.0167    0.0299 16 42  5.00    10.00 
  2020 11 16.696412  2 22  9.1199 +13 38 52.852  35.5379995  13.6480145  35.5380487  13.6480200   -0.1718   -0.0200    0.0240 16 42 50.00    10.00 
  2020 11 16.696933  2 22  9.1162 +13 38 52.766  35.5379842  13.6479906  35.5380283  13.6480075   -0.1543   -0.0607    0.0236 16 43 35.00    10.00 
  2020 11 16.697454  2 22  9.1168 +13 38 52.814  35.5379866  13.6480040  35.5380080  13.6479949   -0.0749    0.0325    0.0296 16 44 20.00    10.00 
  2020 11 16.697975  2 22  9.1089 +13 38 52.751  35.5379538  13.6479864  35.5379877  13.6479824   -0.1189    0.0144    0.0247 16 45  5.00    10.00 
  2020 11 16.698495  2 22  9.1053 +13 38 52.621  35.5379386  13.6479504  35.5379675  13.6479698   -0.1009   -0.0700    0.0319 16 45 50.00    10.00 
  2020 11 16.699016  2 22  9.0832 +13 38 52.700  35.5378467  13.6479724  35.5379472  13.6479573   -0.3515    0.0543    0.0372 16 46 35.00    10.00 
  2020 11 16.699537  2 22  9.1033 +13 38 52.524  35.5379304  13.6479233  35.5379269  13.6479447    0.0122   -0.0772    0.0377 16 47 20.00    10.00 
  2020 11 16.700058  2 22  9.0963 +13 38 52.632  35.5379014  13.6479532  35.5379067  13.6479321   -0.0185    0.0758    0.0796 16 48  5.00    10.00 
  2020 11 16.701620  2 22  9.0616 +13 38 52.472  35.5377568  13.6479088  35.5378460  13.6478945   -0.3120    0.0516    0.0332 16 50 20.00    10.00 
  2020 11 16.702662  2 22  9.0680 +13 38 52.388  35.5377831  13.6478854  35.5378056  13.6478693   -0.0784    0.0579    0.0363 16 51 50.00    10.00 
  2020 11 16.706296  2 22  9.0382 +13 38 52.127  35.5376590  13.6478131  35.5376649  13.6477817   -0.0208    0.1131    0.0305 16 57  4.00    10.00 
  2020 11 16.706817  2 22  9.0218 +13 38 51.989  35.5375909  13.6477748  35.5376448  13.6477691   -0.1885    0.0205    0.0359 16 57 49.00    10.00 
  2020 11 16.707338  2 22  9.0203 +13 38 51.897  35.5375847  13.6477493  35.5376247  13.6477565   -0.1399   -0.0261    0.0277 16 58 34.00    10.00 
  2020 11 16.707859  2 22  9.0180 +13 38 51.894  35.5375752  13.6477483  35.5376046  13.6477439   -0.1030    0.0155    0.0308 16 59 19.00    10.00 
  2020 11 16.708380  2 22  9.0112 +13 38 51.839  35.5375468  13.6477332  35.5375845  13.6477314   -0.1322    0.0065    0.0168 17  0  4.00    10.00 
  2020 11 16.708900  2 22  9.0061 +13 38 51.889  35.5375254  13.6477470  35.5375645  13.6477188   -0.1368    0.1016    0.0211 17  0 49.00    10.00 
  2020 11 16.709421  2 22  9.0004 +13 38 51.777  35.5375016  13.6477158  35.5375444  13.6477062   -0.1498    0.0345    0.0222 17  1 34.00    10.00 
  2020 11 16.709942  2 22  8.9884 +13 38 51.697  35.5374515  13.6476935  35.5375244  13.6476937   -0.2549   -0.0005    0.0290 17  2 19.00    10.00 
  2020 11 16.710463  2 22  8.9955 +13 38 51.623  35.5374814  13.6476729  35.5375043  13.6476811   -0.0803   -0.0294    0.0246 17  3  4.00    10.00 
  2020 11 16.710984  2 22  8.9868 +13 38 51.699  35.5374449  13.6476943  35.5374843  13.6476685   -0.1379    0.0927    0.0173 17  3 49.00    10.00 
  2020 11 16.711505  2 22  8.9804 +13 38 51.627  35.5374183  13.6476740  35.5374643  13.6476559   -0.1610    0.0651    0.0306 17  4 34.00    10.00 
  2020 11 16.712025  2 22  8.9848 +13 38 51.522  35.5374368  13.6476451  35.5374443  13.6476434   -0.0262    0.0063    0.0168 17  5 19.00    10.00 
  2020 11 16.712535  2 22  8.9775 +13 38 51.546  35.5374061  13.6476517  35.5374248  13.6476311   -0.0654    0.0742    0.0278 17  6  3.00    10.00 
  2020 11 16.713056  2 22  8.9696 +13 38 51.522  35.5373734  13.6476451  35.5374048  13.6476185   -0.1099    0.0956    0.0269 17  6 48.00    10.00 
  2020 11 16.713576  2 22  8.9600 +13 38 51.447  35.5373335  13.6476241  35.5373848  13.6476059   -0.1795    0.0653    0.0282 17  7 33.00    10.00 
  2020 11 16.714097  2 22  8.9596 +13 38 51.378  35.5373317  13.6476050  35.5373649  13.6475934   -0.1158    0.0419    0.0265 17  8 18.00    10.00 
  2020 11 16.714618  2 22  8.9473 +13 38 51.343  35.5372804  13.6475954  35.5373449  13.6475808   -0.2258    0.0525    0.0156 17  9  3.00    10.00 
  2020 11 16.715139  2 22  8.9553 +13 38 51.295  35.5373139  13.6475818  35.5373250  13.6475682   -0.0387    0.0490    0.0212 17  9 48.00    10.00 
  2020 11 16.715660  2 22  8.9376 +13 38 51.301  35.5372400  13.6475835  35.5373051  13.6475556   -0.2277    0.1004    0.0331 17 10 33.00    10.00 
  2020 11 16.716181  2 22  8.9376 +13 38 51.218  35.5372400  13.6475606  35.5372851  13.6475431   -0.1579    0.0632    0.0483 17 11 18.00    10.00 
  2020 11 16.716701  2 22  8.9338 +13 38 51.078  35.5372243  13.6475218  35.5372652  13.6475305   -0.1431   -0.0315    0.0324 17 12  3.00    10.00 
  2020 11 16.717222  2 22  8.9309 +13 38 51.192  35.5372120  13.6475533  35.5372453  13.6475179   -0.1168    0.1272    0.0270 17 12 48.00    10.00 
  2020 11 16.717743  2 22  8.9288 +13 38 51.071  35.5372035  13.6475198  35.5372255  13.6475054   -0.0768    0.0520    0.0240 17 13 33.00    10.00 
  2020 11 16.718264  2 22  8.9274 +13 38 51.033  35.5371975  13.6475091  35.5372056  13.6474928   -0.0284    0.0588    0.0327 17 14 18.00    10.00 
  2020 11 16.718785  2 22  8.9189 +13 38 51.006  35.5371620  13.6475017  35.5371857  13.6474802   -0.0829    0.0773    0.0167 17 15  3.00    10.00 
  2020 11 16.719306  2 22  8.9187 +13 38 50.863  35.5371613  13.6474620  35.5371659  13.6474676   -0.0160   -0.0203    0.0243 17 15 48.00    10.00 
  2020 11 16.719815  2 22  8.9061 +13 38 50.879  35.5371088  13.6474664  35.5371465  13.6474553   -0.1320    0.0399    0.0348 17 16 32.00    10.00 
  2020 11 16.720336  2 22  8.9109 +13 38 50.879  35.5371287  13.6474664  35.5371267  13.6474428    0.0071    0.0850    0.0244 17 17 17.00    10.00 
  2020 11 16.720856  2 22  8.8832 +13 38 50.761  35.5370134  13.6474335  35.5371069  13.6474302   -0.3270    0.0118    0.0304 17 18  2.00    10.00 
  2020 11 16.721377  2 22  8.8834 +13 38 50.755  35.5370142  13.6474318  35.5370871  13.6474176   -0.2551    0.0511    0.0345 17 18 47.00    10.00 
  2020 11 16.721898  2 22  8.8831 +13 38 50.717  35.5370130  13.6474214  35.5370673  13.6474051   -0.1899    0.0588    0.0289 17 19 32.00    10.00 
  2020 11 16.722419  2 22  8.8776 +13 38 50.583  35.5369902  13.6473841  35.5370475  13.6473925   -0.2006   -0.0302    0.0475 17 20 17.00    10.00 
  2020 11 16.722940  2 22  8.8656 +13 38 50.680  35.5369399  13.6474112  35.5370277  13.6473799   -0.3072    0.1127    0.0348 17 21  2.00    10.00 
  2020 11 16.723461  2 22  8.8735 +13 38 50.588  35.5369731  13.6473856  35.5370080  13.6473674   -0.1220    0.0658    0.0288 17 21 47.00    10.00 
  2020 11 16.723981  2 22  8.8750 +13 38 50.572  35.5369790  13.6473811  35.5369882  13.6473548   -0.0322    0.0949    0.0258 17 22 32.00    10.00 
  2020 11 16.724502  2 22  8.8631 +13 38 50.532  35.5369296  13.6473699  35.5369685  13.6473422   -0.1361    0.0997    0.0374 17 23 17.00    10.00 
  2020 11 16.725023  2 22  8.8493 +13 38 50.433  35.5368722  13.6473424  35.5369488  13.6473297   -0.2680    0.0459    0.0368 17 24  2.00    10.00 
  2020 11 16.725544  2 22  8.8571 +13 38 50.485  35.5369045  13.6473570  35.5369291  13.6473171   -0.0861    0.1437    0.0432 17 24 47.00    10.00 
  2020 11 16.726065  2 22  8.8399 +13 38 50.399  35.5368330  13.6473331  35.5369094  13.6473045   -0.2672    0.1030    0.0356 17 25 32.00    10.00 
  2020 11 16.726586  2 22  8.8424 +13 38 50.367  35.5368431  13.6473242  35.5368897  13.6472920   -0.1628    0.1160    0.0293 17 26 17.00    10.00 
  2020 11 16.727106  2 22  8.8350 +13 38 50.267  35.5368127  13.6472963  35.5368700  13.6472794   -0.2006    0.0609    0.0319 17 27  2.00    10.00 
  2020 11 16.727627  2 22  8.8292 +13 38 50.211  35.5367884  13.6472807  35.5368503  13.6472668   -0.2168    0.0500    0.0360 17 27 47.00    10.00 
  2020 11 16.728148  2 22  8.8271 +13 38 50.286  35.5367795  13.6473017  35.5368307  13.6472543   -0.1791    0.1707    0.0424 17 28 32.00    10.00 
  2020 11 16.728657  2 22  8.8317 +13 38 50.081  35.5367987  13.6472448  35.5368115  13.6472420   -0.0446    0.0101    0.0362 17 29 16.00    10.00 
  2020 11 16.729178  2 22  8.8178 +13 38 50.110  35.5367410  13.6472529  35.5367918  13.6472294   -0.1778    0.0844    0.0222 17 30  1.00    10.00 
  2020 11 16.729699  2 22  8.8015 +13 38 50.205  35.5366728  13.6472793  35.5367722  13.6472169   -0.3479    0.2247    0.0382 17 30 46.00    10.00 
  2020 11 16.730220  2 22  8.8163 +13 38 50.219  35.5367347  13.6472830  35.5367526  13.6472043   -0.0627    0.2831    0.0317 17 31 31.00    10.00 
  2020 11 16.730741  2 22  8.7900 +13 38 50.081  35.5366251  13.6472446  35.5367330  13.6471918   -0.3776    0.1902    0.0338 17 32 16.00    10.00 
  2020 11 16.731262  2 22  8.8054 +13 38 49.970  35.5366892  13.6472138  35.5367134  13.6471792   -0.0847    0.1245    0.0342 17 33  1.00    10.00 
  2020 11 16.731782  2 22  8.7884 +13 38 49.933  35.5366182  13.6472035  35.5366938  13.6471666   -0.2646    0.1326    0.0364 17 33 46.00    10.00 
  2020 11 16.732303  2 22  8.7843 +13 38 49.847  35.5366010  13.6471798  35.5366743  13.6471541   -0.2561    0.0925    0.0335 17 34 31.00    10.00 
  2020 11 16.732824  2 22  8.7932 +13 38 49.834  35.5366383  13.6471760  35.5366547  13.6471415   -0.0572    0.1241    0.0391 17 35 16.00    10.00 
  2020 11 16.733345  2 22  8.7837 +13 38 49.759  35.5365989  13.6471554  35.5366352  13.6471290   -0.1269    0.0951    0.0306 17 36  1.00    10.00 
  2020 11 16.733866  2 22  8.7677 +13 38 49.684  35.5365322  13.6471344  35.5366156  13.6471164   -0.2917    0.0646    0.0633 17 36 46.00    10.00 
  2020 11 16.734387  2 22  8.7720 +13 38 49.674  35.5365502  13.6471317  35.5365961  13.6471039   -0.1606    0.1000    0.0260 17 37 31.00    10.00 
  2020 11 16.734907  2 22  8.7614 +13 38 49.652  35.5365058  13.6471257  35.5365766  13.6470913   -0.2478    0.1236    0.0347 17 38 16.00    10.00 
  2020 11 16.735428  2 22  8.7597 +13 38 49.831  35.5364987  13.6471754  35.5365571  13.6470788   -0.2041    0.3478    0.0309 17 39  1.00    10.00 
  2020 11 16.735937  2 22  8.7563 +13 38 49.510  35.5364845  13.6470861  35.5365380  13.6470665   -0.1874    0.0705    0.0279 17 39 45.00    10.00 
  2020 11 16.736458  2 22  8.7410 +13 38 49.520  35.5364207  13.6470890  35.5365186  13.6470540   -0.3425    0.1260    0.0464 17 40 30.00    10.00 
  2020 11 16.736979  2 22  8.7376 +13 38 49.514  35.5364068  13.6470871  35.5364991  13.6470414   -0.3228    0.1645    0.0461 17 41 15.00    10.00 
  2020 11 16.737500  2 22  8.7312 +13 38 49.611  35.5363799  13.6471143  35.5364796  13.6470289   -0.3490    0.3074    0.0324 17 42  0.00    10.00 
  2020 11 16.738021  2 22  8.7461 +13 38 49.459  35.5364422  13.6470720  35.5364602  13.6470163   -0.0628    0.2004    0.0405 17 42 45.00    10.00 
  2020 11 16.738542  2 22  8.7345 +13 38 49.426  35.5363937  13.6470627  35.5364408  13.6470038   -0.1645    0.2121    0.0440 17 43 30.00    10.00 
  2020 11 16.739062  2 22  8.7249 +13 38 49.219  35.5363536  13.6470052  35.5364213  13.6469913   -0.2371    0.0501    0.0409 17 44 15.00    10.00 
  2020 11 16.739583  2 22  8.7310 +13 38 49.342  35.5363792  13.6470394  35.5364019  13.6469787   -0.0794    0.2185    0.0429 17 45  0.00    10.00 
  2020 11 16.740625  2 22  8.6983 +13 38 49.168  35.5362429  13.6469912  35.5363631  13.6469537   -0.4207    0.1353    0.0691 17 46 30.00    10.00 
  2020 11 16.741146  2 22  8.7104 +13 38 49.100  35.5362932  13.6469721  35.5363438  13.6469411   -0.1770    0.1115    0.0418 17 47 15.00    10.00 
  2020 11 16.741667  2 22  8.7060 +13 38 49.187  35.5362751  13.6469964  35.5363244  13.6469286   -0.1723    0.2442    0.0306 17 48  0.00    10.00 
  2020 11 16.742188  2 22  8.7108 +13 38 49.050  35.5362950  13.6469583  35.5363050  13.6469161   -0.0350    0.1520    0.0455 17 48 45.00    10.00 
  2020 11 16.742708  2 22  8.6966 +13 38 49.056  35.5362360  13.6469600  35.5362857  13.6469035   -0.1738    0.2032    0.0334 17 49 30.00    10.00 
  2020 11 16.743229  2 22  8.7008 +13 38 48.982  35.5362534  13.6469396  35.5362664  13.6468910   -0.0454    0.1748    0.0308 17 50 15.00    10.00 
  2020 11 16.743750  2 22  8.6838 +13 38 49.029  35.5361824  13.6469524  35.5362470  13.6468785   -0.2260    0.2661    0.0307 17 51  0.00    10.00 
  2020 11 16.744271  2 22  8.6818 +13 38 48.767  35.5361740  13.6468797  35.5362277  13.6468660   -0.1879    0.0494    0.0376 17 51 45.00    10.00 
  2020 11 16.744792  2 22  8.6994 +13 38 48.766  35.5362475  13.6468794  35.5362084  13.6468535    0.1369    0.0936    0.0234 17 52 30.00    10.00 
  2020 11 16.745313  2 22  8.6671 +13 38 48.811  35.5361129  13.6468921  35.5361891  13.6468409   -0.2668    0.1840    0.0361 17 53 15.00    10.00 
  2020 11 16.745822  2 22  8.6578 +13 38 48.579  35.5360743  13.6468275  35.5361703  13.6468287   -0.3359   -0.0044    0.0548 17 53 59.00    10.00 
  2020 11 16.746343  2 22  8.6613 +13 38 48.695  35.5360886  13.6468597  35.5361510  13.6468162   -0.2185    0.1565    0.0220 17 54 44.00    10.00 
  2020 11 16.746863  2 22  8.6597 +13 38 48.711  35.5360823  13.6468643  35.5361318  13.6468037   -0.1731    0.2182    0.0385 17 55 29.00    10.00 
  2020 11 16.747940  2 22  8.6541 +13 38 48.537  35.5360589  13.6468159  35.5360920  13.6467778   -0.1159    0.1369    0.0272 17 57  2.00    10.00 
  2020 11 16.748461  2 22  8.6525 +13 38 48.418  35.5360522  13.6467827  35.5360728  13.6467653   -0.0720    0.0626    0.0372 17 57 47.00    10.00 
  2020 11 16.748981  2 22  8.6430 +13 38 48.535  35.5360127  13.6468153  35.5360536  13.6467528   -0.1430    0.2251    0.0484 17 58 32.00    10.00 
  2020 11 16.749491  2 22  8.6427 +13 38 48.461  35.5360112  13.6467948  35.5360348  13.6467406   -0.0824    0.1949    0.0298 17 59 16.00    10.00 
  2020 11 16.750012  2 22  8.6392 +13 38 48.560  35.5359968  13.6468222  35.5360156  13.6467281   -0.0659    0.3386    0.0437 18  0  1.00    10.00 
  2020 11 16.750532  2 22  8.6277 +13 38 48.342  35.5359487  13.6467616  35.5359964  13.6467156   -0.1668    0.1657    0.0329 18  0 46.00    10.00 
  2020 11 16.751053  2 22  8.6272 +13 38 48.355  35.5359467  13.6467654  35.5359773  13.6467031   -0.1071    0.2242    0.0415 18  1 31.00    10.00 
  2020 11 16.751574  2 22  8.6233 +13 38 48.194  35.5359305  13.6467206  35.5359581  13.6466906   -0.0965    0.1081    0.0290 18  2 16.00    10.00 
  2020 11 16.752095  2 22  8.6249 +13 38 48.183  35.5359372  13.6467175  35.5359390  13.6466781   -0.0063    0.1417    0.0261 18  3  1.00    10.00 
  2020 11 16.752616  2 22  8.6141 +13 38 48.167  35.5358921  13.6467131  35.5359198  13.6466656   -0.0972    0.1709    0.0364 18  3 46.00    10.00 
  2020 11 16.753137  2 22  8.6105 +13 38 48.084  35.5358771  13.6466899  35.5359007  13.6466532   -0.0826    0.1322    0.0377 18  4 31.00    10.00 
  2020 11 16.753657  2 22  8.6074 +13 38 48.091  35.5358641  13.6466918  35.5358816  13.6466407   -0.0613    0.1841    0.0244 18  5 16.00    10.00 
  2020 11 16.754178  2 22  8.5996 +13 38 48.032  35.5358317  13.6466755  35.5358625  13.6466282   -0.1078    0.1704    0.0390 18  6  1.00    10.00 
  2020 11 16.754699  2 22  8.5854 +13 38 47.979  35.5357724  13.6466609  35.5358434  13.6466157   -0.2483    0.1627    0.0271 18  6 46.00    10.00 
  2020 11 16.755220  2 22  8.5917 +13 38 47.916  35.5357986  13.6466434  35.5358243  13.6466032   -0.0901    0.1447    0.0363 18  7 31.00    10.00 
  2020 11 16.755741  2 22  8.5784 +13 38 47.954  35.5357431  13.6466539  35.5358053  13.6465908   -0.2174    0.2271    0.0285 18  8 16.00    10.00 
  2020 11 16.756262  2 22  8.5775 +13 38 47.819  35.5357394  13.6466164  35.5357862  13.6465783   -0.1638    0.1371    0.0246 18  9  1.00    10.00 
  2020 11 16.756771  2 22  8.5815 +13 38 47.760  35.5357563  13.6466000  35.5357676  13.6465661   -0.0395    0.1218    0.0439 18  9 45.00    10.00 
  2020 11 17.614236  2 22  1.5800 +13 38 18.771  35.5065834  13.6385474  35.5065525  13.6385812    0.1083   -0.1216    0.0265 14 44 30.00    10.00 
  2020 11 17.614757  2 22  1.5660 +13 38 18.868  35.5065249  13.6385745  35.5065288  13.6385787   -0.0137   -0.0152    0.0221 14 45 15.00    10.00 
  2020 11 17.615278  2 22  1.5615 +13 38 18.816  35.5065062  13.6385599  35.5065052  13.6385762    0.0037   -0.0588    0.0276 14 46  0.00    10.00 
  2020 11 17.615799  2 22  1.5562 +13 38 18.797  35.5064840  13.6385547  35.5064815  13.6385737    0.0087   -0.0687    0.0343 14 46 45.00    10.00 
  2020 11 17.616319  2 22  1.5492 +13 38 18.807  35.5064550  13.6385575  35.5064579  13.6385712   -0.0101   -0.0493    0.0198 14 47 30.00    10.00 
  2020 11 17.616840  2 22  1.5455 +13 38 18.750  35.5064395  13.6385416  35.5064342  13.6385687    0.0185   -0.0976    0.0192 14 48 15.00    10.00 
  2020 11 17.617361  2 22  1.5397 +13 38 18.836  35.5064156  13.6385655  35.5064105  13.6385662    0.0177   -0.0025    0.0300 14 49  0.00    10.00 
  2020 11 17.617882  2 22  1.5341 +13 38 18.733  35.5063921  13.6385369  35.5063868  13.6385637    0.0185   -0.0962    0.0430 14 49 45.00    10.00 
  2020 11 17.618403  2 22  1.5340 +13 38 18.759  35.5063918  13.6385441  35.5063632  13.6385611    0.1003   -0.0611    0.0632 14 50 30.00    10.00 
  2020 11 17.619444  2 22  1.5111 +13 38 18.792  35.5062964  13.6385533  35.5063158  13.6385560   -0.0679   -0.0097    0.0745 14 52  0.00    10.00 
  2020 11 17.619965  2 22  1.5125 +13 38 18.911  35.5063021  13.6385865  35.5062921  13.6385534    0.0352    0.1191    0.0433 14 52 45.00    10.00 
  2020 11 17.620486  2 22  1.5110 +13 38 18.696  35.5062959  13.6385268  35.5062683  13.6385508    0.0965   -0.0865    0.0371 14 53 30.00    10.00 
  2020 11 17.621007  2 22  1.5028 +13 38 18.718  35.5062618  13.6385329  35.5062446  13.6385482    0.0599   -0.0552    0.0240 14 54 15.00    10.00 
  2020 11 17.621528  2 22  1.4932 +13 38 18.797  35.5062215  13.6385548  35.5062209  13.6385456    0.0020    0.0332    0.0272 14 55  0.00    10.00 
  2020 11 17.622049  2 22  1.4894 +13 38 18.703  35.5062058  13.6385287  35.5061972  13.6385429    0.0301   -0.0511    0.0284 14 55 45.00    10.00 
  2020 11 17.622558  2 22  1.4828 +13 38 18.707  35.5061781  13.6385297  35.5061740  13.6385404    0.0146   -0.0383    0.0422 14 56 29.00    10.00 
  2020 11 17.624120  2 22  1.4644 +13 38 18.652  35.5061015  13.6385144  35.5061027  13.6385324   -0.0043   -0.0646    0.0390 14 58 44.00    10.00 
  2020 11 17.624641  2 22  1.4675 +13 38 18.624  35.5061147  13.6385068  35.5060789  13.6385297    0.1250   -0.0825    0.0349 14 59 29.00    10.00 
  2020 11 17.625162  2 22  1.4524 +13 38 18.654  35.5060518  13.6385151  35.5060552  13.6385270   -0.0117   -0.0428    0.0268 15  0 14.00    10.00 
  2020 11 17.626725  2 22  1.4359 +13 38 18.656  35.5059831  13.6385156  35.5059838  13.6385188   -0.0025   -0.0118    0.0666 15  2 29.00    10.00 
  2020 11 17.627245  2 22  1.4316 +13 38 18.602  35.5059652  13.6385006  35.5059600  13.6385161    0.0180   -0.0558    0.0331 15  3 14.00    10.00 
  2020 11 17.627766  2 22  1.4166 +13 38 18.591  35.5059027  13.6384976  35.5059362  13.6385133   -0.1175   -0.0567    0.0239 15  3 59.00    10.00 
  2020 11 17.628287  2 22  1.4212 +13 38 18.524  35.5059216  13.6384789  35.5059124  13.6385105    0.0320   -0.1141    0.0218 15  4 44.00    10.00 
  2020 11 17.629850  2 22  1.4101 +13 38 18.599  35.5058755  13.6384996  35.5058410  13.6385022    0.1207   -0.0091    0.0264 15  6 59.00    10.00 
  2020 11 17.630370  2 22  1.4012 +13 38 18.583  35.5058383  13.6384953  35.5058171  13.6384994    0.0741   -0.0145    0.0349 15  7 44.00    10.00 
  2020 11 17.630891  2 22  1.3899 +13 38 18.592  35.5057913  13.6384978  35.5057933  13.6384965   -0.0071    0.0045    0.0341 15  8 29.00    10.00 
  2020 11 17.631400  2 22  1.3900 +13 38 18.539  35.5057916  13.6384830  35.5057700  13.6384938    0.0756   -0.0387    0.0318 15  9 13.00    10.00 
  2020 11 17.631921  2 22  1.3830 +13 38 18.544  35.5057623  13.6384843  35.5057461  13.6384909    0.0565   -0.0237    0.0471 15  9 58.00    10.00 
  2020 11 17.632442  2 22  1.3704 +13 38 18.433  35.5057100  13.6384537  35.5057223  13.6384880   -0.0428   -0.1235    0.0283 15 10 43.00    10.00 
  2020 11 17.632963  2 22  1.3657 +13 38 18.610  35.5056905  13.6385029  35.5056984  13.6384852   -0.0276    0.0638    0.0259 15 11 28.00    10.00 
  2020 11 17.633484  2 22  1.3631 +13 38 18.426  35.5056795  13.6384518  35.5056745  13.6384823    0.0175   -0.1098    0.0465 15 12 13.00    10.00 
  2020 11 17.634005  2 22  1.3536 +13 38 18.561  35.5056402  13.6384893  35.5056507  13.6384794   -0.0368    0.0355    0.0265 15 12 58.00    10.00 
  2020 11 17.634525  2 22  1.3549 +13 38 18.415  35.5056453  13.6384485  35.5056268  13.6384765    0.0647   -0.1008    0.0584 15 13 43.00    10.00 
  2020 11 17.635046  2 22  1.3467 +13 38 18.437  35.5056114  13.6384547  35.5056029  13.6384736    0.0298   -0.0678    0.0284 15 14 28.00    10.00 
  2020 11 17.637130  2 22  1.3143 +13 38 18.338  35.5054761  13.6384272  35.5055073  13.6384618   -0.1091   -0.1242    0.0992 15 17 28.00    10.00 
  2020 11 17.638171  2 22  1.3093 +13 38 18.418  35.5054553  13.6384496  35.5054595  13.6384558   -0.0145   -0.0223    0.0517 15 18 58.00    10.00 
  2020 11 17.638692  2 22  1.3062 +13 38 18.472  35.5054427  13.6384646  35.5054356  13.6384528    0.0250    0.0424    0.0597 15 19 43.00    10.00 
  2020 11 17.640255  2 22  1.3007 +13 38 18.416  35.5054194  13.6384489  35.5053638  13.6384437    0.1947    0.0187    0.1012 15 21 58.00    10.00 
  2020 11 17.640775  2 22  1.2807 +13 38 18.359  35.5053362  13.6384330  35.5053398  13.6384406   -0.0127   -0.0274    0.0428 15 22 43.00    10.00 
  2020 11 17.641806  2 22  1.2626 +13 38 18.373  35.5052609  13.6384368  35.5052924  13.6384346   -0.1104    0.0082    0.0484 15 24 12.00    10.00 
  2020 11 17.642326  2 22  1.2738 +13 38 18.264  35.5053077  13.6384068  35.5052685  13.6384315    0.1371   -0.0889    0.0345 15 24 57.00    10.00 
  2020 11 17.642847  2 22  1.2695 +13 38 18.424  35.5052895  13.6384510  35.5052445  13.6384284    0.1573    0.0816    0.0296 15 25 42.00    10.00 
  2020 11 17.643368  2 22  1.2562 +13 38 18.327  35.5052340  13.6384243  35.5052205  13.6384252    0.0472   -0.0035    0.0304 15 26 27.00    10.00 
  2020 11 17.643889  2 22  1.2604 +13 38 18.168  35.5052516  13.6383801  35.5051965  13.6384221    0.1925   -0.1513    0.0395 15 27 12.00    10.00 
  2020 11 17.644410  2 22  1.2372 +13 38 18.197  35.5051550  13.6383881  35.5051726  13.6384190   -0.0613   -0.1112    0.0326 15 27 57.00    10.00 
  2020 11 17.644931  2 22  1.2443 +13 38 18.156  35.5051844  13.6383765  35.5051486  13.6384158    0.1254   -0.1414    0.0461 15 28 42.00    10.00 
  2020 11 17.645451  2 22  1.2341 +13 38 18.223  35.5051422  13.6383954  35.5051246  13.6384127    0.0617   -0.0621    0.0244 15 29 27.00    10.00 
  2020 11 17.645972  2 22  1.2247 +13 38 18.178  35.5051028  13.6383828  35.5051006  13.6384095    0.0078   -0.0962    0.0159 15 30 12.00    10.00 
  2020 11 17.646493  2 22  1.2221 +13 38 18.270  35.5050920  13.6384082  35.5050766  13.6384063    0.0539    0.0069    0.0266 15 30 57.00    10.00 
  2020 11 17.647014  2 22  1.2268 +13 38 18.159  35.5051116  13.6383774  35.5050526  13.6384031    0.2066   -0.0924    0.0399 15 31 42.00    10.00 
  2020 11 17.648576  2 22  1.1964 +13 38 18.148  35.5049851  13.6383744  35.5049805  13.6383934    0.0161   -0.0686    0.0458 15 33 57.00    10.00 
  2020 11 17.649097  2 22  1.1897 +13 38 18.050  35.5049572  13.6383471  35.5049565  13.6383902    0.0026   -0.1551    0.0779 15 34 42.00    10.00 
  2020 11 17.649618  2 22  1.1894 +13 38 18.090  35.5049560  13.6383583  35.5049324  13.6383869    0.0823   -0.1029    0.0853 15 35 27.00    10.00 
  2020 11 17.650139  2 22  1.1750 +13 38 18.276  35.5048960  13.6384101  35.5049084  13.6383836   -0.0432    0.0952    0.0638 15 36 12.00    10.00 
  2020 11 17.650660  2 22  1.1821 +13 38 18.215  35.5049254  13.6383931  35.5048843  13.6383803    0.1435    0.0459    0.0260 15 36 57.00    10.00 
  2020 11 17.651181  2 22  1.1622 +13 38 18.093  35.5048424  13.6383591  35.5048603  13.6383770   -0.0626   -0.0647    0.0356 15 37 42.00    10.00 
  2020 11 17.651701  2 22  1.1644 +13 38 18.172  35.5048518  13.6383811  35.5048362  13.6383737    0.0544    0.0266    0.0334 15 38 27.00    10.00 
  2020 11 17.652222  2 22  1.1524 +13 38 18.126  35.5048017  13.6383684  35.5048122  13.6383704   -0.0366   -0.0073    0.0344 15 39 12.00    10.00 
  2020 11 17.652743  2 22  1.1518 +13 38 18.180  35.5047993  13.6383832  35.5047881  13.6383671    0.0392    0.0581    0.0335 15 39 57.00    10.00 
  2020 11 17.653252  2 22  1.1456 +13 38 18.074  35.5047733  13.6383538  35.5047646  13.6383638    0.0306   -0.0359    0.0282 15 40 41.00    10.00 
  2020 11 17.653773  2 22  1.1391 +13 38 18.058  35.5047462  13.6383495  35.5047405  13.6383604    0.0200   -0.0393    0.0289 15 41 26.00    10.00 
  2020 11 17.654294  2 22  1.1397 +13 38 17.981  35.5047486  13.6383280  35.5047164  13.6383571    0.1128   -0.1045    0.0536 15 42 11.00    10.00 
  2020 11 17.655336  2 22  1.1254 +13 38 18.125  35.5046890  13.6383681  35.5046682  13.6383503    0.0727    0.0642    0.0437 15 43 41.00    10.00 
  2020 11 17.655856  2 22  1.1202 +13 38 18.088  35.5046674  13.6383579  35.5046441  13.6383469    0.0814    0.0398    0.0356 15 44 26.00    10.00 
  2020 11 17.656377  2 22  1.1074 +13 38 18.036  35.5046140  13.6383434  35.5046200  13.6383434   -0.0212   -0.0002    0.0178 15 45 11.00    10.00 
  2020 11 17.656898  2 22  1.1058 +13 38 17.968  35.5046076  13.6383244  35.5045959  13.6383400    0.0408   -0.0562    0.0237 15 45 56.00    10.00 
  2020 11 17.657419  2 22  1.0990 +13 38 18.037  35.5045793  13.6383436  35.5045718  13.6383365    0.0262    0.0254    0.0183 15 46 41.00    10.00 
  2020 11 17.657940  2 22  1.0971 +13 38 17.972  35.5045713  13.6383255  35.5045477  13.6383331    0.0825   -0.0273    0.0556 15 47 26.00    10.00 
  2020 11 17.658461  2 22  1.0897 +13 38 17.938  35.5045405  13.6383162  35.5045236  13.6383296    0.0591   -0.0481    0.0298 15 48 11.00    10.00 
  2020 11 17.658981  2 22  1.0841 +13 38 17.937  35.5045171  13.6383157  35.5044994  13.6383261    0.0618   -0.0375    0.0338 15 48 56.00    10.00 
  2020 11 17.659502  2 22  1.0755 +13 38 17.882  35.5044813  13.6383006  35.5044753  13.6383226    0.0209   -0.0793    0.0233 15 49 41.00    10.00 
  2020 11 17.660023  2 22  1.0696 +13 38 17.906  35.5044566  13.6383073  35.5044512  13.6383191    0.0191   -0.0424    0.0262 15 50 26.00    10.00 
  2020 11 17.660544  2 22  1.0679 +13 38 17.976  35.5044494  13.6383268  35.5044270  13.6383156    0.0783    0.0403    0.0259 15 51 11.00    10.00 
  2020 11 17.661065  2 22  1.0665 +13 38 17.947  35.5044437  13.6383185  35.5044029  13.6383120    0.1428    0.0232    0.0298 15 51 56.00    10.00 
  2020 11 17.661586  2 22  1.0527 +13 38 17.795  35.5043863  13.6382765  35.5043788  13.6383085    0.0265   -0.1151    0.0321 15 52 41.00    10.00 
  2020 11 17.662106  2 22  1.0474 +13 38 17.845  35.5043641  13.6382903  35.5043546  13.6383049    0.0332   -0.0528    0.0234 15 53 26.00    10.00 
  2020 11 17.662627  2 22  1.0458 +13 38 17.885  35.5043576  13.6383015  35.5043304  13.6383013    0.0950    0.0005    0.0347 15 54 11.00    10.00 
  2020 11 17.663148  2 22  1.0388 +13 38 17.871  35.5043284  13.6382976  35.5043063  13.6382977    0.0772   -0.0005    0.0204 15 54 56.00    10.00 
  2020 11 17.663657  2 22  1.0313 +13 38 17.859  35.5042972  13.6382940  35.5042827  13.6382942    0.0509   -0.0006    0.0205 15 55 40.00    10.00 
  2020 11 17.664178  2 22  1.0275 +13 38 17.852  35.5042815  13.6382921  35.5042585  13.6382906    0.0803    0.0054    0.0249 15 56 25.00    10.00 
  2020 11 17.664699  2 22  1.0195 +13 38 17.880  35.5042481  13.6382999  35.5042343  13.6382870    0.0481    0.0465    0.0240 15 57 10.00    10.00 
  2020 11 17.665220  2 22  1.0118 +13 38 17.774  35.5042159  13.6382706  35.5042101  13.6382833    0.0203   -0.0458    0.0219 15 57 55.00    10.00 
  2020 11 17.665741  2 22  1.0074 +13 38 17.794  35.5041974  13.6382761  35.5041860  13.6382797    0.0399   -0.0130    0.0226 15 58 40.00    10.00 
  2020 11 17.666262  2 22  0.9946 +13 38 17.857  35.5041443  13.6382935  35.5041618  13.6382760   -0.0611    0.0629    0.0278 15 59 25.00    10.00 
  2020 11 17.666782  2 22  0.9949 +13 38 17.804  35.5041455  13.6382789  35.5041376  13.6382723    0.0276    0.0237    0.0215 16  0 10.00    10.00 
  2020 11 17.667303  2 22  0.9947 +13 38 17.792  35.5041445  13.6382755  35.5041134  13.6382686    0.1089    0.0247    0.0263 16  0 55.00    10.00 
  2020 11 17.667824  2 22  0.9855 +13 38 17.725  35.5041062  13.6382570  35.5040892  13.6382649    0.0597   -0.0287    0.0248 16  1 40.00    10.00 
  2020 11 17.668345  2 22  0.9778 +13 38 17.693  35.5040742  13.6382479  35.5040650  13.6382612    0.0322   -0.0478    0.0214 16  2 25.00    10.00 
  2020 11 17.668866  2 22  0.9785 +13 38 17.723  35.5040770  13.6382563  35.5040408  13.6382575    0.1266   -0.0044    0.0260 16  3 10.00    10.00 
  2020 11 17.669387  2 22  0.9689 +13 38 17.755  35.5040369  13.6382654  35.5040166  13.6382537    0.0711    0.0419    0.0209 16  3 55.00    10.00 
  2020 11 17.669907  2 22  0.9637 +13 38 17.680  35.5040152  13.6382443  35.5039924  13.6382500    0.0800   -0.0203    0.0243 16  4 40.00    10.00 
  2020 11 17.670428  2 22  0.9488 +13 38 17.660  35.5039532  13.6382388  35.5039681  13.6382462   -0.0521   -0.0267    0.0368 16  5 25.00    10.00 
  2020 11 17.670949  2 22  0.9537 +13 38 17.696  35.5039737  13.6382489  35.5039439  13.6382424    0.1042    0.0234    0.0303 16  6 10.00    10.00 
  2020 11 17.671470  2 22  0.9463 +13 38 17.696  35.5039428  13.6382488  35.5039197  13.6382386    0.0809    0.0368    0.0322 16  6 55.00    10.00 
  2020 11 17.671991  2 22  0.9417 +13 38 17.646  35.5039237  13.6382350  35.5038954  13.6382348    0.0989    0.0007    0.0238 16  7 40.00    10.00 
  2020 11 17.672512  2 22  0.9279 +13 38 17.595  35.5038661  13.6382209  35.5038712  13.6382310   -0.0179   -0.0363    0.0276 16  8 25.00    10.00 
  2020 11 17.673032  2 22  0.9218 +13 38 17.550  35.5038407  13.6382083  35.5038470  13.6382271   -0.0220   -0.0677    0.0244 16  9 10.00    10.00 
  2020 11 17.673553  2 22  0.9227 +13 38 17.616  35.5038445  13.6382266  35.5038227  13.6382233    0.0763    0.0120    0.0193 16  9 55.00    10.00 
  2020 11 17.674074  2 22  0.9130 +13 38 17.614  35.5038041  13.6382260  35.5037985  13.6382194    0.0196    0.0239    0.0234 16 10 40.00    10.00 
  2020 11 17.674583  2 22  0.9114 +13 38 17.630  35.5037976  13.6382307  35.5037748  13.6382156    0.0799    0.0541    0.0221 16 11 24.00    10.00 
  2020 11 17.675104  2 22  0.9016 +13 38 17.493  35.5037569  13.6381924  35.5037505  13.6382117    0.0222   -0.0696    0.0124 16 12  9.00    10.00 
  2020 11 17.675625  2 22  0.8942 +13 38 17.541  35.5037257  13.6382058  35.5037263  13.6382078   -0.0020   -0.0072    0.0204 16 12 54.00    10.00 
  2020 11 17.676146  2 22  0.8924 +13 38 17.499  35.5037183  13.6381942  35.5037020  13.6382039    0.0570   -0.0350    0.0264 16 13 39.00    10.00 
  2020 11 17.676667  2 22  0.8863 +13 38 17.502  35.5036929  13.6381950  35.5036777  13.6382000    0.0531   -0.0180    0.0254 16 14 24.00    10.00 
  2020 11 17.677187  2 22  0.8802 +13 38 17.476  35.5036677  13.6381879  35.5036535  13.6381960    0.0496   -0.0293    0.0248 16 15  9.00    10.00 
  2020 11 17.677697  2 22  0.8697 +13 38 17.455  35.5036239  13.6381820  35.5036297  13.6381922   -0.0202   -0.0368    0.0258 16 15 53.00    10.00 
  2020 11 17.678206  2 22  0.8657 +13 38 17.473  35.5036072  13.6381868  35.5036060  13.6381883    0.0042   -0.0053    0.0320 16 16 37.00    10.00 
  2020 11 17.678727  2 22  0.8609 +13 38 17.467  35.5035873  13.6381851  35.5035817  13.6381843    0.0194    0.0030    0.0302 16 17 22.00    10.00 
  2020 11 17.679248  2 22  0.8555 +13 38 17.452  35.5035647  13.6381811  35.5035574  13.6381803    0.0254    0.0028    0.0297 16 18  7.00    10.00 
  2020 11 17.679769  2 22  0.8486 +13 38 17.460  35.5035359  13.6381835  35.5035331  13.6381763    0.0096    0.0257    0.0166 16 18 52.00    10.00 
  2020 11 17.680289  2 22  0.8433 +13 38 17.302  35.5035137  13.6381393  35.5035088  13.6381723    0.0171   -0.1187    0.0187 16 19 37.00    10.00 
  2020 11 17.680810  2 22  0.8380 +13 38 17.326  35.5034918  13.6381462  35.5034845  13.6381683    0.0254   -0.0794    0.0287 16 20 22.00    10.00 
  2020 11 17.681331  2 22  0.8294 +13 38 17.357  35.5034557  13.6381548  35.5034602  13.6381642   -0.0160   -0.0337    0.0226 16 21  7.00    10.00 
  2020 11 17.681852  2 22  0.8226 +13 38 17.302  35.5034274  13.6381396  35.5034359  13.6381601   -0.0298   -0.0741    0.0246 16 21 52.00    10.00 
  2020 11 17.682373  2 22  0.8205 +13 38 17.322  35.5034188  13.6381451  35.5034116  13.6381561    0.0250   -0.0395    0.0207 16 22 37.00    10.00 
  2020 11 17.682894  2 22  0.8088 +13 38 17.363  35.5033700  13.6381565  35.5033873  13.6381520   -0.0606    0.0161    0.0335 16 23 22.00    10.00 
  2020 11 17.683414  2 22  0.8098 +13 38 17.271  35.5033741  13.6381308  35.5033630  13.6381479    0.0387   -0.0617    0.0322 16 24  7.00    10.00 
  2020 11 17.683935  2 22  0.8061 +13 38 17.316  35.5033588  13.6381433  35.5033387  13.6381438    0.0704   -0.0017    0.0366 16 24 52.00    10.00 
  2020 11 17.684456  2 22  0.7936 +13 38 17.276  35.5033066  13.6381322  35.5033144  13.6381396   -0.0273   -0.0268    0.0249 16 25 37.00    10.00 
  2020 11 17.684977  2 22  0.7847 +13 38 17.239  35.5032694  13.6381220  35.5032901  13.6381355   -0.0722   -0.0488    0.0145 16 26 22.00    10.00 
  2020 11 17.685498  2 22  0.7882 +13 38 17.321  35.5032842  13.6381447  35.5032657  13.6381313    0.0648    0.0480    0.0278 16 27  7.00    10.00 
  2020 11 17.686019  2 22  0.7780 +13 38 17.235  35.5032418  13.6381208  35.5032414  13.6381272    0.0013   -0.0230    0.0253 16 27 52.00    10.00 
  2020 11 17.686539  2 22  0.7688 +13 38 17.215  35.5032034  13.6381152  35.5032171  13.6381230   -0.0477   -0.0281    0.0267 16 28 37.00    10.00 
  2020 11 17.687060  2 22  0.7704 +13 38 17.223  35.5032099  13.6381175  35.5031927  13.6381188    0.0602   -0.0046    0.0322 16 29 22.00    10.00 
  2020 11 17.687581  2 22  0.7632 +13 38 17.212  35.5031799  13.6381144  35.5031684  13.6381146    0.0403   -0.0006    0.0342 16 30  7.00    10.00 
  2020 11 17.688102  2 22  0.7543 +13 38 17.181  35.5031429  13.6381057  35.5031441  13.6381104   -0.0042   -0.0168    0.0254 16 30 52.00    10.00 
  2020 11 17.688611  2 22  0.7486 +13 38 17.148  35.5031190  13.6380967  35.5031203  13.6381062   -0.0045   -0.0345    0.0240 16 31 36.00    10.00 
  2020 11 17.689132  2 22  0.7420 +13 38 17.165  35.5030917  13.6381013  35.5030959  13.6381020   -0.0149   -0.0025    0.0430 16 32 21.00    10.00 
  2020 11 17.689653  2 22  0.7383 +13 38 17.134  35.5030763  13.6380927  35.5030716  13.6380977    0.0164   -0.0180    0.0317 16 33  6.00    10.00 
  2020 11 17.690174  2 22  0.7337 +13 38 17.108  35.5030572  13.6380855  35.5030472  13.6380934    0.0349   -0.0286    0.0410 16 33 51.00    10.00 
  2020 11 17.690694  2 22  0.7311 +13 38 17.066  35.5030463  13.6380740  35.5030229  13.6380891    0.0821   -0.0547    0.0449 16 34 36.00    10.00 
  2020 11 17.691215  2 22  0.7183 +13 38 17.053  35.5029931  13.6380703  35.5029985  13.6380848   -0.0189   -0.0524    0.0210 16 35 21.00    10.00 
  2020 11 17.691736  2 22  0.7133 +13 38 17.090  35.5029720  13.6380805  35.5029741  13.6380805   -0.0074   -0.0001    0.0270 16 36  6.00    10.00 
  2020 11 17.692257  2 22  0.7088 +13 38 17.062  35.5029532  13.6380728  35.5029498  13.6380762    0.0122   -0.0122    0.0253 16 36 51.00    10.00 
  2020 11 17.692778  2 22  0.7039 +13 38 17.021  35.5029327  13.6380614  35.5029254  13.6380719    0.0256   -0.0376    0.0264 16 37 36.00    10.00 
  2020 11 17.693299  2 22  0.6912 +13 38 16.914  35.5028802  13.6380317  35.5029010  13.6380675   -0.0730   -0.1290    0.0227 16 38 21.00    10.00 
  2020 11 17.693819  2 22  0.6891 +13 38 16.972  35.5028712  13.6380479  35.5028767  13.6380631   -0.0190   -0.0549    0.0207 16 39  6.00    10.00 
  2020 11 17.694340  2 22  0.6814 +13 38 17.041  35.5028393  13.6380670  35.5028523  13.6380587   -0.0454    0.0299    0.0216 16 39 51.00    10.00 
  2020 11 17.694861  2 22  0.6790 +13 38 16.982  35.5028294  13.6380506  35.5028279  13.6380543    0.0051   -0.0136    0.0172 16 40 36.00    10.00 
  2020 11 17.695382  2 22  0.6727 +13 38 16.939  35.5028028  13.6380387  35.5028035  13.6380499   -0.0025   -0.0405    0.0209 16 41 21.00    10.00 
  2020 11 17.695903  2 22  0.6648 +13 38 16.972  35.5027698  13.6380479  35.5027791  13.6380455   -0.0326    0.0085    0.0268 16 42  6.00    10.00 
  2020 11 17.696424  2 22  0.6677 +13 38 16.893  35.5027820  13.6380258  35.5027547  13.6380411    0.0954   -0.0548    0.0162 16 42 51.00    10.00 
  2020 11 17.696944  2 22  0.6517 +13 38 16.923  35.5027155  13.6380343  35.5027304  13.6380366   -0.0520   -0.0083    0.0276 16 43 36.00    10.00 
  2020 11 17.697454  2 22  0.6441 +13 38 16.836  35.5026839  13.6380101  35.5027065  13.6380322   -0.0791   -0.0796    0.0194 16 44 20.00    10.00 
  2020 11 17.697975  2 22  0.6433 +13 38 16.906  35.5026805  13.6380294  35.5026821  13.6380278   -0.0056    0.0060    0.0275 16 45  5.00    10.00 
  2020 11 17.698495  2 22  0.6403 +13 38 16.908  35.5026678  13.6380299  35.5026577  13.6380233    0.0353    0.0238    0.0269 16 45 50.00    10.00 
  2020 11 17.699016  2 22  0.6328 +13 38 16.815  35.5026367  13.6380041  35.5026333  13.6380188    0.0119   -0.0527    0.0277 16 46 35.00    10.00 
  2020 11 17.699537  2 22  0.6232 +13 38 16.787  35.5025965  13.6379965  35.5026089  13.6380142   -0.0434   -0.0640    0.0236 16 47 20.00    10.00 
  2020 11 17.700058  2 22  0.6203 +13 38 16.812  35.5025847  13.6380033  35.5025845  13.6380097    0.0008   -0.0229    0.0246 16 48  5.00    10.00 
  2020 11 17.700579  2 22  0.6154 +13 38 16.748  35.5025640  13.6379856  35.5025601  13.6380052    0.0136   -0.0705    0.0170 16 48 50.00    10.00 
  2020 11 17.701100  2 22  0.6079 +13 38 16.825  35.5025330  13.6380070  35.5025357  13.6380006   -0.0093    0.0232    0.0289 16 49 35.00    10.00 
  2020 11 17.701620  2 22  0.5934 +13 38 16.865  35.5024724  13.6380180  35.5025113  13.6379960   -0.1359    0.0790    0.0388 16 50 20.00    10.00 
  2020 11 17.702141  2 22  0.5944 +13 38 16.714  35.5024765  13.6379762  35.5024869  13.6379914   -0.0362   -0.0549    0.0197 16 51  5.00    10.00 
  2020 11 17.702662  2 22  0.5833 +13 38 16.717  35.5024305  13.6379771  35.5024624  13.6379868   -0.1117   -0.0351    0.0259 16 51 50.00    10.00 
  2020 11 17.703183  2 22  0.5882 +13 38 16.755  35.5024507  13.6379875  35.5024380  13.6379822    0.0443    0.0190    0.0396 16 52 35.00    10.00 
  2020 11 17.703704  2 22  0.5764 +13 38 16.639  35.5024016  13.6379553  35.5024136  13.6379776   -0.0419   -0.0803    0.0235 16 53 20.00    10.00 
  2020 11 17.704225  2 22  0.5688 +13 38 16.598  35.5023699  13.6379438  35.5023892  13.6379729   -0.0674   -0.1047    0.0397 16 54  5.00    10.00 
  2020 11 17.704745  2 22  0.5613 +13 38 16.682  35.5023387  13.6379672  35.5023647  13.6379683   -0.0911   -0.0039    0.0296 16 54 50.00    10.00 
  2020 11 17.705266  2 22  0.5585 +13 38 16.564  35.5023273  13.6379343  35.5023403  13.6379636   -0.0456   -0.1054    0.0238 16 55 35.00    10.00 
  2020 11 17.706296  2 22  0.5493 +13 38 16.649  35.5022885  13.6379581  35.5022920  13.6379543   -0.0120    0.0135    0.0307 16 57  4.00    10.00 
  2020 11 17.706817  2 22  0.5412 +13 38 16.616  35.5022552  13.6379489  35.5022675  13.6379496   -0.0434   -0.0024    0.0393 16 57 49.00    10.00 
  2020 11 17.707338  2 22  0.5328 +13 38 16.494  35.5022201  13.6379151  35.5022431  13.6379449   -0.0806   -0.1072    0.0242 16 58 34.00    10.00 
  2020 11 17.708380  2 22  0.5266 +13 38 16.570  35.5021940  13.6379361  35.5021942  13.6379354   -0.0006    0.0026    0.0556 17  0  4.00    10.00 
  2020 11 17.708900  2 22  0.5301 +13 38 16.461  35.5022088  13.6379058  35.5021698  13.6379306    0.1366   -0.0894    0.0319 17  0 49.00    10.00 
  2020 11 17.709421  2 22  0.5057 +13 38 16.568  35.5021071  13.6379357  35.5021453  13.6379258   -0.1340    0.0355    0.0214 17  1 34.00    10.00 
  2020 11 17.710463  2 22  0.4948 +13 38 16.380  35.5020618  13.6378834  35.5020964  13.6379162   -0.1212   -0.1182    0.0177 17  3  4.00    10.00 
  2020 11 18.589942  2 21 52.7201 +13 37 20.059  35.4696672  13.6222385  35.4696860  13.6223093   -0.0658   -0.2548    0.0546 14  9 31.00    10.00 
  2020 11 18.590463  2 21 52.7271 +13 37 20.227  35.4696962  13.6222854  35.4696701  13.6223059    0.0911   -0.0738    0.0282 14 10 16.00    10.00 
  2020 11 18.590984  2 21 52.7117 +13 37 20.350  35.4696320  13.6223193  35.4696542  13.6223025   -0.0775    0.0605    0.0296 14 11  1.00    10.00 
  2020 11 18.591505  2 21 52.7221 +13 37 20.271  35.4696755  13.6222976  35.4696383  13.6222992    0.1301   -0.0057    0.0292 14 11 46.00    10.00 
  2020 11 18.592025  2 21 52.7059 +13 37 20.216  35.4696081  13.6222823  35.4696223  13.6222959   -0.0500   -0.0488    0.0313 14 12 31.00    10.00 
  2020 11 18.592546  2 21 52.7201 +13 37 20.281  35.4696671  13.6223003  35.4696064  13.6222925    0.2123    0.0279    0.0505 14 13 16.00    10.00 
  2020 11 18.593067  2 21 52.7043 +13 37 20.274  35.4696012  13.6222984  35.4695905  13.6222892    0.0377    0.0330    0.0391 14 14  1.00    10.00 
  2020 11 18.593588  2 21 52.7129 +13 37 20.104  35.4696371  13.6222512  35.4695745  13.6222860    0.2188   -0.1251    0.0414 14 14 46.00    10.00 
  2020 11 18.594109  2 21 52.7026 +13 37 20.210  35.4695942  13.6222805  35.4695586  13.6222827    0.1245   -0.0077    0.0317 14 15 31.00    10.00 
  2020 11 18.594630  2 21 52.6918 +13 37 20.184  35.4695493  13.6222733  35.4695426  13.6222794    0.0234   -0.0218    0.0362 14 16 16.00    10.00 
  2020 11 18.595671  2 21 52.6876 +13 37 20.172  35.4695317  13.6222699  35.4695107  13.6222729    0.0736   -0.0107    0.0200 14 17 46.00    10.00 
  2020 11 18.596181  2 21 52.6773 +13 37 20.209  35.4694888  13.6222802  35.4694950  13.6222697   -0.0219    0.0375    0.0276 14 18 30.00    10.00 
  2020 11 18.596701  2 21 52.6672 +13 37 20.041  35.4694467  13.6222335  35.4694791  13.6222665   -0.1132   -0.1188    0.0182 14 19 15.00    10.00 
  2020 11 18.597222  2 21 52.6806 +13 37 20.071  35.4695025  13.6222421  35.4694631  13.6222633    0.1380   -0.0766    0.0504 14 20  0.00    10.00 
  2020 11 18.598264  2 21 52.6583 +13 37 19.993  35.4694095  13.6222203  35.4694311  13.6222569   -0.0756   -0.1320    0.0410 14 21 30.00    10.00 
  2020 11 18.598785  2 21 52.6669 +13 37 20.170  35.4694454  13.6222694  35.4694151  13.6222538    0.1060    0.0562    0.0618 14 22 15.00    10.00 
  2020 11 18.599306  2 21 52.6658 +13 37 20.128  35.4694408  13.6222578  35.4693990  13.6222506    0.1462    0.0258    0.0307 14 23  0.00    10.00 
  2020 11 18.599826  2 21 52.6523 +13 37 19.933  35.4693848  13.6222036  35.4693830  13.6222475    0.0061   -0.1580    0.0330 14 23 45.00    10.00 
  2020 11 18.600347  2 21 52.6441 +13 37 20.044  35.4693506  13.6222346  35.4693670  13.6222443   -0.0574   -0.0352    0.0510 14 24 30.00    10.00 
  2020 11 18.600868  2 21 52.6377 +13 37 20.055  35.4693238  13.6222374  35.4693510  13.6222412   -0.0950   -0.0137    0.0247 14 25 15.00    10.00 
  2020 11 18.601389  2 21 52.6526 +13 37 19.976  35.4693860  13.6222157  35.4693349  13.6222381    0.1788   -0.0807    0.0309 14 26  0.00    10.00 
  2020 11 18.601910  2 21 52.6414 +13 37 20.078  35.4693391  13.6222439  35.4693189  13.6222350    0.0707    0.0320    0.0251 14 26 45.00    10.00 
  2020 11 18.602431  2 21 52.6452 +13 37 20.102  35.4693552  13.6222505  35.4693028  13.6222319    0.1832    0.0670    0.0486 14 27 30.00    10.00 
  2020 11 18.602951  2 21 52.6341 +13 37 19.936  35.4693089  13.6222045  35.4692868  13.6222288    0.0776   -0.0873    0.0361 14 28 15.00    10.00 
  2020 11 18.603461  2 21 52.6361 +13 37 20.003  35.4693171  13.6222230  35.4692711  13.6222258    0.1612   -0.0102    0.0615 14 28 59.00    10.00 
  2020 11 18.603981  2 21 52.6322 +13 37 20.162  35.4693007  13.6222672  35.4692550  13.6222228    0.1598    0.1602    0.0381 14 29 44.00    10.00 
  2020 11 18.604502  2 21 52.6218 +13 37 19.947  35.4692574  13.6222074  35.4692389  13.6222197    0.0646   -0.0442    0.0316 14 30 29.00    10.00 
  2020 11 18.605023  2 21 52.6097 +13 37 19.896  35.4692072  13.6221934  35.4692228  13.6222167   -0.0546   -0.0839    0.0340 14 31 14.00    10.00 
  2020 11 18.605544  2 21 52.6055 +13 37 19.957  35.4691895  13.6222103  35.4692067  13.6222137   -0.0604   -0.0122    0.0282 14 31 59.00    10.00 
  2020 11 18.606065  2 21 52.5948 +13 37 19.973  35.4691449  13.6222149  35.4691906  13.6222107   -0.1601    0.0151    0.0260 14 32 44.00    10.00 
  2020 11 18.606586  2 21 52.6001 +13 37 20.050  35.4691670  13.6222361  35.4691745  13.6222077   -0.0266    0.1025    0.0746 14 33 29.00    10.00 
  2020 11 18.607106  2 21 52.5914 +13 37 19.832  35.4691309  13.6221755  35.4691584  13.6222047   -0.0962   -0.1049    0.0257 14 34 14.00    10.00 
  2020 11 18.607627  2 21 52.5897 +13 37 19.905  35.4691238  13.6221958  35.4691423  13.6222017   -0.0647   -0.0211    0.0137 14 34 59.00    10.00 
  2020 11 18.608669  2 21 52.5932 +13 37 19.831  35.4691384  13.6221754  35.4691101  13.6221958    0.0990   -0.0734    0.0390 14 36 29.00    10.00 
  2020 11 18.609190  2 21 52.5977 +13 37 19.771  35.4691573  13.6221587  35.4690939  13.6221929    0.2215   -0.1230    0.0221 14 37 14.00    10.00 
  2020 11 18.609711  2 21 52.5736 +13 37 19.812  35.4690565  13.6221699  35.4690778  13.6221899   -0.0746   -0.0722    0.0211 14 37 59.00    10.00 
  2020 11 18.610231  2 21 52.5795 +13 37 19.934  35.4690814  13.6222040  35.4690617  13.6221870    0.0690    0.0610    0.0394 14 38 44.00    10.00 
  2020 11 18.610752  2 21 52.5755 +13 37 19.849  35.4690648  13.6221802  35.4690455  13.6221841    0.0674   -0.0143    0.0248 14 39 29.00    10.00 
  2020 11 18.611273  2 21 52.5681 +13 37 19.813  35.4690338  13.6221702  35.4690293  13.6221812    0.0155   -0.0398    0.0369 14 40 14.00    10.00 
  2020 11 18.611794  2 21 52.5589 +13 37 19.707  35.4689956  13.6221410  35.4690132  13.6221783   -0.0616   -0.1346    0.0220 14 40 59.00    10.00 
  2020 11 18.612315  2 21 52.5567 +13 37 19.794  35.4689861  13.6221650  35.4689970  13.6221755   -0.0383   -0.0378    0.0311 14 41 44.00    10.00 
  2020 11 18.612836  2 21 52.5543 +13 37 19.788  35.4689764  13.6221632  35.4689808  13.6221726   -0.0155   -0.0338    0.0270 14 42 29.00    10.00 
  2020 11 18.613356  2 21 52.5534 +13 37 19.778  35.4689723  13.6221606  35.4689646  13.6221698    0.0268   -0.0332    0.0139 14 43 14.00    10.00 
  2020 11 18.613877  2 21 52.5538 +13 37 19.806  35.4689743  13.6221683  35.4689485  13.6221669    0.0905    0.0050    0.0231 14 43 59.00    10.00 
  2020 11 18.614398  2 21 52.5391 +13 37 19.724  35.4689128  13.6221455  35.4689323  13.6221641   -0.0682   -0.0670    0.0392 14 44 44.00    10.00 
  2020 11 18.614919  2 21 52.5384 +13 37 19.678  35.4689100  13.6221328  35.4689161  13.6221613   -0.0211   -0.1026    0.0381 14 45 29.00    10.00 
  2020 11 18.615440  2 21 52.5362 +13 37 19.676  35.4689007  13.6221321  35.4688998  13.6221585    0.0030   -0.0949    0.0336 14 46 14.00    10.00 
  2020 11 18.615961  2 21 52.5327 +13 37 19.757  35.4688862  13.6221548  35.4688836  13.6221557    0.0089   -0.0032    0.0338 14 46 59.00    10.00 
  2020 11 18.616481  2 21 52.5295 +13 37 19.768  35.4688729  13.6221577  35.4688674  13.6221529    0.0194    0.0171    0.0237 14 47 44.00    10.00 
  2020 11 18.617002  2 21 52.5236 +13 37 19.670  35.4688482  13.6221305  35.4688512  13.6221502   -0.0104   -0.0709    0.0372 14 48 29.00    10.00 
  2020 11 18.617523  2 21 52.5214 +13 37 19.703  35.4688392  13.6221397  35.4688349  13.6221474    0.0148   -0.0278    0.0265 14 49 14.00    10.00 
  2020 11 18.618044  2 21 52.5202 +13 37 19.755  35.4688344  13.6221541  35.4688187  13.6221447    0.0548    0.0338    0.0248 14 49 59.00    10.00 
  2020 11 18.618565  2 21 52.5186 +13 37 19.693  35.4688274  13.6221370  35.4688024  13.6221419    0.0872   -0.0178    0.0292 14 50 44.00    10.00 
  2020 11 18.619086  2 21 52.5086 +13 37 19.739  35.4687860  13.6221497  35.4687862  13.6221392   -0.0005    0.0379    0.0121 14 51 29.00    10.00 
  2020 11 18.619606  2 21 52.5182 +13 37 19.656  35.4688258  13.6221267  35.4687699  13.6221365    0.1955   -0.0353    0.0265 14 52 14.00    10.00 
  2020 11 18.620127  2 21 52.5022 +13 37 19.674  35.4687590  13.6221316  35.4687536  13.6221338    0.0187   -0.0078    0.0218 14 52 59.00    10.00 
  2020 11 18.620648  2 21 52.4955 +13 37 19.647  35.4687312  13.6221241  35.4687374  13.6221311   -0.0214   -0.0253    0.0388 14 53 44.00    10.00 
  2020 11 18.621169  2 21 52.4987 +13 37 19.619  35.4687445  13.6221163  35.4687211  13.6221284    0.0821   -0.0436    0.0309 14 54 29.00    10.00 
  2020 11 18.621690  2 21 52.4925 +13 37 19.601  35.4687187  13.6221113  35.4687048  13.6221258    0.0485   -0.0523    0.0314 14 55 14.00    10.00 
  2020 11 18.622211  2 21 52.4767 +13 37 19.605  35.4686529  13.6221126  35.4686885  13.6221231   -0.1245   -0.0380    0.0346 14 55 59.00    10.00 
  2020 11 18.622731  2 21 52.4874 +13 37 19.601  35.4686975  13.6221114  35.4686722  13.6221205    0.0886   -0.0328    0.0240 14 56 44.00    10.00 
  2020 11 18.623252  2 21 52.4865 +13 37 19.637  35.4686939  13.6221213  35.4686559  13.6221178    0.1328    0.0123    0.0300 14 57 29.00    10.00 
  2020 11 18.623773  2 21 52.4772 +13 37 19.524  35.4686551  13.6220901  35.4686396  13.6221152    0.0544   -0.0905    0.0374 14 58 14.00    10.00 
  2020 11 18.624294  2 21 52.4783 +13 37 19.677  35.4686594  13.6221324  35.4686232  13.6221126    0.1267    0.0712    0.0181 14 58 59.00    10.00 
  2020 11 18.624815  2 21 52.4751 +13 37 19.555  35.4686464  13.6220987  35.4686069  13.6221100    0.1381   -0.0409    0.0308 14 59 44.00    10.00 
  2020 11 18.625324  2 21 52.4587 +13 37 19.592  35.4685778  13.6221088  35.4685909  13.6221075   -0.0458    0.0049    0.0183 15  0 28.00    10.00 
  2020 11 18.625845  2 21 52.4627 +13 37 19.487  35.4685948  13.6220797  35.4685746  13.6221049    0.0706   -0.0907    0.0215 15  1 13.00    10.00 
  2020 11 18.626366  2 21 52.4533 +13 37 19.598  35.4685553  13.6221106  35.4685582  13.6221023   -0.0103    0.0298    0.0218 15  1 58.00    10.00 
  2020 11 18.626887  2 21 52.4596 +13 37 19.434  35.4685818  13.6220651  35.4685419  13.6220998    0.1398   -0.1249    0.0307 15  2 43.00    10.00 
  2020 11 18.627928  2 21 52.4408 +13 37 19.445  35.4685033  13.6220681  35.4685091  13.6220947   -0.0206   -0.0958    0.0390 15  4 13.00    10.00 
  2020 11 18.628449  2 21 52.4419 +13 37 19.504  35.4685077  13.6220844  35.4684928  13.6220922    0.0523   -0.0280    0.0305 15  4 58.00    10.00 
  2020 11 18.628970  2 21 52.4362 +13 37 19.550  35.4684840  13.6220972  35.4684764  13.6220897    0.0266    0.0272    0.0396 15  5 43.00    10.00 
  2020 11 18.629491  2 21 52.4431 +13 37 19.399  35.4685128  13.6220552  35.4684600  13.6220872    0.1848   -0.1150    0.0630 15  6 28.00    10.00 
  2020 11 18.630012  2 21 52.4226 +13 37 19.490  35.4684277  13.6220807  35.4684436  13.6220847   -0.0557   -0.0144    0.0266 15  7 13.00    10.00 
  2020 11 18.630532  2 21 52.4224 +13 37 19.516  35.4684265  13.6220879  35.4684272  13.6220822   -0.0024    0.0204    0.0362 15  7 58.00    10.00 
  2020 11 18.631053  2 21 52.4194 +13 37 19.412  35.4684143  13.6220588  35.4684108  13.6220797    0.0124   -0.0752    0.0455 15  8 43.00    10.00 
  2020 11 18.631574  2 21 52.4163 +13 37 19.417  35.4684014  13.6220603  35.4683943  13.6220773    0.0248   -0.0612    0.0287 15  9 28.00    10.00 
  2020 11 18.632095  2 21 52.4150 +13 37 19.338  35.4683960  13.6220384  35.4683779  13.6220748    0.0632   -0.1311    0.0276 15 10 13.00    10.00 
  2020 11 18.632616  2 21 52.4128 +13 37 19.351  35.4683866  13.6220420  35.4683615  13.6220724    0.0878   -0.1093    0.0376 15 10 58.00    10.00 
  2020 11 18.633137  2 21 52.4119 +13 37 19.315  35.4683828  13.6220319  35.4683450  13.6220700    0.1321   -0.1369    0.0378 15 11 43.00    10.00 
  2020 11 18.633657  2 21 52.4047 +13 37 19.444  35.4683527  13.6220679  35.4683286  13.6220675    0.0845    0.0012    0.0749 15 12 28.00    10.00 
  2020 11 18.634167  2 21 52.4109 +13 37 19.460  35.4683788  13.6220722  35.4683125  13.6220652    0.2319    0.0254    0.0290 15 13 12.00    10.00 
  2020 11 18.634687  2 21 52.3878 +13 37 19.393  35.4682825  13.6220536  35.4682960  13.6220628   -0.0474   -0.0330    0.0327 15 13 57.00    10.00 
  2020 11 18.635208  2 21 52.3787 +13 37 19.289  35.4682447  13.6220246  35.4682796  13.6220604   -0.1220   -0.1289    0.0317 15 14 42.00    10.00 
  2020 11 18.635729  2 21 52.3837 +13 37 19.281  35.4682654  13.6220224  35.4682631  13.6220580    0.0080   -0.1284    0.0225 15 15 27.00    10.00 
  2020 11 18.636250  2 21 52.3865 +13 37 19.413  35.4682770  13.6220591  35.4682466  13.6220557    0.1064    0.0122    0.0237 15 16 12.00    10.00 
  2020 11 18.636771  2 21 52.3730 +13 37 19.264  35.4682210  13.6220177  35.4682301  13.6220533   -0.0319   -0.1282    0.0593 15 16 57.00    10.00 
  2020 11 18.637292  2 21 52.3721 +13 37 19.317  35.4682171  13.6220324  35.4682136  13.6220510    0.0124   -0.0668    0.0236 15 17 42.00    10.00 
  2020 11 18.637812  2 21 52.3669 +13 37 19.368  35.4681954  13.6220467  35.4681971  13.6220486   -0.0059   -0.0071    0.0515 15 18 27.00    10.00 
  2020 11 18.638333  2 21 52.3679 +13 37 19.278  35.4681994  13.6220215  35.4681806  13.6220463    0.0659   -0.0892    0.0246 15 19 12.00    10.00 
  2020 11 18.638854  2 21 52.3567 +13 37 19.459  35.4681530  13.6220718  35.4681641  13.6220440   -0.0388    0.1001    0.0336 15 19 57.00    10.00 
  2020 11 18.639375  2 21 52.3581 +13 37 19.429  35.4681588  13.6220637  35.4681475  13.6220417    0.0393    0.0793    0.0247 15 20 42.00    10.00 
  2020 11 18.639896  2 21 52.3582 +13 37 19.320  35.4681591  13.6220332  35.4681310  13.6220394    0.0983   -0.0224    0.0418 15 21 27.00    10.00 
  2020 11 18.640417  2 21 52.3482 +13 37 19.319  35.4681176  13.6220331  35.4681145  13.6220371    0.0110   -0.0147    0.0202 15 22 12.00    10.00 
  2020 11 18.640937  2 21 52.3445 +13 37 19.328  35.4681021  13.6220357  35.4680979  13.6220349    0.0147    0.0028    0.0213 15 22 57.00    10.00 
  2020 11 18.641458  2 21 52.3479 +13 37 19.139  35.4681163  13.6219830  35.4680814  13.6220326    0.1222   -0.1786    0.0412 15 23 42.00    10.00 
  2020 11 18.641979  2 21 52.3421 +13 37 19.400  35.4680923  13.6220555  35.4680648  13.6220304    0.0962    0.0904    0.0322 15 24 27.00    10.00 
  2020 11 18.642500  2 21 52.3385 +13 37 19.312  35.4680771  13.6220311  35.4680482  13.6220281    0.1011    0.0106    0.0277 15 25 12.00    10.00 
  2020 11 18.643009  2 21 52.3344 +13 37 19.338  35.4680600  13.6220384  35.4680320  13.6220260    0.0980    0.0447    0.0227 15 25 56.00    10.00 
  2020 11 18.643530  2 21 52.3204 +13 37 19.205  35.4680016  13.6220013  35.4680154  13.6220237   -0.0485   -0.0809    0.0210 15 26 41.00    10.00 
  2020 11 18.644051  2 21 52.3280 +13 37 19.277  35.4680334  13.6220215  35.4679988  13.6220215    0.1208   -0.0001    0.0238 15 27 26.00    10.00 
  2020 11 18.644572  2 21 52.3145 +13 37 19.109  35.4679772  13.6219746  35.4679822  13.6220193   -0.0175   -0.1611    0.0482 15 28 11.00    10.00 
  2020 11 18.645093  2 21 52.3166 +13 37 19.263  35.4679858  13.6220175  35.4679656  13.6220171    0.0707    0.0014    0.0303 15 28 56.00    10.00 
  2020 11 18.645613  2 21 52.3176 +13 37 19.191  35.4679900  13.6219974  35.4679490  13.6220150    0.1434   -0.0634    0.0517 15 29 41.00    10.00 
  2020 11 18.646134  2 21 52.3109 +13 37 19.078  35.4679621  13.6219661  35.4679324  13.6220128    0.1041   -0.1681    0.0456 15 30 26.00    10.00 
  2020 11 18.646655  2 21 52.2911 +13 37 19.168  35.4678797  13.6219912  35.4679157  13.6220106   -0.1260   -0.0701    0.0219 15 31 11.00    10.00 
  2020 11 18.647176  2 21 52.3016 +13 37 19.136  35.4679232  13.6219821  35.4678991  13.6220085    0.0842   -0.0949    0.0259 15 31 56.00    10.00 
  2020 11 18.647697  2 21 52.2942 +13 37 19.109  35.4678924  13.6219746  35.4678825  13.6220064    0.0348   -0.1142    0.0216 15 32 41.00    10.00 
  2020 11 18.648738  2 21 52.2851 +13 37 19.107  35.4678548  13.6219741  35.4678491  13.6220021    0.0196   -0.1008    0.0288 15 34 11.00    10.00 
  2020 11 18.649259  2 21 52.2727 +13 37 19.175  35.4678029  13.6219930  35.4678325  13.6220000   -0.1036   -0.0253    0.0335 15 34 56.00    10.00 
  2020 11 18.649780  2 21 52.2761 +13 37 19.089  35.4678172  13.6219693  35.4678158  13.6219979    0.0050   -0.1030    0.0219 15 35 41.00    10.00 
  2020 11 18.650301  2 21 52.2712 +13 37 19.148  35.4677966  13.6219857  35.4677991  13.6219958   -0.0089   -0.0365    0.0274 15 36 26.00    10.00 
  2020 11 18.650822  2 21 52.2747 +13 37 19.147  35.4678111  13.6219852  35.4677824  13.6219937    0.1004   -0.0309    0.0447 15 37 11.00    10.00 
  2020 11 18.651343  2 21 52.2577 +13 37 19.076  35.4677405  13.6219655  35.4677657  13.6219917   -0.0882   -0.0942    0.0256 15 37 56.00    10.00 
  2020 11 18.651863  2 21 52.2562 +13 37 19.191  35.4677343  13.6219975  35.4677490  13.6219896   -0.0515    0.0284    0.0222 15 38 41.00    10.00 
  2020 11 18.652384  2 21 52.2642 +13 37 19.052  35.4677676  13.6219588  35.4677323  13.6219876    0.1234   -0.1036    0.0306 15 39 26.00    10.00 
  2020 11 18.652905  2 21 52.2536 +13 37 19.079  35.4677234  13.6219663  35.4677156  13.6219855    0.0273   -0.0691    0.0394 15 40 11.00    10.00 
  2020 11 18.653414  2 21 52.2556 +13 37 18.971  35.4677317  13.6219365  35.4676992  13.6219835    0.1135   -0.1695    0.0219 15 40 55.00    10.00 
  2020 11 18.653935  2 21 52.2426 +13 37 19.166  35.4676775  13.6219907  35.4676825  13.6219815   -0.0176    0.0330    0.0258 15 41 40.00    10.00 
  2020 11 18.654456  2 21 52.2353 +13 37 19.041  35.4676470  13.6219559  35.4676658  13.6219795   -0.0657   -0.0852    0.0295 15 42 25.00    10.00 
  2020 11 18.654977  2 21 52.2465 +13 37 19.156  35.4676936  13.6219878  35.4676490  13.6219775    0.1558    0.0372    0.0402 15 43 10.00    10.00 
  2020 11 18.655498  2 21 52.2332 +13 37 18.939  35.4676381  13.6219275  35.4676322  13.6219755    0.0206   -0.1730    0.0332 15 43 55.00    10.00 
  2020 11 18.656019  2 21 52.2259 +13 37 19.122  35.4676078  13.6219782  35.4676155  13.6219736   -0.0270    0.0169    0.0321 15 44 40.00    10.00 
  2020 11 18.657060  2 21 52.2403 +13 37 18.847  35.4676677  13.6219020  35.4675819  13.6219696    0.3002   -0.2433    0.0327 15 46 10.00    10.00 
  2020 11 18.657581  2 21 52.2361 +13 37 18.934  35.4676504  13.6219261  35.4675651  13.6219677    0.2982   -0.1496    0.0489 15 46 55.00    10.00 
  2020 11 18.658623  2 21 52.2187 +13 37 19.235  35.4675781  13.6220096  35.4675315  13.6219638    0.1630    0.1649    0.0286 15 48 25.00    10.00 
  2020 11 18.659144  2 21 52.2076 +13 37 18.981  35.4675315  13.6219392  35.4675147  13.6219619    0.0588   -0.0818    0.0358 15 49 10.00    10.00 
  2020 11 18.659664  2 21 52.1971 +13 37 19.033  35.4674877  13.6219535  35.4674979  13.6219600   -0.0356   -0.0232    0.0278 15 49 55.00    10.00 
  2020 11 18.660185  2 21 52.2169 +13 37 19.021  35.4675702  13.6219502  35.4674811  13.6219581    0.3119   -0.0282    0.0331 15 50 40.00    10.00 
  2020 11 18.660706  2 21 52.1884 +13 37 19.065  35.4674518  13.6219626  35.4674642  13.6219562   -0.0435    0.0233    0.0174 15 51 25.00    10.00 
  2020 11 18.661227  2 21 52.1826 +13 37 18.842  35.4674275  13.6219005  35.4674474  13.6219543   -0.0698   -0.1936    0.0222 15 52 10.00    10.00 
  2020 11 18.661736  2 21 52.1803 +13 37 18.859  35.4674181  13.6219052  35.4674309  13.6219525   -0.0448   -0.1700    0.0290 15 52 54.00    10.00 
  2020 11 18.662257  2 21 52.1737 +13 37 18.910  35.4673905  13.6219195  35.4674141  13.6219506   -0.0826   -0.1120    0.0359 15 53 39.00    10.00 
  2020 11 18.662778  2 21 52.1664 +13 37 18.906  35.4673600  13.6219184  35.4673972  13.6219487   -0.1301   -0.1091    0.0454 15 54 24.00    10.00 
  2020 11 18.663819  2 21 52.1748 +13 37 18.778  35.4673949  13.6218829  35.4673634  13.6219451    0.1099   -0.2239    0.0292 15 55 54.00    10.00 
  2020 11 18.664340  2 21 52.1593 +13 37 18.884  35.4673303  13.6219122  35.4673465  13.6219432   -0.0570   -0.1116    0.0346 15 56 39.00    10.00 
  2020 11 18.664861  2 21 52.1677 +13 37 18.960  35.4673652  13.6219334  35.4673296  13.6219414    0.1245   -0.0287    0.0281 15 57 24.00    10.00 
  2020 11 18.665382  2 21 52.1602 +13 37 18.945  35.4673340  13.6219292  35.4673127  13.6219396    0.0744   -0.0375    0.0348 15 58  9.00    10.00 
  2020 11 18.665903  2 21 52.1541 +13 37 18.935  35.4673089  13.6219264  35.4672958  13.6219378    0.0457   -0.0409    0.0360 15 58 54.00    10.00 
  2020 11 18.666424  2 21 52.1434 +13 37 18.902  35.4672640  13.6219173  35.4672789  13.6219360   -0.0521   -0.0675    0.0353 15 59 39.00    10.00 
  2020 11 18.666944  2 21 52.1402 +13 37 18.904  35.4672508  13.6219177  35.4672620  13.6219342   -0.0391   -0.0594    0.0309 16  0 24.00    10.00 
  2020 11 18.667465  2 21 52.1395 +13 37 19.061  35.4672479  13.6219613  35.4672450  13.6219325    0.0099    0.1038    0.0272 16  1  9.00    10.00 
  2020 11 18.667986  2 21 52.1363 +13 37 18.916  35.4672345  13.6219212  35.4672281  13.6219307    0.0224   -0.0341    0.0281 16  1 54.00    10.00 
  2020 11 18.668507  2 21 52.1438 +13 37 19.043  35.4672658  13.6219565  35.4672111  13.6219289    0.1914    0.0992    0.0271 16  2 39.00    10.00 
  2020 11 18.669016  2 21 52.1409 +13 37 18.920  35.4672539  13.6219223  35.4671946  13.6219272    0.2078   -0.0178    0.0332 16  3 23.00    10.00 
  2020 11 18.669537  2 21 52.1225 +13 37 18.825  35.4671770  13.6218958  35.4671776  13.6219255   -0.0020   -0.1070    0.0241 16  4  8.00    10.00 
  2020 11 18.670058  2 21 52.1252 +13 37 19.039  35.4671881  13.6219553  35.4671606  13.6219238    0.0963    0.1136    0.0310 16  4 53.00    10.00 
