  2023 11 14.478571 22 11 53.9569 -12 58 52.403 332.9748206 -12.9812229 332.9748339 -12.9811656   -0.0468   -0.2063    0.1158 11 29  8.50     5.00 
  2023 11 14.479323 22 11 53.9593 -12 58 52.200 332.9748306 -12.9811667 332.9748205 -12.9811612    0.0356   -0.0200    0.0961 11 30 13.50     5.00 
  2023 11 14.479508 22 11 53.9608 -12 58 52.080 332.9748367 -12.9811332 332.9748171 -12.9811600    0.0687    0.0966    0.0577 11 30 29.50     5.00 
  2023 11 14.479705 22 11 53.9507 -12 58 52.337 332.9747945 -12.9812046 332.9748136 -12.9811589   -0.0669   -0.1647    0.0497 11 30 46.50     5.00 
  2023 11 14.480457 22 11 53.9594 -12 58 51.970 332.9748309 -12.9811027 332.9748001 -12.9811544    0.1082    0.1858    0.0035 11 31 51.50     5.00 
  2023 11 14.480642 22 11 53.9544 -12 58 51.923 332.9748102 -12.9810897 332.9747967 -12.9811532    0.0473    0.2288    0.0791 11 32  7.50     5.00 
  2023 11 14.480828 22 11 53.9379 -12 58 52.273 332.9747413 -12.9811870 332.9747934 -12.9811521   -0.1826   -0.1254    0.1121 11 32 23.50     5.00 
  2023 11 14.481580 22 11 53.9479 -12 58 51.826 332.9747828 -12.9810627 332.9747797 -12.9811476    0.0108    0.3056    0.0984 11 33 28.50     5.00 
  2023 11 14.481765 22 11 53.9484 -12 58 52.064 332.9747849 -12.9811288 332.9747763 -12.9811464    0.0301    0.0636    0.1082 11 33 44.50     5.00 
  2023 11 14.482714 22 11 53.9455 -12 58 51.929 332.9747728 -12.9810914 332.9747589 -12.9811407    0.0487    0.1775    0.1139 11 35  6.50     5.00 
  2023 11 14.482911 22 11 53.9469 -12 58 51.936 332.9747788 -12.9810933 332.9747553 -12.9811394    0.0822    0.1660    0.0447 11 35 23.50     5.00 
  2023 11 14.483096 22 11 53.9468 -12 58 52.088 332.9747782 -12.9811356 332.9747519 -12.9811383    0.0922    0.0097    0.0946 11 35 39.50     5.00 
  2023 11 14.483848 22 11 53.9391 -12 58 52.134 332.9747462 -12.9811484 332.9747380 -12.9811337    0.0288   -0.0530    0.1261 11 36 44.50     5.00 
  2023 11 14.484045 22 11 53.9438 -12 58 51.911 332.9747657 -12.9810863 332.9747344 -12.9811325    0.1100    0.1663    0.0267 11 37  1.50     5.00 
  2023 11 14.484815 22 11 53.9279 -12 58 52.216 332.9746997 -12.9811710 332.9747201 -12.9811277   -0.0714   -0.1558    0.0701 11 38  8.00    10.00 
  2023 11 14.485787 22 11 53.9353 -12 58 51.849 332.9747304 -12.9810691 332.9747019 -12.9811216    0.1001    0.1893    0.0709 11 39 32.00    10.00 
  2023 11 14.486030 22 11 53.9300 -12 58 51.970 332.9747083 -12.9811027 332.9746973 -12.9811201    0.0387    0.0628    0.0394 11 39 53.00    10.00 
  2023 11 14.486285 22 11 53.9159 -12 58 52.203 332.9746494 -12.9811674 332.9746925 -12.9811185   -0.1512   -0.1760    0.0494 11 40 15.00    10.00 
  2023 11 14.487269 22 11 53.9161 -12 58 52.048 332.9746504 -12.9811243 332.9746739 -12.9811123   -0.0825   -0.0432    0.0821 11 41 40.00    10.00 
  2023 11 14.487512 22 11 53.9185 -12 58 52.058 332.9746602 -12.9811272 332.9746693 -12.9811108   -0.0318   -0.0591    0.0585 11 42  1.00    10.00 
  2023 11 14.487766 22 11 53.9036 -12 58 52.169 332.9745984 -12.9811580 332.9746644 -12.9811092   -0.2317   -0.1759    0.3310 11 42 23.00    10.00 
  2023 11 14.488738 22 11 53.9120 -12 58 52.072 332.9746333 -12.9811312 332.9746459 -12.9811030   -0.0441   -0.1016    0.0424 11 43 47.00    10.00 
  2023 11 14.488993 22 11 53.9158 -12 58 52.073 332.9746490 -12.9811313 332.9746410 -12.9811014    0.0281   -0.1077    0.1797 11 44  9.00    10.00 
  2023 11 14.489977 22 11 53.9089 -12 58 51.949 332.9746206 -12.9810968 332.9746220 -12.9810951   -0.0051   -0.0064    0.0344 11 45 34.00    10.00 
  2023 11 14.490220 22 11 53.9090 -12 58 51.950 332.9746207 -12.9810972 332.9746173 -12.9810935    0.0120   -0.0134    0.0742 11 45 55.00    10.00 
  2023 11 14.490463 22 11 53.9084 -12 58 51.870 332.9746185 -12.9810750 332.9746126 -12.9810919    0.0205    0.0609    0.0346 11 46 16.00    10.00 
  2023 11 14.490718 22 11 53.9014 -12 58 52.335 332.9745890 -12.9812041 332.9746077 -12.9810903   -0.0656   -0.4096    0.0718 11 46 38.00    10.00 
  2023 11 14.491690 22 11 53.8998 -12 58 51.995 332.9745825 -12.9811096 332.9745887 -12.9810840   -0.0218   -0.0923    0.0673 11 48  2.00    10.00 
  2023 11 14.491944 22 11 53.8851 -12 58 52.251 332.9745214 -12.9811807 332.9745837 -12.9810823   -0.2186   -0.3544    0.1408 11 48 24.00    10.00 
  2023 11 14.496152 22 11 53.8815 -12 58 51.873 332.9745062 -12.9810757 332.9745002 -12.9810545    0.0210   -0.0764    0.0595 11 54 27.50    15.00 
  2023 11 14.496453 22 11 53.8765 -12 58 51.823 332.9744855 -12.9810619 332.9744942 -12.9810525   -0.0304   -0.0341    0.0356 11 54 53.50    15.00 
  2023 11 14.497668 22 11 53.8728 -12 58 51.861 332.9744699 -12.9810725 332.9744696 -12.9810442    0.0009   -0.1017    0.0376 11 56 38.50    15.00 
  2023 11 14.497980 22 11 53.8707 -12 58 51.807 332.9744614 -12.9810575 332.9744633 -12.9810421   -0.0064   -0.0554    0.0708 11 57  5.50    15.00 
  2023 11 14.498281 22 11 53.8681 -12 58 51.854 332.9744504 -12.9810704 332.9744571 -12.9810401   -0.0235   -0.1092    0.0545 11 57 31.50    15.00 
  2023 11 14.499497 22 11 53.8602 -12 58 51.815 332.9744174 -12.9810598 332.9744323 -12.9810318   -0.0523   -0.1009    0.0427 11 59 16.50    15.00 
  2023 11 14.499797 22 11 53.8656 -12 58 51.795 332.9744402 -12.9810542 332.9744261 -12.9810297    0.0493   -0.0883    0.0709 11 59 42.50    15.00 
  2023 11 14.500110 22 11 53.8673 -12 58 51.640 332.9744472 -12.9810111 332.9744197 -12.9810276    0.0965    0.0594    0.0359 12  0  9.50    15.00 
  2023 11 14.501626 22 11 53.8476 -12 58 51.779 332.9743652 -12.9810498 332.9743883 -12.9810171   -0.0811   -0.1179    0.0892 12  2 20.50    15.00 
  2023 11 14.501927 22 11 53.8492 -12 58 51.682 332.9743715 -12.9810229 332.9743820 -12.9810150   -0.0369   -0.0285    0.0471 12  2 46.50    15.00 
  2023 11 14.502240 22 11 53.8477 -12 58 52.111 332.9743653 -12.9811420 332.9743755 -12.9810128   -0.0359   -0.4651    0.0589 12  3 13.50    15.00 
  2023 11 14.503455 22 11 53.8360 -12 58 51.696 332.9743167 -12.9810266 332.9743501 -12.9810043   -0.1171   -0.0804    0.0517 12  4 58.50    15.00 
  2023 11 14.503756 22 11 53.8374 -12 58 51.706 332.9743227 -12.9810294 332.9743438 -12.9810022   -0.0740   -0.0980    0.0852 12  5 24.50    15.00 
  2023 11 15.474670 22 11 57.9161 -12 58 11.921 332.9913172 -12.9699781 332.9913438 -12.9700822   -0.0932    0.3747    0.1246 11 23 31.50     3.00 
  2023 11 15.475492 22 11 57.9234 -12 58 12.152 332.9913474 -12.9700423 332.9913861 -12.9700820   -0.1359    0.1429    0.1431 11 24 42.50     3.00 
  2023 11 15.475666 22 11 57.9369 -12 58 12.135 332.9914036 -12.9700374 332.9913951 -12.9700820    0.0300    0.1606    0.1185 11 24 57.50     3.00 
  2023 11 15.476649 22 11 57.9413 -12 58 12.127 332.9914220 -12.9700352 332.9914457 -12.9700818   -0.0829    0.1678    0.1251 11 26 22.50     3.00 
  2023 11 15.477309 22 11 57.9584 -12 58 12.240 332.9914931 -12.9700667 332.9914795 -12.9700817    0.0479    0.0539    0.0580 11 27 19.50     3.00 
  2023 11 15.477645 22 11 57.9486 -12 58 12.063 332.9914524 -12.9700176 332.9914967 -12.9700816   -0.1554    0.2304    0.1732 11 27 48.50     3.00 
  2023 11 15.479300 22 11 57.9727 -12 58 12.173 332.9915528 -12.9700482 332.9915813 -12.9700814   -0.0998    0.1194    0.0666 11 30 11.50     3.00 
  2023 11 15.479462 22 11 57.9864 -12 58 12.163 332.9916099 -12.9700453 332.9915895 -12.9700813    0.0715    0.1296    0.0805 11 30 25.50     3.00 
  2023 11 15.479624 22 11 57.9744 -12 58 11.855 332.9915598 -12.9699598 332.9915978 -12.9700813   -0.1333    0.4373    0.1469 11 30 39.50     3.00 
  2023 11 15.480284 22 11 57.9891 -12 58 12.208 332.9916212 -12.9700577 332.9916314 -12.9700812   -0.0356    0.0844    0.0725 11 31 36.50     3.00 
  2023 11 15.480619 22 11 57.9948 -12 58 12.009 332.9916452 -12.9700026 332.9916485 -12.9700812   -0.0115    0.2829    0.0385 11 32  5.50     3.00 
  2023 11 15.483571 22 11 58.0201 -12 58 11.837 332.9917506 -12.9699546 332.9917979 -12.9700808   -0.1659    0.4542    0.1986 11 36 20.50     3.00 
  2023 11 15.484381 22 11 58.0381 -12 58 12.197 332.9918255 -12.9700548 332.9918387 -12.9700807   -0.0463    0.0933    0.0686 11 37 30.50     3.00 
  2023 11 15.485544 22 11 58.0506 -12 58 11.968 332.9918775 -12.9699911 332.9918972 -12.9700806   -0.0690    0.3222    0.0252 11 39 11.00    20.00 
  2023 11 15.486632 22 11 58.0579 -12 58 12.223 332.9919078 -12.9700620 332.9919517 -12.9700805   -0.1537    0.0666    0.1658 11 40 45.00    20.00 
  2023 11 15.487720 22 11 58.0648 -12 58 12.164 332.9919367 -12.9700455 332.9920060 -12.9700804   -0.2431    0.1258    0.2147 11 42 19.00    20.00 
  2023 11 15.488808 22 11 58.0938 -12 58 12.184 332.9920575 -12.9700512 332.9920602 -12.9700804   -0.0096    0.1052    0.0591 11 43 53.00    20.00 
  2023 11 15.489896 22 11 58.1014 -12 58 12.234 332.9920892 -12.9700651 332.9921142 -12.9700803   -0.0879    0.0548    0.1877 11 45 27.00    20.00 
  2023 11 15.490984 22 11 58.1191 -12 58 12.212 332.9921629 -12.9700589 332.9921681 -12.9700803   -0.0181    0.0770    0.0656 11 47  1.00    20.00 
  2023 11 15.491343 22 11 58.1182 -12 58 12.120 332.9921591 -12.9700334 332.9921858 -12.9700803   -0.0936    0.1688    0.0651 11 47 32.00    20.00 
  2023 11 15.491701 22 11 58.1046 -12 58 12.058 332.9921026 -12.9700161 332.9922035 -12.9700803   -0.3538    0.2310    0.1338 11 48  3.00    20.00 
  2023 11 15.493148 22 11 58.1461 -12 58 12.088 332.9922752 -12.9700244 332.9922747 -12.9700803    0.0017    0.2011    0.0760 11 50  8.00    20.00 
  2023 11 15.493507 22 11 58.1514 -12 58 12.193 332.9922973 -12.9700537 332.9922923 -12.9700803    0.0175    0.0957    0.1319 11 50 39.00    20.00 
  2023 11 15.495683 22 11 58.1768 -12 58 12.153 332.9924034 -12.9700426 332.9923988 -12.9700803    0.0163    0.1358    0.0910 11 53 47.00    20.00 
  2023 11 15.496042 22 11 58.1723 -12 58 12.175 332.9923846 -12.9700485 332.9924163 -12.9700803   -0.1110    0.1145    0.0567 11 54 18.00    20.00 
  2023 11 15.497859 22 11 58.1873 -12 58 11.908 332.9924470 -12.9699745 332.9925046 -12.9700804   -0.2019    0.3812    0.0333 11 56 55.00    20.00 
  2023 11 15.502928 22 11 58.2594 -12 58 12.096 332.9927475 -12.9700266 332.9927484 -12.9700807   -0.0031    0.1945    0.1368 12  4 13.00    20.00 
  2023 11 15.504016 22 11 58.2664 -12 58 12.198 332.9927767 -12.9700550 332.9928002 -12.9700808   -0.0828    0.0928    0.0237 12  5 47.00    20.00 
  2023 11 15.504734 22 11 58.2739 -12 58 12.094 332.9928077 -12.9700261 332.9928343 -12.9700808   -0.0933    0.1972    0.0829 12  6 49.00    20.00 
  2023 11 15.506192 22 11 58.2882 -12 58 12.139 332.9928673 -12.9700385 332.9929034 -12.9700810   -0.1265    0.1529    0.1948 12  8 55.00    20.00 
  2023 11 14.478571 22 11 53.9569 -12 58 52.403 332.9748206 -12.9812229 332.9748339 -12.9811656   -0.0468   -0.2063    0.1158 11 29  8.50     5.00 
  2023 11 14.479323 22 11 53.9593 -12 58 52.200 332.9748306 -12.9811667 332.9748205 -12.9811612    0.0356   -0.0200    0.0961 11 30 13.50     5.00 
  2023 11 14.479508 22 11 53.9608 -12 58 52.080 332.9748367 -12.9811332 332.9748171 -12.9811600    0.0687    0.0966    0.0577 11 30 29.50     5.00 
  2023 11 14.479705 22 11 53.9507 -12 58 52.337 332.9747945 -12.9812046 332.9748136 -12.9811589   -0.0669   -0.1647    0.0497 11 30 46.50     5.00 
  2023 11 14.480457 22 11 53.9594 -12 58 51.970 332.9748309 -12.9811027 332.9748001 -12.9811544    0.1082    0.1858    0.0035 11 31 51.50     5.00 
  2023 11 14.480642 22 11 53.9544 -12 58 51.923 332.9748102 -12.9810897 332.9747967 -12.9811532    0.0473    0.2288    0.0791 11 32  7.50     5.00 
  2023 11 14.480828 22 11 53.9379 -12 58 52.273 332.9747413 -12.9811870 332.9747934 -12.9811521   -0.1826   -0.1254    0.1121 11 32 23.50     5.00 
  2023 11 14.481580 22 11 53.9479 -12 58 51.826 332.9747828 -12.9810627 332.9747797 -12.9811476    0.0108    0.3056    0.0984 11 33 28.50     5.00 
  2023 11 14.481765 22 11 53.9484 -12 58 52.064 332.9747849 -12.9811288 332.9747763 -12.9811464    0.0301    0.0636    0.1082 11 33 44.50     5.00 
  2023 11 14.482714 22 11 53.9455 -12 58 51.929 332.9747728 -12.9810914 332.9747589 -12.9811407    0.0487    0.1775    0.1139 11 35  6.50     5.00 
  2023 11 14.482911 22 11 53.9469 -12 58 51.936 332.9747788 -12.9810933 332.9747553 -12.9811394    0.0822    0.1660    0.0447 11 35 23.50     5.00 
  2023 11 14.483096 22 11 53.9468 -12 58 52.088 332.9747782 -12.9811356 332.9747519 -12.9811383    0.0922    0.0097    0.0946 11 35 39.50     5.00 
  2023 11 14.483848 22 11 53.9391 -12 58 52.134 332.9747462 -12.9811484 332.9747380 -12.9811337    0.0288   -0.0530    0.1261 11 36 44.50     5.00 
  2023 11 14.484045 22 11 53.9438 -12 58 51.911 332.9747657 -12.9810863 332.9747344 -12.9811325    0.1100    0.1663    0.0267 11 37  1.50     5.00 
  2023 11 14.484815 22 11 53.9279 -12 58 52.216 332.9746997 -12.9811710 332.9747201 -12.9811277   -0.0714   -0.1558    0.0701 11 38  8.00    10.00 
  2023 11 14.485787 22 11 53.9353 -12 58 51.849 332.9747304 -12.9810691 332.9747019 -12.9811216    0.1001    0.1893    0.0709 11 39 32.00    10.00 
  2023 11 14.486030 22 11 53.9300 -12 58 51.970 332.9747083 -12.9811027 332.9746973 -12.9811201    0.0387    0.0628    0.0394 11 39 53.00    10.00 
  2023 11 14.486285 22 11 53.9159 -12 58 52.203 332.9746494 -12.9811674 332.9746925 -12.9811185   -0.1512   -0.1760    0.0494 11 40 15.00    10.00 
  2023 11 14.487269 22 11 53.9161 -12 58 52.048 332.9746504 -12.9811243 332.9746739 -12.9811123   -0.0825   -0.0432    0.0821 11 41 40.00    10.00 
  2023 11 14.487512 22 11 53.9185 -12 58 52.058 332.9746602 -12.9811272 332.9746693 -12.9811108   -0.0318   -0.0591    0.0585 11 42  1.00    10.00 
  2023 11 14.487766 22 11 53.9036 -12 58 52.169 332.9745984 -12.9811580 332.9746644 -12.9811092   -0.2317   -0.1759    0.3310 11 42 23.00    10.00 
  2023 11 14.488738 22 11 53.9120 -12 58 52.072 332.9746333 -12.9811312 332.9746459 -12.9811030   -0.0441   -0.1016    0.0424 11 43 47.00    10.00 
  2023 11 14.488993 22 11 53.9158 -12 58 52.073 332.9746490 -12.9811313 332.9746410 -12.9811014    0.0281   -0.1077    0.1797 11 44  9.00    10.00 
  2023 11 14.489977 22 11 53.9089 -12 58 51.949 332.9746206 -12.9810968 332.9746220 -12.9810951   -0.0051   -0.0064    0.0344 11 45 34.00    10.00 
  2023 11 14.490220 22 11 53.9090 -12 58 51.950 332.9746207 -12.9810972 332.9746173 -12.9810935    0.0120   -0.0134    0.0742 11 45 55.00    10.00 
  2023 11 14.490463 22 11 53.9084 -12 58 51.870 332.9746185 -12.9810750 332.9746126 -12.9810919    0.0205    0.0609    0.0346 11 46 16.00    10.00 
  2023 11 14.490718 22 11 53.9014 -12 58 52.335 332.9745890 -12.9812041 332.9746077 -12.9810903   -0.0656   -0.4096    0.0718 11 46 38.00    10.00 
  2023 11 14.491690 22 11 53.8998 -12 58 51.995 332.9745825 -12.9811096 332.9745887 -12.9810840   -0.0218   -0.0923    0.0673 11 48  2.00    10.00 
  2023 11 14.491944 22 11 53.8851 -12 58 52.251 332.9745214 -12.9811807 332.9745837 -12.9810823   -0.2186   -0.3544    0.1408 11 48 24.00    10.00 
  2023 11 14.496152 22 11 53.8815 -12 58 51.873 332.9745062 -12.9810757 332.9745002 -12.9810545    0.0210   -0.0764    0.0595 11 54 27.50    15.00 
  2023 11 14.496453 22 11 53.8765 -12 58 51.823 332.9744855 -12.9810619 332.9744942 -12.9810525   -0.0304   -0.0341    0.0356 11 54 53.50    15.00 
  2023 11 14.497668 22 11 53.8728 -12 58 51.861 332.9744699 -12.9810725 332.9744696 -12.9810442    0.0009   -0.1017    0.0376 11 56 38.50    15.00 
  2023 11 14.497980 22 11 53.8707 -12 58 51.807 332.9744614 -12.9810575 332.9744633 -12.9810421   -0.0064   -0.0554    0.0708 11 57  5.50    15.00 
  2023 11 14.498281 22 11 53.8681 -12 58 51.854 332.9744504 -12.9810704 332.9744571 -12.9810401   -0.0235   -0.1092    0.0545 11 57 31.50    15.00 
  2023 11 14.499497 22 11 53.8602 -12 58 51.815 332.9744174 -12.9810598 332.9744323 -12.9810318   -0.0523   -0.1009    0.0427 11 59 16.50    15.00 
  2023 11 14.499797 22 11 53.8656 -12 58 51.795 332.9744402 -12.9810542 332.9744261 -12.9810297    0.0493   -0.0883    0.0709 11 59 42.50    15.00 
  2023 11 14.500110 22 11 53.8673 -12 58 51.640 332.9744472 -12.9810111 332.9744197 -12.9810276    0.0965    0.0594    0.0359 12  0  9.50    15.00 
  2023 11 14.501626 22 11 53.8476 -12 58 51.779 332.9743652 -12.9810498 332.9743883 -12.9810171   -0.0811   -0.1179    0.0892 12  2 20.50    15.00 
  2023 11 14.501927 22 11 53.8492 -12 58 51.682 332.9743715 -12.9810229 332.9743820 -12.9810150   -0.0369   -0.0285    0.0471 12  2 46.50    15.00 
  2023 11 14.502240 22 11 53.8477 -12 58 52.111 332.9743653 -12.9811420 332.9743755 -12.9810128   -0.0359   -0.4651    0.0589 12  3 13.50    15.00 
  2023 11 14.503455 22 11 53.8360 -12 58 51.696 332.9743167 -12.9810266 332.9743501 -12.9810043   -0.1171   -0.0804    0.0517 12  4 58.50    15.00 
  2023 11 14.503756 22 11 53.8374 -12 58 51.706 332.9743227 -12.9810294 332.9743438 -12.9810022   -0.0740   -0.0980    0.0852 12  5 24.50    15.00 
  2023 11 15.474670 22 11 57.9161 -12 58 11.921 332.9913172 -12.9699781 332.9913438 -12.9700822   -0.0932    0.3747    0.1246 11 23 31.50     3.00 
  2023 11 15.475492 22 11 57.9234 -12 58 12.152 332.9913474 -12.9700423 332.9913861 -12.9700820   -0.1359    0.1429    0.1431 11 24 42.50     3.00 
  2023 11 15.475666 22 11 57.9369 -12 58 12.135 332.9914036 -12.9700374 332.9913951 -12.9700820    0.0300    0.1606    0.1185 11 24 57.50     3.00 
  2023 11 15.476649 22 11 57.9413 -12 58 12.127 332.9914220 -12.9700352 332.9914457 -12.9700818   -0.0829    0.1678    0.1251 11 26 22.50     3.00 
  2023 11 15.477309 22 11 57.9584 -12 58 12.240 332.9914931 -12.9700667 332.9914795 -12.9700817    0.0479    0.0539    0.0580 11 27 19.50     3.00 
  2023 11 15.477645 22 11 57.9486 -12 58 12.063 332.9914524 -12.9700176 332.9914967 -12.9700816   -0.1554    0.2304    0.1732 11 27 48.50     3.00 
  2023 11 15.479300 22 11 57.9727 -12 58 12.173 332.9915528 -12.9700482 332.9915813 -12.9700814   -0.0998    0.1194    0.0666 11 30 11.50     3.00 
  2023 11 15.479462 22 11 57.9864 -12 58 12.163 332.9916099 -12.9700453 332.9915895 -12.9700813    0.0715    0.1296    0.0805 11 30 25.50     3.00 
  2023 11 15.479624 22 11 57.9744 -12 58 11.855 332.9915598 -12.9699598 332.9915978 -12.9700813   -0.1333    0.4373    0.1469 11 30 39.50     3.00 
  2023 11 15.480284 22 11 57.9891 -12 58 12.208 332.9916212 -12.9700577 332.9916314 -12.9700812   -0.0356    0.0844    0.0725 11 31 36.50     3.00 
  2023 11 15.480619 22 11 57.9948 -12 58 12.009 332.9916452 -12.9700026 332.9916485 -12.9700812   -0.0115    0.2829    0.0385 11 32  5.50     3.00 
  2023 11 15.483571 22 11 58.0201 -12 58 11.837 332.9917506 -12.9699546 332.9917979 -12.9700808   -0.1659    0.4542    0.1986 11 36 20.50     3.00 
  2023 11 15.484381 22 11 58.0381 -12 58 12.197 332.9918255 -12.9700548 332.9918387 -12.9700807   -0.0463    0.0933    0.0686 11 37 30.50     3.00 
  2023 11 15.485544 22 11 58.0506 -12 58 11.968 332.9918775 -12.9699911 332.9918972 -12.9700806   -0.0690    0.3222    0.0252 11 39 11.00    20.00 
  2023 11 15.486632 22 11 58.0579 -12 58 12.223 332.9919078 -12.9700620 332.9919517 -12.9700805   -0.1537    0.0666    0.1658 11 40 45.00    20.00 
  2023 11 15.487720 22 11 58.0648 -12 58 12.164 332.9919367 -12.9700455 332.9920060 -12.9700804   -0.2431    0.1258    0.2147 11 42 19.00    20.00 
  2023 11 15.488808 22 11 58.0938 -12 58 12.184 332.9920575 -12.9700512 332.9920602 -12.9700804   -0.0096    0.1052    0.0591 11 43 53.00    20.00 
  2023 11 15.489896 22 11 58.1014 -12 58 12.234 332.9920892 -12.9700651 332.9921142 -12.9700803   -0.0879    0.0548    0.1877 11 45 27.00    20.00 
  2023 11 15.490984 22 11 58.1191 -12 58 12.212 332.9921629 -12.9700589 332.9921681 -12.9700803   -0.0181    0.0770    0.0656 11 47  1.00    20.00 
  2023 11 15.491343 22 11 58.1182 -12 58 12.120 332.9921591 -12.9700334 332.9921858 -12.9700803   -0.0936    0.1688    0.0651 11 47 32.00    20.00 
  2023 11 15.491701 22 11 58.1046 -12 58 12.058 332.9921026 -12.9700161 332.9922035 -12.9700803   -0.3538    0.2310    0.1338 11 48  3.00    20.00 
  2023 11 15.493148 22 11 58.1461 -12 58 12.088 332.9922752 -12.9700244 332.9922747 -12.9700803    0.0017    0.2011    0.0760 11 50  8.00    20.00 
  2023 11 15.493507 22 11 58.1514 -12 58 12.193 332.9922973 -12.9700537 332.9922923 -12.9700803    0.0175    0.0957    0.1319 11 50 39.00    20.00 
  2023 11 15.495683 22 11 58.1768 -12 58 12.153 332.9924034 -12.9700426 332.9923988 -12.9700803    0.0163    0.1358    0.0910 11 53 47.00    20.00 
  2023 11 15.496042 22 11 58.1723 -12 58 12.175 332.9923846 -12.9700485 332.9924163 -12.9700803   -0.1110    0.1145    0.0567 11 54 18.00    20.00 
  2023 11 15.497859 22 11 58.1873 -12 58 11.908 332.9924470 -12.9699745 332.9925046 -12.9700804   -0.2019    0.3812    0.0333 11 56 55.00    20.00 
  2023 11 15.502928 22 11 58.2594 -12 58 12.096 332.9927475 -12.9700266 332.9927484 -12.9700807   -0.0031    0.1945    0.1368 12  4 13.00    20.00 
  2023 11 15.504016 22 11 58.2664 -12 58 12.198 332.9927767 -12.9700550 332.9928002 -12.9700808   -0.0828    0.0928    0.0237 12  5 47.00    20.00 
  2023 11 15.504734 22 11 58.2739 -12 58 12.094 332.9928077 -12.9700261 332.9928343 -12.9700808   -0.0933    0.1972    0.0829 12  6 49.00    20.00 
  2023 11 15.506192 22 11 58.2882 -12 58 12.139 332.9928673 -12.9700385 332.9929034 -12.9700810   -0.1265    0.1529    0.1948 12  8 55.00    20.00 
  2023 11 14.478571 22 11 53.9569 -12 58 52.403 332.9748206 -12.9812229 332.9748339 -12.9811656   -0.0468   -0.2063    0.1158 11 29  8.50     5.00 
  2023 11 14.479323 22 11 53.9593 -12 58 52.200 332.9748306 -12.9811667 332.9748205 -12.9811612    0.0356   -0.0200    0.0961 11 30 13.50     5.00 
  2023 11 14.479508 22 11 53.9608 -12 58 52.080 332.9748367 -12.9811332 332.9748171 -12.9811600    0.0687    0.0966    0.0577 11 30 29.50     5.00 
  2023 11 14.479705 22 11 53.9507 -12 58 52.337 332.9747945 -12.9812046 332.9748136 -12.9811589   -0.0669   -0.1647    0.0497 11 30 46.50     5.00 
  2023 11 14.480457 22 11 53.9594 -12 58 51.970 332.9748309 -12.9811027 332.9748001 -12.9811544    0.1082    0.1858    0.0035 11 31 51.50     5.00 
  2023 11 14.480642 22 11 53.9544 -12 58 51.923 332.9748102 -12.9810897 332.9747967 -12.9811532    0.0473    0.2288    0.0791 11 32  7.50     5.00 
  2023 11 14.480828 22 11 53.9379 -12 58 52.273 332.9747413 -12.9811870 332.9747934 -12.9811521   -0.1826   -0.1254    0.1121 11 32 23.50     5.00 
  2023 11 14.481580 22 11 53.9479 -12 58 51.826 332.9747828 -12.9810627 332.9747797 -12.9811476    0.0108    0.3056    0.0984 11 33 28.50     5.00 
  2023 11 14.481765 22 11 53.9484 -12 58 52.064 332.9747849 -12.9811288 332.9747763 -12.9811464    0.0301    0.0636    0.1082 11 33 44.50     5.00 
  2023 11 14.482714 22 11 53.9455 -12 58 51.929 332.9747728 -12.9810914 332.9747589 -12.9811407    0.0487    0.1775    0.1139 11 35  6.50     5.00 
  2023 11 14.482911 22 11 53.9469 -12 58 51.936 332.9747788 -12.9810933 332.9747553 -12.9811394    0.0822    0.1660    0.0447 11 35 23.50     5.00 
  2023 11 14.483096 22 11 53.9468 -12 58 52.088 332.9747782 -12.9811356 332.9747519 -12.9811383    0.0922    0.0097    0.0946 11 35 39.50     5.00 
  2023 11 14.483848 22 11 53.9391 -12 58 52.134 332.9747462 -12.9811484 332.9747380 -12.9811337    0.0288   -0.0530    0.1261 11 36 44.50     5.00 
  2023 11 14.484045 22 11 53.9438 -12 58 51.911 332.9747657 -12.9810863 332.9747344 -12.9811325    0.1100    0.1663    0.0267 11 37  1.50     5.00 
  2023 11 14.484815 22 11 53.9279 -12 58 52.216 332.9746997 -12.9811710 332.9747201 -12.9811277   -0.0714   -0.1558    0.0701 11 38  8.00    10.00 
  2023 11 14.485787 22 11 53.9353 -12 58 51.849 332.9747304 -12.9810691 332.9747019 -12.9811216    0.1001    0.1893    0.0709 11 39 32.00    10.00 
  2023 11 14.486030 22 11 53.9300 -12 58 51.970 332.9747083 -12.9811027 332.9746973 -12.9811201    0.0387    0.0628    0.0394 11 39 53.00    10.00 
  2023 11 14.486285 22 11 53.9159 -12 58 52.203 332.9746494 -12.9811674 332.9746925 -12.9811185   -0.1512   -0.1760    0.0494 11 40 15.00    10.00 
  2023 11 14.487269 22 11 53.9161 -12 58 52.048 332.9746504 -12.9811243 332.9746739 -12.9811123   -0.0825   -0.0432    0.0821 11 41 40.00    10.00 
  2023 11 14.487512 22 11 53.9185 -12 58 52.058 332.9746602 -12.9811272 332.9746693 -12.9811108   -0.0318   -0.0591    0.0585 11 42  1.00    10.00 
  2023 11 14.487766 22 11 53.9036 -12 58 52.169 332.9745984 -12.9811580 332.9746644 -12.9811092   -0.2317   -0.1759    0.3310 11 42 23.00    10.00 
  2023 11 14.488738 22 11 53.9120 -12 58 52.072 332.9746333 -12.9811312 332.9746459 -12.9811030   -0.0441   -0.1016    0.0424 11 43 47.00    10.00 
  2023 11 14.488993 22 11 53.9158 -12 58 52.073 332.9746490 -12.9811313 332.9746410 -12.9811014    0.0281   -0.1077    0.1797 11 44  9.00    10.00 
  2023 11 14.489977 22 11 53.9089 -12 58 51.949 332.9746206 -12.9810968 332.9746220 -12.9810951   -0.0051   -0.0064    0.0344 11 45 34.00    10.00 
  2023 11 14.490220 22 11 53.9090 -12 58 51.950 332.9746207 -12.9810972 332.9746173 -12.9810935    0.0120   -0.0134    0.0742 11 45 55.00    10.00 
  2023 11 14.490463 22 11 53.9084 -12 58 51.870 332.9746185 -12.9810750 332.9746126 -12.9810919    0.0205    0.0609    0.0346 11 46 16.00    10.00 
  2023 11 14.490718 22 11 53.9014 -12 58 52.335 332.9745890 -12.9812041 332.9746077 -12.9810903   -0.0656   -0.4096    0.0718 11 46 38.00    10.00 
  2023 11 14.491690 22 11 53.8998 -12 58 51.995 332.9745825 -12.9811096 332.9745887 -12.9810840   -0.0218   -0.0923    0.0673 11 48  2.00    10.00 
  2023 11 14.491944 22 11 53.8851 -12 58 52.251 332.9745214 -12.9811807 332.9745837 -12.9810823   -0.2186   -0.3544    0.1408 11 48 24.00    10.00 
  2023 11 14.496152 22 11 53.8815 -12 58 51.873 332.9745062 -12.9810757 332.9745002 -12.9810545    0.0210   -0.0764    0.0595 11 54 27.50    15.00 
  2023 11 14.496453 22 11 53.8765 -12 58 51.823 332.9744855 -12.9810619 332.9744942 -12.9810525   -0.0304   -0.0341    0.0356 11 54 53.50    15.00 
  2023 11 14.497668 22 11 53.8728 -12 58 51.861 332.9744699 -12.9810725 332.9744696 -12.9810442    0.0009   -0.1017    0.0376 11 56 38.50    15.00 
  2023 11 14.497980 22 11 53.8707 -12 58 51.807 332.9744614 -12.9810575 332.9744633 -12.9810421   -0.0064   -0.0554    0.0708 11 57  5.50    15.00 
  2023 11 14.498281 22 11 53.8681 -12 58 51.854 332.9744504 -12.9810704 332.9744571 -12.9810401   -0.0235   -0.1092    0.0545 11 57 31.50    15.00 
  2023 11 14.499497 22 11 53.8602 -12 58 51.815 332.9744174 -12.9810598 332.9744323 -12.9810318   -0.0523   -0.1009    0.0427 11 59 16.50    15.00 
  2023 11 14.499797 22 11 53.8656 -12 58 51.795 332.9744402 -12.9810542 332.9744261 -12.9810297    0.0493   -0.0883    0.0709 11 59 42.50    15.00 
  2023 11 14.500110 22 11 53.8673 -12 58 51.640 332.9744472 -12.9810111 332.9744197 -12.9810276    0.0965    0.0594    0.0359 12  0  9.50    15.00 
  2023 11 14.501626 22 11 53.8476 -12 58 51.779 332.9743652 -12.9810498 332.9743883 -12.9810171   -0.0811   -0.1179    0.0892 12  2 20.50    15.00 
  2023 11 14.501927 22 11 53.8492 -12 58 51.682 332.9743715 -12.9810229 332.9743820 -12.9810150   -0.0369   -0.0285    0.0471 12  2 46.50    15.00 
  2023 11 14.502240 22 11 53.8477 -12 58 52.111 332.9743653 -12.9811420 332.9743755 -12.9810128   -0.0359   -0.4651    0.0589 12  3 13.50    15.00 
  2023 11 14.503455 22 11 53.8360 -12 58 51.696 332.9743167 -12.9810266 332.9743501 -12.9810043   -0.1171   -0.0804    0.0517 12  4 58.50    15.00 
  2023 11 14.503756 22 11 53.8374 -12 58 51.706 332.9743227 -12.9810294 332.9743438 -12.9810022   -0.0740   -0.0980    0.0852 12  5 24.50    15.00 
  2023 11 15.474670 22 11 57.9161 -12 58 11.921 332.9913172 -12.9699781 332.9913438 -12.9700822   -0.0932    0.3747    0.1246 11 23 31.50     3.00 
  2023 11 15.475492 22 11 57.9234 -12 58 12.152 332.9913474 -12.9700423 332.9913861 -12.9700820   -0.1359    0.1429    0.1431 11 24 42.50     3.00 
  2023 11 15.475666 22 11 57.9369 -12 58 12.135 332.9914036 -12.9700374 332.9913951 -12.9700820    0.0300    0.1606    0.1185 11 24 57.50     3.00 
  2023 11 15.476649 22 11 57.9413 -12 58 12.127 332.9914220 -12.9700352 332.9914457 -12.9700818   -0.0829    0.1678    0.1251 11 26 22.50     3.00 
  2023 11 15.477309 22 11 57.9584 -12 58 12.240 332.9914931 -12.9700667 332.9914795 -12.9700817    0.0479    0.0539    0.0580 11 27 19.50     3.00 
  2023 11 15.477645 22 11 57.9486 -12 58 12.063 332.9914524 -12.9700176 332.9914967 -12.9700816   -0.1554    0.2304    0.1732 11 27 48.50     3.00 
  2023 11 15.479300 22 11 57.9727 -12 58 12.173 332.9915528 -12.9700482 332.9915813 -12.9700814   -0.0998    0.1194    0.0666 11 30 11.50     3.00 
  2023 11 15.479462 22 11 57.9864 -12 58 12.163 332.9916099 -12.9700453 332.9915895 -12.9700813    0.0715    0.1296    0.0805 11 30 25.50     3.00 
  2023 11 15.479624 22 11 57.9744 -12 58 11.855 332.9915598 -12.9699598 332.9915978 -12.9700813   -0.1333    0.4373    0.1469 11 30 39.50     3.00 
  2023 11 15.480284 22 11 57.9891 -12 58 12.208 332.9916212 -12.9700577 332.9916314 -12.9700812   -0.0356    0.0844    0.0725 11 31 36.50     3.00 
  2023 11 15.480619 22 11 57.9948 -12 58 12.009 332.9916452 -12.9700026 332.9916485 -12.9700812   -0.0115    0.2829    0.0385 11 32  5.50     3.00 
  2023 11 15.483571 22 11 58.0201 -12 58 11.837 332.9917506 -12.9699546 332.9917979 -12.9700808   -0.1659    0.4542    0.1986 11 36 20.50     3.00 
  2023 11 15.484381 22 11 58.0381 -12 58 12.197 332.9918255 -12.9700548 332.9918387 -12.9700807   -0.0463    0.0933    0.0686 11 37 30.50     3.00 
  2023 11 15.485544 22 11 58.0506 -12 58 11.968 332.9918775 -12.9699911 332.9918972 -12.9700806   -0.0690    0.3222    0.0252 11 39 11.00    20.00 
  2023 11 15.486632 22 11 58.0579 -12 58 12.223 332.9919078 -12.9700620 332.9919517 -12.9700805   -0.1537    0.0666    0.1658 11 40 45.00    20.00 
  2023 11 15.487720 22 11 58.0648 -12 58 12.164 332.9919367 -12.9700455 332.9920060 -12.9700804   -0.2431    0.1258    0.2147 11 42 19.00    20.00 
  2023 11 15.488808 22 11 58.0938 -12 58 12.184 332.9920575 -12.9700512 332.9920602 -12.9700804   -0.0096    0.1052    0.0591 11 43 53.00    20.00 
  2023 11 15.489896 22 11 58.1014 -12 58 12.234 332.9920892 -12.9700651 332.9921142 -12.9700803   -0.0879    0.0548    0.1877 11 45 27.00    20.00 
  2023 11 15.490984 22 11 58.1191 -12 58 12.212 332.9921629 -12.9700589 332.9921681 -12.9700803   -0.0181    0.0770    0.0656 11 47  1.00    20.00 
  2023 11 15.491343 22 11 58.1182 -12 58 12.120 332.9921591 -12.9700334 332.9921858 -12.9700803   -0.0936    0.1688    0.0651 11 47 32.00    20.00 
  2023 11 15.491701 22 11 58.1046 -12 58 12.058 332.9921026 -12.9700161 332.9922035 -12.9700803   -0.3538    0.2310    0.1338 11 48  3.00    20.00 
  2023 11 15.493148 22 11 58.1461 -12 58 12.088 332.9922752 -12.9700244 332.9922747 -12.9700803    0.0017    0.2011    0.0760 11 50  8.00    20.00 
  2023 11 15.493507 22 11 58.1514 -12 58 12.193 332.9922973 -12.9700537 332.9922923 -12.9700803    0.0175    0.0957    0.1319 11 50 39.00    20.00 
  2023 11 15.495683 22 11 58.1768 -12 58 12.153 332.9924034 -12.9700426 332.9923988 -12.9700803    0.0163    0.1358    0.0910 11 53 47.00    20.00 
  2023 11 15.496042 22 11 58.1723 -12 58 12.175 332.9923846 -12.9700485 332.9924163 -12.9700803   -0.1110    0.1145    0.0567 11 54 18.00    20.00 
  2023 11 15.497859 22 11 58.1873 -12 58 11.908 332.9924470 -12.9699745 332.9925046 -12.9700804   -0.2019    0.3812    0.0333 11 56 55.00    20.00 
  2023 11 15.502928 22 11 58.2594 -12 58 12.096 332.9927475 -12.9700266 332.9927484 -12.9700807   -0.0031    0.1945    0.1368 12  4 13.00    20.00 
  2023 11 15.504016 22 11 58.2664 -12 58 12.198 332.9927767 -12.9700550 332.9928002 -12.9700808   -0.0828    0.0928    0.0237 12  5 47.00    20.00 
  2023 11 15.504734 22 11 58.2739 -12 58 12.094 332.9928077 -12.9700261 332.9928343 -12.9700808   -0.0933    0.1972    0.0829 12  6 49.00    20.00 
  2023 11 15.506192 22 11 58.2882 -12 58 12.139 332.9928673 -12.9700385 332.9929034 -12.9700810   -0.1265    0.1529    0.1948 12  8 55.00    20.00 
