  2023 11 14.478571 22 11 51.2321 -12 58  9.939 332.9634673 -12.9694276 332.9634826 -12.9694081   -0.0539   -0.0702    0.1158 11 29  8.50     5.00 
  2023 11 14.479323 22 11 51.2399 -12 58  9.814 332.9634996 -12.9693926 332.9635084 -12.9694029   -0.0308    0.0370    0.0961 11 30 13.50     5.00 
  2023 11 14.479508 22 11 51.2388 -12 58  9.885 332.9634952 -12.9694125 332.9635148 -12.9694016   -0.0688   -0.0392    0.0577 11 30 29.50     5.00 
  2023 11 14.479705 22 11 51.2410 -12 58  9.912 332.9635040 -12.9694201 332.9635215 -12.9694003   -0.0613   -0.0713    0.0497 11 30 46.50     5.00 
  2023 11 14.480457 22 11 51.2524 -12 58  9.823 332.9635516 -12.9693952 332.9635473 -12.9693951    0.0152   -0.0006    0.0035 11 31 51.50     5.00 
  2023 11 14.480642 22 11 51.2491 -12 58  9.794 332.9635381 -12.9693873 332.9635536 -12.9693938   -0.0546    0.0232    0.0791 11 32  7.50     5.00 
  2023 11 14.480828 22 11 51.2461 -12 58  9.716 332.9635255 -12.9693655 332.9635600 -12.9693925   -0.1211    0.0973    0.1121 11 32 23.50     5.00 
  2023 11 14.481580 22 11 51.2528 -12 58  9.749 332.9635535 -12.9693748 332.9635858 -12.9693873   -0.1132    0.0450    0.0984 11 33 28.50     5.00 
  2023 11 14.481765 22 11 51.2611 -12 58  9.787 332.9635880 -12.9693853 332.9635921 -12.9693860   -0.0146    0.0027    0.1082 11 33 44.50     5.00 
  2023 11 14.482714 22 11 51.2646 -12 58  9.749 332.9636025 -12.9693748 332.9636247 -12.9693794   -0.0777    0.0167    0.1139 11 35  6.50     5.00 
  2023 11 14.482911 22 11 51.2713 -12 58  9.738 332.9636305 -12.9693717 332.9636314 -12.9693781   -0.0031    0.0229    0.0447 11 35 23.50     5.00 
  2023 11 14.483096 22 11 51.2743 -12 58  9.795 332.9636429 -12.9693876 332.9636378 -12.9693768    0.0180   -0.0389    0.0946 11 35 39.50     5.00 
  2023 11 14.483848 22 11 51.2716 -12 58  9.775 332.9636317 -12.9693820 332.9636635 -12.9693716   -0.1117   -0.0377    0.1261 11 36 44.50     5.00 
  2023 11 14.484045 22 11 51.2826 -12 58  9.773 332.9636777 -12.9693813 332.9636703 -12.9693702    0.0259   -0.0399    0.0267 11 37  1.50     5.00 
  2023 11 14.484815 22 11 51.2840 -12 58  9.762 332.9636834 -12.9693782 332.9636967 -12.9693649   -0.0467   -0.0481    0.0701 11 38  8.00    10.00 
  2023 11 14.485787 22 11 51.2925 -12 58  9.692 332.9637186 -12.9693589 332.9637300 -12.9693581   -0.0402   -0.0029    0.0709 11 39 32.00    10.00 
  2023 11 14.486030 22 11 51.2943 -12 58  9.689 332.9637264 -12.9693582 332.9637383 -12.9693565   -0.0420   -0.0062    0.0394 11 39 53.00    10.00 
  2023 11 14.486285 22 11 51.2993 -12 58  9.683 332.9637469 -12.9693563 332.9637471 -12.9693547   -0.0007   -0.0059    0.0494 11 40 15.00    10.00 
  2023 11 14.487269 22 11 51.2974 -12 58  9.602 332.9637393 -12.9693338 332.9637808 -12.9693479   -0.1455    0.0507    0.0821 11 41 40.00    10.00 
  2023 11 14.487512 22 11 51.3100 -12 58  9.717 332.9637918 -12.9693659 332.9637891 -12.9693462    0.0095   -0.0710    0.0585 11 42  1.00    10.00 
  2023 11 14.487766 22 11 51.3093 -12 58  9.663 332.9637889 -12.9693508 332.9637979 -12.9693444   -0.0314   -0.0231    0.3310 11 42 23.00    10.00 
  2023 11 14.488738 22 11 51.3192 -12 58  9.640 332.9638298 -12.9693445 332.9638312 -12.9693377   -0.0048   -0.0245    0.0424 11 43 47.00    10.00 
  2023 11 14.488993 22 11 51.3185 -12 58  9.676 332.9638271 -12.9693546 332.9638399 -12.9693359   -0.0450   -0.0671    0.1797 11 44  9.00    10.00 
  2023 11 14.489977 22 11 51.3294 -12 58  9.583 332.9638727 -12.9693287 332.9638737 -12.9693291   -0.0035    0.0014    0.0344 11 45 34.00    10.00 
  2023 11 14.490220 22 11 51.3258 -12 58  9.604 332.9638576 -12.9693345 332.9638820 -12.9693274   -0.0858   -0.0256    0.0742 11 45 55.00    10.00 
  2023 11 14.490463 22 11 51.3310 -12 58  9.588 332.9638793 -12.9693299 332.9638904 -12.9693257   -0.0387   -0.0150    0.0346 11 46 16.00    10.00 
  2023 11 14.490718 22 11 51.3349 -12 58  9.606 332.9638952 -12.9693350 332.9638991 -12.9693239   -0.0135   -0.0399    0.0718 11 46 38.00    10.00 
  2023 11 14.491690 22 11 51.3364 -12 58  9.634 332.9639015 -12.9693427 332.9639324 -12.9693172   -0.1085   -0.0917    0.0673 11 48  2.00    10.00 
  2023 11 14.491944 22 11 51.3462 -12 58  9.613 332.9639424 -12.9693370 332.9639412 -12.9693154    0.0044   -0.0777    0.1408 11 48 24.00    10.00 
  2023 11 14.496152 22 11 51.3828 -12 58  9.409 332.9640949 -12.9692804 332.9640855 -12.9692862    0.0332    0.0211    0.0595 11 54 27.50    15.00 
  2023 11 14.496453 22 11 51.3800 -12 58  9.424 332.9640834 -12.9692846 332.9640958 -12.9692841   -0.0435   -0.0016    0.0356 11 54 53.50    15.00 
  2023 11 14.497668 22 11 51.3964 -12 58  9.429 332.9641516 -12.9692858 332.9641375 -12.9692757    0.0494   -0.0365    0.0376 11 56 38.50    15.00 
  2023 11 14.497980 22 11 51.3938 -12 58  9.385 332.9641410 -12.9692737 332.9641482 -12.9692735   -0.0254   -0.0007    0.0708 11 57  5.50    15.00 
  2023 11 14.498281 22 11 51.3973 -12 58  9.405 332.9641556 -12.9692792 332.9641586 -12.9692714   -0.0105   -0.0279    0.0545 11 57 31.50    15.00 
  2023 11 14.499497 22 11 51.3991 -12 58  9.296 332.9641628 -12.9692488 332.9642003 -12.9692630   -0.1314    0.0510    0.0427 11 59 16.50    15.00 
  2023 11 14.499797 22 11 51.4100 -12 58  9.351 332.9642083 -12.9692642 332.9642106 -12.9692609   -0.0079   -0.0121    0.0709 11 59 42.50    15.00 
  2023 11 14.500110 22 11 51.4130 -12 58  9.363 332.9642207 -12.9692675 332.9642213 -12.9692587   -0.0021   -0.0319    0.0359 12  0  9.50    15.00 
  2023 11 14.500411 22 11 51.4135 -12 58  9.387 332.9642229 -12.9692741 332.9642316 -12.9692566   -0.0305   -0.0629    0.0541 12  0 35.50    15.00 
  2023 11 14.501626 22 11 51.4225 -12 58  9.349 332.9642603 -12.9692636 332.9642733 -12.9692481   -0.0459   -0.0556    0.0892 12  2 20.50    15.00 
  2023 11 14.501927 22 11 51.4237 -12 58  9.265 332.9642655 -12.9692403 332.9642837 -12.9692460   -0.0636    0.0208    0.0471 12  2 46.50    15.00 
  2023 11 14.502240 22 11 51.4258 -12 58  9.266 332.9642741 -12.9692405 332.9642944 -12.9692439   -0.0714    0.0120    0.0589 12  3 13.50    15.00 
  2023 11 14.503455 22 11 51.4326 -12 58  9.268 332.9643027 -12.9692410 332.9643361 -12.9692354   -0.1172   -0.0201    0.0517 12  4 58.50    15.00 
  2023 11 14.503756 22 11 51.4408 -12 58  9.329 332.9643366 -12.9692582 332.9643464 -12.9692333   -0.0345   -0.0895    0.0852 12  5 24.50    15.00 
  2023 11 15.474277 22 11 59.9494 -12 57 45.879 332.9997893 -12.9627442 332.9997984 -12.9627074   -0.0321   -0.1326    0.0705 11 22 57.50     3.00 
  2023 11 15.474670 22 11 59.9564 -12 57 45.775 332.9998182 -12.9627154 332.9998123 -12.9627048    0.0208   -0.0380    0.1246 11 23 31.50     3.00 
  2023 11 15.475492 22 11 59.9547 -12 57 45.639 332.9998113 -12.9626774 332.9998413 -12.9626994   -0.1055    0.0794    0.1431 11 24 42.50     3.00 
  2023 11 15.475666 22 11 59.9692 -12 57 45.797 332.9998717 -12.9627213 332.9998475 -12.9626983    0.0849   -0.0829    0.1185 11 24 57.50     3.00 
  2023 11 15.476649 22 11 59.9716 -12 57 45.786 332.9998819 -12.9627184 332.9998822 -12.9626919   -0.0014   -0.0953    0.1251 11 26 22.50     3.00 
  2023 11 15.477309 22 11 59.9737 -12 57 45.688 332.9998902 -12.9626911 332.9999055 -12.9626876   -0.0537   -0.0126    0.0580 11 27 19.50     3.00 
  2023 11 15.479300 22 11 59.9916 -12 57 45.580 332.9999649 -12.9626611 332.9999759 -12.9626746   -0.0386    0.0487    0.0666 11 30 11.50     3.00 
  2023 11 15.479462 22 11 59.9997 -12 57 45.632 332.9999986 -12.9626757 332.9999816 -12.9626735    0.0598   -0.0078    0.0805 11 30 25.50     3.00 
  2023 11 15.479624 22 11 59.9955 -12 57 45.784 332.9999814 -12.9627179 332.9999873 -12.9626725   -0.0209   -0.1636    0.1469 11 30 39.50     3.00 
  2023 11 15.480284 22 12  0.0016 -12 57 45.801 333.0000067 -12.9627226 333.0000106 -12.9626681   -0.0137   -0.1959    0.0725 11 31 36.50     3.00 
  2023 11 15.480619 22 12  0.0125 -12 57 45.565 333.0000522 -12.9626570 333.0000225 -12.9626659    0.1041    0.0322    0.0385 11 32  5.50     3.00 
  2023 11 15.481603 22 12  0.0189 -12 57 45.548 333.0000788 -12.9626523 333.0000572 -12.9626595    0.0757    0.0259    0.0569 11 33 30.50     3.00 
  2023 11 15.483571 22 12  0.0284 -12 57 45.600 333.0001183 -12.9626666 333.0001268 -12.9626466   -0.0297   -0.0718    0.1986 11 36 20.50     3.00 
  2023 11 15.484381 22 12  0.0354 -12 57 45.541 333.0001475 -12.9626504 333.0001554 -12.9626413   -0.0275   -0.0327    0.0686 11 37 30.50     3.00 
  2023 11 15.485544 22 12  0.0477 -12 57 45.433 333.0001988 -12.9626203 333.0001965 -12.9626337    0.0082    0.0483    0.0252 11 39 11.00    20.00 
  2023 11 15.486632 22 12  0.0533 -12 57 45.519 333.0002220 -12.9626443 333.0002349 -12.9626266   -0.0453   -0.0637    0.1658 11 40 45.00    20.00 
  2023 11 15.487720 22 12  0.0539 -12 57 45.530 333.0002245 -12.9626472 333.0002733 -12.9626195   -0.1713   -0.0999    0.2147 11 42 19.00    20.00 
  2023 11 15.488808 22 12  0.0764 -12 57 45.446 333.0003184 -12.9626239 333.0003118 -12.9626123    0.0233   -0.0416    0.0591 11 43 53.00    20.00 
  2023 11 15.489896 22 12  0.0820 -12 57 45.476 333.0003415 -12.9626322 333.0003502 -12.9626052   -0.0304   -0.0972    0.1877 11 45 27.00    20.00 
  2023 11 15.490984 22 12  0.0937 -12 57 45.433 333.0003903 -12.9626202 333.0003886 -12.9625981    0.0057   -0.0796    0.0656 11 47  1.00    20.00 
  2023 11 15.491343 22 12  0.0947 -12 57 45.297 333.0003945 -12.9625825 333.0004013 -12.9625957   -0.0240    0.0476    0.0651 11 47 32.00    20.00 
  2023 11 15.493148 22 12  0.1101 -12 57 45.280 333.0004590 -12.9625779 333.0004651 -12.9625839   -0.0215    0.0216    0.0760 11 50  8.00    20.00 
  2023 11 15.493507 22 12  0.1234 -12 57 45.271 333.0005141 -12.9625752 333.0004778 -12.9625815    0.1273    0.0227    0.1319 11 50 39.00    20.00 
  2023 11 15.495683 22 12  0.1366 -12 57 45.248 333.0005690 -12.9625690 333.0005546 -12.9625672    0.0503   -0.0064    0.0910 11 53 47.00    20.00 
  2023 11 15.496042 22 12  0.1354 -12 57 45.296 333.0005641 -12.9625823 333.0005673 -12.9625649   -0.0113   -0.0625    0.0567 11 54 18.00    20.00 
  2023 11 15.497859 22 12  0.1628 -12 57 45.222 333.0006784 -12.9625617 333.0006315 -12.9625530    0.1645   -0.0314    0.0333 11 56 55.00    20.00 
  2023 11 15.502928 22 12  0.1934 -12 57 45.090 333.0008058 -12.9625250 333.0008106 -12.9625196   -0.0168   -0.0194    0.1368 12  4 13.00    20.00 
  2023 11 15.504016 22 12  0.1968 -12 57 45.141 333.0008199 -12.9625391 333.0008490 -12.9625125   -0.1021   -0.0958    0.0237 12  5 47.00    20.00 
  2023 11 15.504734 22 12  0.2077 -12 57 45.011 333.0008653 -12.9625031 333.0008744 -12.9625078   -0.0318    0.0168    0.0829 12  6 49.00    20.00 
  2023 11 15.506192 22 12  0.2197 -12 57 44.954 333.0009155 -12.9624872 333.0009259 -12.9624982   -0.0365    0.0393    0.1948 12  8 55.00    20.00 
  2023 11 14.478571 22 11 51.2321 -12 58  9.939 332.9634673 -12.9694276 332.9634826 -12.9694081   -0.0539   -0.0702    0.1158 11 29  8.50     5.00 
  2023 11 14.479323 22 11 51.2399 -12 58  9.814 332.9634996 -12.9693926 332.9635084 -12.9694029   -0.0308    0.0370    0.0961 11 30 13.50     5.00 
  2023 11 14.479508 22 11 51.2388 -12 58  9.885 332.9634952 -12.9694125 332.9635148 -12.9694016   -0.0688   -0.0392    0.0577 11 30 29.50     5.00 
  2023 11 14.479705 22 11 51.2410 -12 58  9.912 332.9635040 -12.9694201 332.9635215 -12.9694003   -0.0613   -0.0713    0.0497 11 30 46.50     5.00 
  2023 11 14.480457 22 11 51.2524 -12 58  9.823 332.9635516 -12.9693952 332.9635473 -12.9693951    0.0152   -0.0006    0.0035 11 31 51.50     5.00 
  2023 11 14.480642 22 11 51.2491 -12 58  9.794 332.9635381 -12.9693873 332.9635536 -12.9693938   -0.0546    0.0232    0.0791 11 32  7.50     5.00 
  2023 11 14.480828 22 11 51.2461 -12 58  9.716 332.9635255 -12.9693655 332.9635600 -12.9693925   -0.1211    0.0973    0.1121 11 32 23.50     5.00 
  2023 11 14.481580 22 11 51.2528 -12 58  9.749 332.9635535 -12.9693748 332.9635858 -12.9693873   -0.1132    0.0450    0.0984 11 33 28.50     5.00 
  2023 11 14.481765 22 11 51.2611 -12 58  9.787 332.9635880 -12.9693853 332.9635921 -12.9693860   -0.0146    0.0027    0.1082 11 33 44.50     5.00 
  2023 11 14.482714 22 11 51.2646 -12 58  9.749 332.9636025 -12.9693748 332.9636247 -12.9693794   -0.0777    0.0167    0.1139 11 35  6.50     5.00 
  2023 11 14.482911 22 11 51.2713 -12 58  9.738 332.9636305 -12.9693717 332.9636314 -12.9693781   -0.0031    0.0229    0.0447 11 35 23.50     5.00 
  2023 11 14.483096 22 11 51.2743 -12 58  9.795 332.9636429 -12.9693876 332.9636378 -12.9693768    0.0180   -0.0389    0.0946 11 35 39.50     5.00 
  2023 11 14.483848 22 11 51.2716 -12 58  9.775 332.9636317 -12.9693820 332.9636635 -12.9693716   -0.1117   -0.0377    0.1261 11 36 44.50     5.00 
  2023 11 14.484045 22 11 51.2826 -12 58  9.773 332.9636777 -12.9693813 332.9636703 -12.9693702    0.0259   -0.0399    0.0267 11 37  1.50     5.00 
  2023 11 14.484815 22 11 51.2840 -12 58  9.762 332.9636834 -12.9693782 332.9636967 -12.9693649   -0.0467   -0.0481    0.0701 11 38  8.00    10.00 
  2023 11 14.485787 22 11 51.2925 -12 58  9.692 332.9637186 -12.9693589 332.9637300 -12.9693581   -0.0402   -0.0029    0.0709 11 39 32.00    10.00 
  2023 11 14.486030 22 11 51.2943 -12 58  9.689 332.9637264 -12.9693582 332.9637383 -12.9693565   -0.0420   -0.0062    0.0394 11 39 53.00    10.00 
  2023 11 14.486285 22 11 51.2993 -12 58  9.683 332.9637469 -12.9693563 332.9637471 -12.9693547   -0.0007   -0.0059    0.0494 11 40 15.00    10.00 
  2023 11 14.487269 22 11 51.2974 -12 58  9.602 332.9637393 -12.9693338 332.9637808 -12.9693479   -0.1455    0.0507    0.0821 11 41 40.00    10.00 
  2023 11 14.487512 22 11 51.3100 -12 58  9.717 332.9637918 -12.9693659 332.9637891 -12.9693462    0.0095   -0.0710    0.0585 11 42  1.00    10.00 
  2023 11 14.487766 22 11 51.3093 -12 58  9.663 332.9637889 -12.9693508 332.9637979 -12.9693444   -0.0314   -0.0231    0.3310 11 42 23.00    10.00 
  2023 11 14.488738 22 11 51.3192 -12 58  9.640 332.9638298 -12.9693445 332.9638312 -12.9693377   -0.0048   -0.0245    0.0424 11 43 47.00    10.00 
  2023 11 14.488993 22 11 51.3185 -12 58  9.676 332.9638271 -12.9693546 332.9638399 -12.9693359   -0.0450   -0.0671    0.1797 11 44  9.00    10.00 
  2023 11 14.489977 22 11 51.3294 -12 58  9.583 332.9638727 -12.9693287 332.9638737 -12.9693291   -0.0035    0.0014    0.0344 11 45 34.00    10.00 
  2023 11 14.490220 22 11 51.3258 -12 58  9.604 332.9638576 -12.9693345 332.9638820 -12.9693274   -0.0858   -0.0256    0.0742 11 45 55.00    10.00 
  2023 11 14.490463 22 11 51.3310 -12 58  9.588 332.9638793 -12.9693299 332.9638904 -12.9693257   -0.0387   -0.0150    0.0346 11 46 16.00    10.00 
  2023 11 14.490718 22 11 51.3349 -12 58  9.606 332.9638952 -12.9693350 332.9638991 -12.9693239   -0.0135   -0.0399    0.0718 11 46 38.00    10.00 
  2023 11 14.491690 22 11 51.3364 -12 58  9.634 332.9639015 -12.9693427 332.9639324 -12.9693172   -0.1085   -0.0917    0.0673 11 48  2.00    10.00 
  2023 11 14.491944 22 11 51.3462 -12 58  9.613 332.9639424 -12.9693370 332.9639412 -12.9693154    0.0044   -0.0777    0.1408 11 48 24.00    10.00 
  2023 11 14.496152 22 11 51.3828 -12 58  9.409 332.9640949 -12.9692804 332.9640855 -12.9692862    0.0332    0.0211    0.0595 11 54 27.50    15.00 
  2023 11 14.496453 22 11 51.3800 -12 58  9.424 332.9640834 -12.9692846 332.9640958 -12.9692841   -0.0435   -0.0016    0.0356 11 54 53.50    15.00 
  2023 11 14.497668 22 11 51.3964 -12 58  9.429 332.9641516 -12.9692858 332.9641375 -12.9692757    0.0494   -0.0365    0.0376 11 56 38.50    15.00 
  2023 11 14.497980 22 11 51.3938 -12 58  9.385 332.9641410 -12.9692737 332.9641482 -12.9692735   -0.0254   -0.0007    0.0708 11 57  5.50    15.00 
  2023 11 14.498281 22 11 51.3973 -12 58  9.405 332.9641556 -12.9692792 332.9641586 -12.9692714   -0.0105   -0.0279    0.0545 11 57 31.50    15.00 
  2023 11 14.499497 22 11 51.3991 -12 58  9.296 332.9641628 -12.9692488 332.9642003 -12.9692630   -0.1314    0.0510    0.0427 11 59 16.50    15.00 
  2023 11 14.499797 22 11 51.4100 -12 58  9.351 332.9642083 -12.9692642 332.9642106 -12.9692609   -0.0079   -0.0121    0.0709 11 59 42.50    15.00 
  2023 11 14.500110 22 11 51.4130 -12 58  9.363 332.9642207 -12.9692675 332.9642213 -12.9692587   -0.0021   -0.0319    0.0359 12  0  9.50    15.00 
  2023 11 14.500411 22 11 51.4135 -12 58  9.387 332.9642229 -12.9692741 332.9642316 -12.9692566   -0.0305   -0.0629    0.0541 12  0 35.50    15.00 
  2023 11 14.501626 22 11 51.4225 -12 58  9.349 332.9642603 -12.9692636 332.9642733 -12.9692481   -0.0459   -0.0556    0.0892 12  2 20.50    15.00 
  2023 11 14.501927 22 11 51.4237 -12 58  9.265 332.9642655 -12.9692403 332.9642837 -12.9692460   -0.0636    0.0208    0.0471 12  2 46.50    15.00 
  2023 11 14.502240 22 11 51.4258 -12 58  9.266 332.9642741 -12.9692405 332.9642944 -12.9692439   -0.0714    0.0120    0.0589 12  3 13.50    15.00 
  2023 11 14.503455 22 11 51.4326 -12 58  9.268 332.9643027 -12.9692410 332.9643361 -12.9692354   -0.1172   -0.0201    0.0517 12  4 58.50    15.00 
  2023 11 14.503756 22 11 51.4408 -12 58  9.329 332.9643366 -12.9692582 332.9643464 -12.9692333   -0.0345   -0.0895    0.0852 12  5 24.50    15.00 
  2023 11 15.474277 22 11 59.9494 -12 57 45.879 332.9997893 -12.9627442 332.9997984 -12.9627074   -0.0321   -0.1326    0.0705 11 22 57.50     3.00 
  2023 11 15.474670 22 11 59.9564 -12 57 45.775 332.9998182 -12.9627154 332.9998123 -12.9627048    0.0208   -0.0380    0.1246 11 23 31.50     3.00 
  2023 11 15.475492 22 11 59.9547 -12 57 45.639 332.9998113 -12.9626774 332.9998413 -12.9626994   -0.1055    0.0794    0.1431 11 24 42.50     3.00 
  2023 11 15.475666 22 11 59.9692 -12 57 45.797 332.9998717 -12.9627213 332.9998475 -12.9626983    0.0849   -0.0829    0.1185 11 24 57.50     3.00 
  2023 11 15.476649 22 11 59.9716 -12 57 45.786 332.9998819 -12.9627184 332.9998822 -12.9626919   -0.0014   -0.0953    0.1251 11 26 22.50     3.00 
  2023 11 15.477309 22 11 59.9737 -12 57 45.688 332.9998902 -12.9626911 332.9999055 -12.9626876   -0.0537   -0.0126    0.0580 11 27 19.50     3.00 
  2023 11 15.479300 22 11 59.9916 -12 57 45.580 332.9999649 -12.9626611 332.9999759 -12.9626746   -0.0386    0.0487    0.0666 11 30 11.50     3.00 
  2023 11 15.479462 22 11 59.9997 -12 57 45.632 332.9999986 -12.9626757 332.9999816 -12.9626735    0.0598   -0.0078    0.0805 11 30 25.50     3.00 
  2023 11 15.479624 22 11 59.9955 -12 57 45.784 332.9999814 -12.9627179 332.9999873 -12.9626725   -0.0209   -0.1636    0.1469 11 30 39.50     3.00 
  2023 11 15.480284 22 12  0.0016 -12 57 45.801 333.0000067 -12.9627226 333.0000106 -12.9626681   -0.0137   -0.1959    0.0725 11 31 36.50     3.00 
  2023 11 15.480619 22 12  0.0125 -12 57 45.565 333.0000522 -12.9626570 333.0000225 -12.9626659    0.1041    0.0322    0.0385 11 32  5.50     3.00 
  2023 11 15.481603 22 12  0.0189 -12 57 45.548 333.0000788 -12.9626523 333.0000572 -12.9626595    0.0757    0.0259    0.0569 11 33 30.50     3.00 
  2023 11 15.483571 22 12  0.0284 -12 57 45.600 333.0001183 -12.9626666 333.0001268 -12.9626466   -0.0297   -0.0718    0.1986 11 36 20.50     3.00 
  2023 11 15.484381 22 12  0.0354 -12 57 45.541 333.0001475 -12.9626504 333.0001554 -12.9626413   -0.0275   -0.0327    0.0686 11 37 30.50     3.00 
  2023 11 15.485544 22 12  0.0477 -12 57 45.433 333.0001988 -12.9626203 333.0001965 -12.9626337    0.0082    0.0483    0.0252 11 39 11.00    20.00 
  2023 11 15.486632 22 12  0.0533 -12 57 45.519 333.0002220 -12.9626443 333.0002349 -12.9626266   -0.0453   -0.0637    0.1658 11 40 45.00    20.00 
  2023 11 15.487720 22 12  0.0539 -12 57 45.530 333.0002245 -12.9626472 333.0002733 -12.9626195   -0.1713   -0.0999    0.2147 11 42 19.00    20.00 
  2023 11 15.488808 22 12  0.0764 -12 57 45.446 333.0003184 -12.9626239 333.0003118 -12.9626123    0.0233   -0.0416    0.0591 11 43 53.00    20.00 
  2023 11 15.489896 22 12  0.0820 -12 57 45.476 333.0003415 -12.9626322 333.0003502 -12.9626052   -0.0304   -0.0972    0.1877 11 45 27.00    20.00 
  2023 11 15.490984 22 12  0.0937 -12 57 45.433 333.0003903 -12.9626202 333.0003886 -12.9625981    0.0057   -0.0796    0.0656 11 47  1.00    20.00 
  2023 11 15.491343 22 12  0.0947 -12 57 45.297 333.0003945 -12.9625825 333.0004013 -12.9625957   -0.0240    0.0476    0.0651 11 47 32.00    20.00 
  2023 11 15.493148 22 12  0.1101 -12 57 45.280 333.0004590 -12.9625779 333.0004651 -12.9625839   -0.0215    0.0216    0.0760 11 50  8.00    20.00 
  2023 11 15.493507 22 12  0.1234 -12 57 45.271 333.0005141 -12.9625752 333.0004778 -12.9625815    0.1273    0.0227    0.1319 11 50 39.00    20.00 
  2023 11 15.495683 22 12  0.1366 -12 57 45.248 333.0005690 -12.9625690 333.0005546 -12.9625672    0.0503   -0.0064    0.0910 11 53 47.00    20.00 
  2023 11 15.496042 22 12  0.1354 -12 57 45.296 333.0005641 -12.9625823 333.0005673 -12.9625649   -0.0113   -0.0625    0.0567 11 54 18.00    20.00 
  2023 11 15.497859 22 12  0.1628 -12 57 45.222 333.0006784 -12.9625617 333.0006315 -12.9625530    0.1645   -0.0314    0.0333 11 56 55.00    20.00 
  2023 11 15.502928 22 12  0.1934 -12 57 45.090 333.0008058 -12.9625250 333.0008106 -12.9625196   -0.0168   -0.0194    0.1368 12  4 13.00    20.00 
  2023 11 15.504016 22 12  0.1968 -12 57 45.141 333.0008199 -12.9625391 333.0008490 -12.9625125   -0.1021   -0.0958    0.0237 12  5 47.00    20.00 
  2023 11 15.504734 22 12  0.2077 -12 57 45.011 333.0008653 -12.9625031 333.0008744 -12.9625078   -0.0318    0.0168    0.0829 12  6 49.00    20.00 
  2023 11 15.506192 22 12  0.2197 -12 57 44.954 333.0009155 -12.9624872 333.0009259 -12.9624982   -0.0365    0.0393    0.1948 12  8 55.00    20.00 
  2023 11 14.478571 22 11 51.2321 -12 58  9.939 332.9634673 -12.9694276 332.9634826 -12.9694081   -0.0539   -0.0702    0.1158 11 29  8.50     5.00 
  2023 11 14.479323 22 11 51.2399 -12 58  9.814 332.9634996 -12.9693926 332.9635084 -12.9694029   -0.0308    0.0370    0.0961 11 30 13.50     5.00 
  2023 11 14.479508 22 11 51.2388 -12 58  9.885 332.9634952 -12.9694125 332.9635148 -12.9694016   -0.0688   -0.0392    0.0577 11 30 29.50     5.00 
  2023 11 14.479705 22 11 51.2410 -12 58  9.912 332.9635040 -12.9694201 332.9635215 -12.9694003   -0.0613   -0.0713    0.0497 11 30 46.50     5.00 
  2023 11 14.480457 22 11 51.2524 -12 58  9.823 332.9635516 -12.9693952 332.9635473 -12.9693951    0.0152   -0.0006    0.0035 11 31 51.50     5.00 
  2023 11 14.480642 22 11 51.2491 -12 58  9.794 332.9635381 -12.9693873 332.9635536 -12.9693938   -0.0546    0.0232    0.0791 11 32  7.50     5.00 
  2023 11 14.480828 22 11 51.2461 -12 58  9.716 332.9635255 -12.9693655 332.9635600 -12.9693925   -0.1211    0.0973    0.1121 11 32 23.50     5.00 
  2023 11 14.481580 22 11 51.2528 -12 58  9.749 332.9635535 -12.9693748 332.9635858 -12.9693873   -0.1132    0.0450    0.0984 11 33 28.50     5.00 
  2023 11 14.481765 22 11 51.2611 -12 58  9.787 332.9635880 -12.9693853 332.9635921 -12.9693860   -0.0146    0.0027    0.1082 11 33 44.50     5.00 
  2023 11 14.482714 22 11 51.2646 -12 58  9.749 332.9636025 -12.9693748 332.9636247 -12.9693794   -0.0777    0.0167    0.1139 11 35  6.50     5.00 
  2023 11 14.482911 22 11 51.2713 -12 58  9.738 332.9636305 -12.9693717 332.9636314 -12.9693781   -0.0031    0.0229    0.0447 11 35 23.50     5.00 
  2023 11 14.483096 22 11 51.2743 -12 58  9.795 332.9636429 -12.9693876 332.9636378 -12.9693768    0.0180   -0.0389    0.0946 11 35 39.50     5.00 
  2023 11 14.483848 22 11 51.2716 -12 58  9.775 332.9636317 -12.9693820 332.9636635 -12.9693716   -0.1117   -0.0377    0.1261 11 36 44.50     5.00 
  2023 11 14.484045 22 11 51.2826 -12 58  9.773 332.9636777 -12.9693813 332.9636703 -12.9693702    0.0259   -0.0399    0.0267 11 37  1.50     5.00 
  2023 11 14.484815 22 11 51.2840 -12 58  9.762 332.9636834 -12.9693782 332.9636967 -12.9693649   -0.0467   -0.0481    0.0701 11 38  8.00    10.00 
  2023 11 14.485787 22 11 51.2925 -12 58  9.692 332.9637186 -12.9693589 332.9637300 -12.9693581   -0.0402   -0.0029    0.0709 11 39 32.00    10.00 
  2023 11 14.486030 22 11 51.2943 -12 58  9.689 332.9637264 -12.9693582 332.9637383 -12.9693565   -0.0420   -0.0062    0.0394 11 39 53.00    10.00 
  2023 11 14.486285 22 11 51.2993 -12 58  9.683 332.9637469 -12.9693563 332.9637471 -12.9693547   -0.0007   -0.0059    0.0494 11 40 15.00    10.00 
  2023 11 14.487269 22 11 51.2974 -12 58  9.602 332.9637393 -12.9693338 332.9637808 -12.9693479   -0.1455    0.0507    0.0821 11 41 40.00    10.00 
  2023 11 14.487512 22 11 51.3100 -12 58  9.717 332.9637918 -12.9693659 332.9637891 -12.9693462    0.0095   -0.0710    0.0585 11 42  1.00    10.00 
  2023 11 14.487766 22 11 51.3093 -12 58  9.663 332.9637889 -12.9693508 332.9637979 -12.9693444   -0.0314   -0.0231    0.3310 11 42 23.00    10.00 
  2023 11 14.488738 22 11 51.3192 -12 58  9.640 332.9638298 -12.9693445 332.9638312 -12.9693377   -0.0048   -0.0245    0.0424 11 43 47.00    10.00 
  2023 11 14.488993 22 11 51.3185 -12 58  9.676 332.9638271 -12.9693546 332.9638399 -12.9693359   -0.0450   -0.0671    0.1797 11 44  9.00    10.00 
  2023 11 14.489977 22 11 51.3294 -12 58  9.583 332.9638727 -12.9693287 332.9638737 -12.9693291   -0.0035    0.0014    0.0344 11 45 34.00    10.00 
  2023 11 14.490220 22 11 51.3258 -12 58  9.604 332.9638576 -12.9693345 332.9638820 -12.9693274   -0.0858   -0.0256    0.0742 11 45 55.00    10.00 
  2023 11 14.490463 22 11 51.3310 -12 58  9.588 332.9638793 -12.9693299 332.9638904 -12.9693257   -0.0387   -0.0150    0.0346 11 46 16.00    10.00 
  2023 11 14.490718 22 11 51.3349 -12 58  9.606 332.9638952 -12.9693350 332.9638991 -12.9693239   -0.0135   -0.0399    0.0718 11 46 38.00    10.00 
  2023 11 14.491690 22 11 51.3364 -12 58  9.634 332.9639015 -12.9693427 332.9639324 -12.9693172   -0.1085   -0.0917    0.0673 11 48  2.00    10.00 
  2023 11 14.491944 22 11 51.3462 -12 58  9.613 332.9639424 -12.9693370 332.9639412 -12.9693154    0.0044   -0.0777    0.1408 11 48 24.00    10.00 
  2023 11 14.496152 22 11 51.3828 -12 58  9.409 332.9640949 -12.9692804 332.9640855 -12.9692862    0.0332    0.0211    0.0595 11 54 27.50    15.00 
  2023 11 14.496453 22 11 51.3800 -12 58  9.424 332.9640834 -12.9692846 332.9640958 -12.9692841   -0.0435   -0.0016    0.0356 11 54 53.50    15.00 
  2023 11 14.497668 22 11 51.3964 -12 58  9.429 332.9641516 -12.9692858 332.9641375 -12.9692757    0.0494   -0.0365    0.0376 11 56 38.50    15.00 
  2023 11 14.497980 22 11 51.3938 -12 58  9.385 332.9641410 -12.9692737 332.9641482 -12.9692735   -0.0254   -0.0007    0.0708 11 57  5.50    15.00 
  2023 11 14.498281 22 11 51.3973 -12 58  9.405 332.9641556 -12.9692792 332.9641586 -12.9692714   -0.0105   -0.0279    0.0545 11 57 31.50    15.00 
  2023 11 14.499497 22 11 51.3991 -12 58  9.296 332.9641628 -12.9692488 332.9642003 -12.9692630   -0.1314    0.0510    0.0427 11 59 16.50    15.00 
  2023 11 14.499797 22 11 51.4100 -12 58  9.351 332.9642083 -12.9692642 332.9642106 -12.9692609   -0.0079   -0.0121    0.0709 11 59 42.50    15.00 
  2023 11 14.500110 22 11 51.4130 -12 58  9.363 332.9642207 -12.9692675 332.9642213 -12.9692587   -0.0021   -0.0319    0.0359 12  0  9.50    15.00 
  2023 11 14.500411 22 11 51.4135 -12 58  9.387 332.9642229 -12.9692741 332.9642316 -12.9692566   -0.0305   -0.0629    0.0541 12  0 35.50    15.00 
  2023 11 14.501626 22 11 51.4225 -12 58  9.349 332.9642603 -12.9692636 332.9642733 -12.9692481   -0.0459   -0.0556    0.0892 12  2 20.50    15.00 
  2023 11 14.501927 22 11 51.4237 -12 58  9.265 332.9642655 -12.9692403 332.9642837 -12.9692460   -0.0636    0.0208    0.0471 12  2 46.50    15.00 
  2023 11 14.502240 22 11 51.4258 -12 58  9.266 332.9642741 -12.9692405 332.9642944 -12.9692439   -0.0714    0.0120    0.0589 12  3 13.50    15.00 
  2023 11 14.503455 22 11 51.4326 -12 58  9.268 332.9643027 -12.9692410 332.9643361 -12.9692354   -0.1172   -0.0201    0.0517 12  4 58.50    15.00 
  2023 11 14.503756 22 11 51.4408 -12 58  9.329 332.9643366 -12.9692582 332.9643464 -12.9692333   -0.0345   -0.0895    0.0852 12  5 24.50    15.00 
  2023 11 15.474277 22 11 59.9494 -12 57 45.879 332.9997893 -12.9627442 332.9997984 -12.9627074   -0.0321   -0.1326    0.0705 11 22 57.50     3.00 
  2023 11 15.474670 22 11 59.9564 -12 57 45.775 332.9998182 -12.9627154 332.9998123 -12.9627048    0.0208   -0.0380    0.1246 11 23 31.50     3.00 
  2023 11 15.475492 22 11 59.9547 -12 57 45.639 332.9998113 -12.9626774 332.9998413 -12.9626994   -0.1055    0.0794    0.1431 11 24 42.50     3.00 
  2023 11 15.475666 22 11 59.9692 -12 57 45.797 332.9998717 -12.9627213 332.9998475 -12.9626983    0.0849   -0.0829    0.1185 11 24 57.50     3.00 
  2023 11 15.476649 22 11 59.9716 -12 57 45.786 332.9998819 -12.9627184 332.9998822 -12.9626919   -0.0014   -0.0953    0.1251 11 26 22.50     3.00 
  2023 11 15.477309 22 11 59.9737 -12 57 45.688 332.9998902 -12.9626911 332.9999055 -12.9626876   -0.0537   -0.0126    0.0580 11 27 19.50     3.00 
  2023 11 15.479300 22 11 59.9916 -12 57 45.580 332.9999649 -12.9626611 332.9999759 -12.9626746   -0.0386    0.0487    0.0666 11 30 11.50     3.00 
  2023 11 15.479462 22 11 59.9997 -12 57 45.632 332.9999986 -12.9626757 332.9999816 -12.9626735    0.0598   -0.0078    0.0805 11 30 25.50     3.00 
  2023 11 15.479624 22 11 59.9955 -12 57 45.784 332.9999814 -12.9627179 332.9999873 -12.9626725   -0.0209   -0.1636    0.1469 11 30 39.50     3.00 
  2023 11 15.480284 22 12  0.0016 -12 57 45.801 333.0000067 -12.9627226 333.0000106 -12.9626681   -0.0137   -0.1959    0.0725 11 31 36.50     3.00 
  2023 11 15.480619 22 12  0.0125 -12 57 45.565 333.0000522 -12.9626570 333.0000225 -12.9626659    0.1041    0.0322    0.0385 11 32  5.50     3.00 
  2023 11 15.481603 22 12  0.0189 -12 57 45.548 333.0000788 -12.9626523 333.0000572 -12.9626595    0.0757    0.0259    0.0569 11 33 30.50     3.00 
  2023 11 15.483571 22 12  0.0284 -12 57 45.600 333.0001183 -12.9626666 333.0001268 -12.9626466   -0.0297   -0.0718    0.1986 11 36 20.50     3.00 
  2023 11 15.484381 22 12  0.0354 -12 57 45.541 333.0001475 -12.9626504 333.0001554 -12.9626413   -0.0275   -0.0327    0.0686 11 37 30.50     3.00 
  2023 11 15.485544 22 12  0.0477 -12 57 45.433 333.0001988 -12.9626203 333.0001965 -12.9626337    0.0082    0.0483    0.0252 11 39 11.00    20.00 
  2023 11 15.486632 22 12  0.0533 -12 57 45.519 333.0002220 -12.9626443 333.0002349 -12.9626266   -0.0453   -0.0637    0.1658 11 40 45.00    20.00 
  2023 11 15.487720 22 12  0.0539 -12 57 45.530 333.0002245 -12.9626472 333.0002733 -12.9626195   -0.1713   -0.0999    0.2147 11 42 19.00    20.00 
  2023 11 15.488808 22 12  0.0764 -12 57 45.446 333.0003184 -12.9626239 333.0003118 -12.9626123    0.0233   -0.0416    0.0591 11 43 53.00    20.00 
  2023 11 15.489896 22 12  0.0820 -12 57 45.476 333.0003415 -12.9626322 333.0003502 -12.9626052   -0.0304   -0.0972    0.1877 11 45 27.00    20.00 
  2023 11 15.490984 22 12  0.0937 -12 57 45.433 333.0003903 -12.9626202 333.0003886 -12.9625981    0.0057   -0.0796    0.0656 11 47  1.00    20.00 
  2023 11 15.491343 22 12  0.0947 -12 57 45.297 333.0003945 -12.9625825 333.0004013 -12.9625957   -0.0240    0.0476    0.0651 11 47 32.00    20.00 
  2023 11 15.493148 22 12  0.1101 -12 57 45.280 333.0004590 -12.9625779 333.0004651 -12.9625839   -0.0215    0.0216    0.0760 11 50  8.00    20.00 
  2023 11 15.493507 22 12  0.1234 -12 57 45.271 333.0005141 -12.9625752 333.0004778 -12.9625815    0.1273    0.0227    0.1319 11 50 39.00    20.00 
  2023 11 15.495683 22 12  0.1366 -12 57 45.248 333.0005690 -12.9625690 333.0005546 -12.9625672    0.0503   -0.0064    0.0910 11 53 47.00    20.00 
  2023 11 15.496042 22 12  0.1354 -12 57 45.296 333.0005641 -12.9625823 333.0005673 -12.9625649   -0.0113   -0.0625    0.0567 11 54 18.00    20.00 
  2023 11 15.497859 22 12  0.1628 -12 57 45.222 333.0006784 -12.9625617 333.0006315 -12.9625530    0.1645   -0.0314    0.0333 11 56 55.00    20.00 
  2023 11 15.502928 22 12  0.1934 -12 57 45.090 333.0008058 -12.9625250 333.0008106 -12.9625196   -0.0168   -0.0194    0.1368 12  4 13.00    20.00 
  2023 11 15.504016 22 12  0.1968 -12 57 45.141 333.0008199 -12.9625391 333.0008490 -12.9625125   -0.1021   -0.0958    0.0237 12  5 47.00    20.00 
  2023 11 15.504734 22 12  0.2077 -12 57 45.011 333.0008653 -12.9625031 333.0008744 -12.9625078   -0.0318    0.0168    0.0829 12  6 49.00    20.00 
  2023 11 15.506192 22 12  0.2197 -12 57 44.954 333.0009155 -12.9624872 333.0009259 -12.9624982   -0.0365    0.0393    0.1948 12  8 55.00    20.00 
