  2023 11 14.478571 22 11 56.0692 -12 58 50.218 332.9836216 -12.9806161 332.9836122 -12.9805797    0.0330   -0.1311    0.1158 11 29  8.50     5.00 
  2023 11 14.479323 22 11 56.0630 -12 58 50.052 332.9835958 -12.9805699 332.9836251 -12.9805785   -0.1029    0.0310    0.0961 11 30 13.50     5.00 
  2023 11 14.479508 22 11 56.0689 -12 58 50.205 332.9836206 -12.9806124 332.9836283 -12.9805782   -0.0271   -0.1230    0.0577 11 30 29.50     5.00 
  2023 11 14.479705 22 11 56.0718 -12 58 50.202 332.9836326 -12.9806117 332.9836317 -12.9805779    0.0031   -0.1216    0.0497 11 30 46.50     5.00 
  2023 11 14.480457 22 11 56.0745 -12 58 50.069 332.9836438 -12.9805746 332.9836446 -12.9805768   -0.0029    0.0076    0.0035 11 31 51.50     5.00 
  2023 11 14.480642 22 11 56.0731 -12 58 50.054 332.9836378 -12.9805707 332.9836478 -12.9805765   -0.0349    0.0209    0.0791 11 32  7.50     5.00 
  2023 11 14.480828 22 11 56.0678 -12 58 50.010 332.9836160 -12.9805582 332.9836509 -12.9805762   -0.1226    0.0648    0.1121 11 32 23.50     5.00 
  2023 11 14.481580 22 11 56.0733 -12 58 50.019 332.9836388 -12.9805609 332.9836638 -12.9805750   -0.0875    0.0508    0.0984 11 33 28.50     5.00 
  2023 11 14.481765 22 11 56.0799 -12 58 50.073 332.9836662 -12.9805760 332.9836669 -12.9805747   -0.0024   -0.0044    0.1082 11 33 44.50     5.00 
  2023 11 14.482714 22 11 56.0803 -12 58 50.121 332.9836678 -12.9805890 332.9836830 -12.9805732   -0.0536   -0.0569    0.1139 11 35  6.50     5.00 
  2023 11 14.482911 22 11 56.0843 -12 58 50.101 332.9836844 -12.9805837 332.9836864 -12.9805729   -0.0068   -0.0390    0.0447 11 35 23.50     5.00 
  2023 11 14.483848 22 11 56.0840 -12 58 50.070 332.9836833 -12.9805750 332.9837022 -12.9805714   -0.0665   -0.0128    0.1261 11 36 44.50     5.00 
  2023 11 14.484045 22 11 56.0914 -12 58 50.104 332.9837140 -12.9805843 332.9837055 -12.9805711    0.0297   -0.0476    0.0267 11 37  1.50     5.00 
  2023 11 14.484815 22 11 56.0952 -12 58 50.110 332.9837300 -12.9805861 332.9837184 -12.9805699    0.0405   -0.0582    0.0701 11 38  8.00    10.00 
  2023 11 14.485787 22 11 56.0989 -12 58 50.008 332.9837454 -12.9805579 332.9837347 -12.9805683    0.0374    0.0376    0.0709 11 39 32.00    10.00 
  2023 11 14.486030 22 11 56.0973 -12 58 50.048 332.9837389 -12.9805688 332.9837388 -12.9805679    0.0005   -0.0030    0.0394 11 39 53.00    10.00 
  2023 11 14.486285 22 11 56.1005 -12 58 50.123 332.9837521 -12.9805896 332.9837430 -12.9805675    0.0320   -0.0796    0.0494 11 40 15.00    10.00 
  2023 11 14.487269 22 11 56.0958 -12 58 49.969 332.9837325 -12.9805470 332.9837594 -12.9805659   -0.0943    0.0681    0.0821 11 41 40.00    10.00 
  2023 11 14.487512 22 11 56.1038 -12 58 50.039 332.9837657 -12.9805665 332.9837634 -12.9805655    0.0082   -0.0033    0.0585 11 42  1.00    10.00 
  2023 11 14.487766 22 11 56.1006 -12 58 49.969 332.9837523 -12.9805470 332.9837676 -12.9805651   -0.0535    0.0654    0.3310 11 42 23.00    10.00 
  2023 11 14.488738 22 11 56.1045 -12 58 50.024 332.9837686 -12.9805622 332.9837836 -12.9805635   -0.0527    0.0048    0.0424 11 43 47.00    10.00 
  2023 11 14.488993 22 11 56.1099 -12 58 50.075 332.9837911 -12.9805764 332.9837878 -12.9805631    0.0116   -0.0479    0.1797 11 44  9.00    10.00 
  2023 11 14.489977 22 11 56.1098 -12 58 50.006 332.9837907 -12.9805572 332.9838039 -12.9805615   -0.0466    0.0156    0.0344 11 45 34.00    10.00 
  2023 11 14.490220 22 11 56.1126 -12 58 50.038 332.9838023 -12.9805661 332.9838079 -12.9805611   -0.0196   -0.0179    0.0742 11 45 55.00    10.00 
  2023 11 14.490463 22 11 56.1136 -12 58 50.002 332.9838065 -12.9805561 332.9838119 -12.9805607   -0.0188    0.0168    0.0346 11 46 16.00    10.00 
  2023 11 14.490718 22 11 56.1152 -12 58 50.078 332.9838135 -12.9805772 332.9838160 -12.9805603   -0.0091   -0.0610    0.0718 11 46 38.00    10.00 
  2023 11 14.491690 22 11 56.1195 -12 58 50.032 332.9838312 -12.9805644 332.9838318 -12.9805587   -0.0021   -0.0208    0.0673 11 48  2.00    10.00 
  2023 11 14.491944 22 11 56.1160 -12 58 50.114 332.9838167 -12.9805872 332.9838360 -12.9805582   -0.0677   -0.1044    0.1408 11 48 24.00    10.00 
  2023 11 14.496152 22 11 56.1382 -12 58 49.961 332.9839093 -12.9805446 332.9839034 -12.9805511    0.0207    0.0235    0.0595 11 54 27.50    15.00 
  2023 11 14.496453 22 11 56.1364 -12 58 49.952 332.9839017 -12.9805422 332.9839082 -12.9805506   -0.0229    0.0301    0.0356 11 54 53.50    15.00 
  2023 11 14.497668 22 11 56.1438 -12 58 50.026 332.9839327 -12.9805629 332.9839274 -12.9805485    0.0185   -0.0518    0.0376 11 56 38.50    15.00 
  2023 11 14.497980 22 11 56.1424 -12 58 49.916 332.9839267 -12.9805321 332.9839323 -12.9805480   -0.0197    0.0570    0.0708 11 57  5.50    15.00 
  2023 11 14.498281 22 11 56.1431 -12 58 49.946 332.9839295 -12.9805406 332.9839370 -12.9805474   -0.0262    0.0248    0.0545 11 57 31.50    15.00 
  2023 11 14.499497 22 11 56.1458 -12 58 49.998 332.9839409 -12.9805551 332.9839560 -12.9805453   -0.0531   -0.0352    0.0427 11 59 16.50    15.00 
  2023 11 14.499797 22 11 56.1532 -12 58 50.002 332.9839716 -12.9805560 332.9839607 -12.9805448    0.0381   -0.0403    0.0709 11 59 42.50    15.00 
  2023 11 14.500110 22 11 56.1511 -12 58 50.009 332.9839631 -12.9805580 332.9839656 -12.9805442   -0.0089   -0.0495    0.0359 12  0  9.50    15.00 
  2023 11 14.500411 22 11 56.1522 -12 58 50.006 332.9839675 -12.9805571 332.9839703 -12.9805437   -0.0095   -0.0482    0.0541 12  0 35.50    15.00 
  2023 11 14.501626 22 11 56.1534 -12 58 49.968 332.9839727 -12.9805467 332.9839891 -12.9805416   -0.0575   -0.0185    0.0892 12  2 20.50    15.00 
  2023 11 14.501927 22 11 56.1577 -12 58 49.909 332.9839906 -12.9805303 332.9839937 -12.9805410   -0.0110    0.0386    0.0471 12  2 46.50    15.00 
  2023 11 14.502240 22 11 56.1601 -12 58 50.010 332.9840004 -12.9805583 332.9839985 -12.9805405    0.0066   -0.0640    0.0589 12  3 13.50    15.00 
  2023 11 14.503455 22 11 56.1581 -12 58 49.952 332.9839919 -12.9805422 332.9840172 -12.9805383   -0.0886   -0.0139    0.0517 12  4 58.50    15.00 
  2023 11 14.503756 22 11 56.1673 -12 58 50.026 332.9840303 -12.9805628 332.9840217 -12.9805378    0.0300   -0.0900    0.0852 12  5 24.50    15.00 
  2023 11 15.474277 22 11 54.2555 -12 58 19.605 332.9760647 -12.9721126 332.9760541 -12.9721100    0.0374   -0.0093    0.0705 11 22 57.50     3.00 
  2023 11 15.474670 22 11 54.2572 -12 58 19.603 332.9760719 -12.9721118 332.9760495 -12.9721040    0.0786   -0.0284    0.1246 11 23 31.50     3.00 
  2023 11 15.475492 22 11 54.2445 -12 58 19.513 332.9760186 -12.9720870 332.9760399 -12.9720914   -0.0745    0.0156    0.1431 11 24 42.50     3.00 
  2023 11 15.475666 22 11 54.2542 -12 58 19.702 332.9760590 -12.9721394 332.9760378 -12.9720887    0.0742   -0.1823    0.1185 11 24 57.50     3.00 
  2023 11 15.476649 22 11 54.2500 -12 58 19.563 332.9760417 -12.9721007 332.9760264 -12.9720736    0.0538   -0.0976    0.1251 11 26 22.50     3.00 
  2023 11 15.477309 22 11 54.2465 -12 58 19.440 332.9760271 -12.9720665 332.9760187 -12.9720635    0.0294   -0.0108    0.0580 11 27 19.50     3.00 
  2023 11 15.479300 22 11 54.2360 -12 58 19.300 332.9759834 -12.9720278 332.9759958 -12.9720330   -0.0436    0.0186    0.0666 11 30 11.50     3.00 
  2023 11 15.479462 22 11 54.2516 -12 58 19.352 332.9760483 -12.9720422 332.9759939 -12.9720305    0.1908   -0.0423    0.0805 11 30 25.50     3.00 
  2023 11 15.479624 22 11 54.2424 -12 58 19.389 332.9760100 -12.9720526 332.9759921 -12.9720280    0.0630   -0.0885    0.1469 11 30 39.50     3.00 
  2023 11 15.480284 22 11 54.2387 -12 58 19.278 332.9759944 -12.9720216 332.9759845 -12.9720179    0.0348   -0.0133    0.0725 11 31 36.50     3.00 
  2023 11 15.480619 22 11 54.2400 -12 58 19.306 332.9759999 -12.9720295 332.9759807 -12.9720127    0.0674   -0.0606    0.0385 11 32  5.50     3.00 
  2023 11 15.482587 22 11 54.2153 -12 58 19.017 332.9758972 -12.9719492 332.9759584 -12.9719824   -0.2145    0.1198    0.1758 11 34 55.50     3.00 
  2023 11 15.483571 22 11 54.2247 -12 58 19.064 332.9759361 -12.9719623 332.9759473 -12.9719673   -0.0391    0.0179    0.1986 11 36 20.50     3.00 
  2023 11 15.484381 22 11 54.2231 -12 58 19.035 332.9759294 -12.9719542 332.9759382 -12.9719548   -0.0307    0.0022    0.0686 11 37 30.50     3.00 
  2023 11 15.485544 22 11 54.2233 -12 58 18.871 332.9759304 -12.9719087 332.9759251 -12.9719369    0.0183    0.1015    0.0252 11 39 11.00    20.00 
  2023 11 15.486632 22 11 54.2132 -12 58 18.992 332.9758883 -12.9719423 332.9759130 -12.9719201   -0.0868   -0.0797    0.1658 11 40 45.00    20.00 
  2023 11 15.487720 22 11 54.1985 -12 58 18.989 332.9758272 -12.9719413 332.9759010 -12.9719034   -0.2587   -0.1365    0.2147 11 42 19.00    20.00 
  2023 11 15.488808 22 11 54.2136 -12 58 18.825 332.9758898 -12.9718957 332.9758890 -12.9718866    0.0029   -0.0330    0.0591 11 43 53.00    20.00 
  2023 11 15.489896 22 11 54.2042 -12 58 18.912 332.9758507 -12.9719199 332.9758771 -12.9718698   -0.0927   -0.1805    0.1877 11 45 27.00    20.00 
  2023 11 15.490984 22 11 54.2078 -12 58 18.739 332.9758660 -12.9718719 332.9758652 -12.9718529    0.0028   -0.0682    0.0656 11 47  1.00    20.00 
  2023 11 15.491343 22 11 54.2069 -12 58 18.672 332.9758619 -12.9718533 332.9758613 -12.9718474    0.0021   -0.0211    0.0651 11 47 32.00    20.00 
  2023 11 15.491701 22 11 54.2060 -12 58 18.643 332.9758584 -12.9718453 332.9758574 -12.9718418    0.0034   -0.0123    0.1338 11 48  3.00    20.00 
  2023 11 15.493148 22 11 54.2035 -12 58 18.484 332.9758479 -12.9718011 332.9758418 -12.9718195    0.0213    0.0661    0.0760 11 50  8.00    20.00 
  2023 11 15.493507 22 11 54.2112 -12 58 18.603 332.9758800 -12.9718342 332.9758380 -12.9718139    0.1476   -0.0732    0.1319 11 50 39.00    20.00 
  2023 11 15.495683 22 11 54.1973 -12 58 18.342 332.9758220 -12.9717616 332.9758147 -12.9717802    0.0257    0.0670    0.0910 11 53 47.00    20.00 
  2023 11 15.496042 22 11 54.1932 -12 58 18.402 332.9758048 -12.9717783 332.9758109 -12.9717746   -0.0213   -0.0131    0.0567 11 54 18.00    20.00 
  2023 11 15.497859 22 11 54.1992 -12 58 18.201 332.9758300 -12.9717226 332.9757917 -12.9717464    0.1342    0.0858    0.0333 11 56 55.00    20.00 
  2023 11 15.502928 22 11 54.1801 -12 58 17.941 332.9757503 -12.9716504 332.9757392 -12.9716677    0.0389    0.0623    0.1368 12  4 13.00    20.00 
  2023 11 15.504016 22 11 54.1676 -12 58 17.933 332.9756984 -12.9716480 332.9757281 -12.9716507   -0.1042    0.0098    0.0237 12  5 47.00    20.00 
  2023 11 15.504734 22 11 54.1750 -12 58 17.796 332.9757292 -12.9716101 332.9757208 -12.9716396    0.0295    0.1061    0.0829 12  6 49.00    20.00 
  2023 11 15.506192 22 11 54.1579 -12 58 17.778 332.9756577 -12.9716051 332.9757061 -12.9716168   -0.1698    0.0423    0.1948 12  8 55.00    20.00 
  2023 11 14.478571 22 11 56.0692 -12 58 50.218 332.9836216 -12.9806161 332.9836122 -12.9805797    0.0330   -0.1311    0.1158 11 29  8.50     5.00 
  2023 11 14.479323 22 11 56.0630 -12 58 50.052 332.9835958 -12.9805699 332.9836251 -12.9805785   -0.1029    0.0310    0.0961 11 30 13.50     5.00 
  2023 11 14.479508 22 11 56.0689 -12 58 50.205 332.9836206 -12.9806124 332.9836283 -12.9805782   -0.0271   -0.1230    0.0577 11 30 29.50     5.00 
  2023 11 14.479705 22 11 56.0718 -12 58 50.202 332.9836326 -12.9806117 332.9836317 -12.9805779    0.0031   -0.1216    0.0497 11 30 46.50     5.00 
  2023 11 14.480457 22 11 56.0745 -12 58 50.069 332.9836438 -12.9805746 332.9836446 -12.9805768   -0.0029    0.0076    0.0035 11 31 51.50     5.00 
  2023 11 14.480642 22 11 56.0731 -12 58 50.054 332.9836378 -12.9805707 332.9836478 -12.9805765   -0.0349    0.0209    0.0791 11 32  7.50     5.00 
  2023 11 14.480828 22 11 56.0678 -12 58 50.010 332.9836160 -12.9805582 332.9836509 -12.9805762   -0.1226    0.0648    0.1121 11 32 23.50     5.00 
  2023 11 14.481580 22 11 56.0733 -12 58 50.019 332.9836388 -12.9805609 332.9836638 -12.9805750   -0.0875    0.0508    0.0984 11 33 28.50     5.00 
  2023 11 14.481765 22 11 56.0799 -12 58 50.073 332.9836662 -12.9805760 332.9836669 -12.9805747   -0.0024   -0.0044    0.1082 11 33 44.50     5.00 
  2023 11 14.482714 22 11 56.0803 -12 58 50.121 332.9836678 -12.9805890 332.9836830 -12.9805732   -0.0536   -0.0569    0.1139 11 35  6.50     5.00 
  2023 11 14.482911 22 11 56.0843 -12 58 50.101 332.9836844 -12.9805837 332.9836864 -12.9805729   -0.0068   -0.0390    0.0447 11 35 23.50     5.00 
  2023 11 14.483848 22 11 56.0840 -12 58 50.070 332.9836833 -12.9805750 332.9837022 -12.9805714   -0.0665   -0.0128    0.1261 11 36 44.50     5.00 
  2023 11 14.484045 22 11 56.0914 -12 58 50.104 332.9837140 -12.9805843 332.9837055 -12.9805711    0.0297   -0.0476    0.0267 11 37  1.50     5.00 
  2023 11 14.484815 22 11 56.0952 -12 58 50.110 332.9837300 -12.9805861 332.9837184 -12.9805699    0.0405   -0.0582    0.0701 11 38  8.00    10.00 
  2023 11 14.485787 22 11 56.0989 -12 58 50.008 332.9837454 -12.9805579 332.9837347 -12.9805683    0.0374    0.0376    0.0709 11 39 32.00    10.00 
  2023 11 14.486030 22 11 56.0973 -12 58 50.048 332.9837389 -12.9805688 332.9837388 -12.9805679    0.0005   -0.0030    0.0394 11 39 53.00    10.00 
  2023 11 14.486285 22 11 56.1005 -12 58 50.123 332.9837521 -12.9805896 332.9837430 -12.9805675    0.0320   -0.0796    0.0494 11 40 15.00    10.00 
  2023 11 14.487269 22 11 56.0958 -12 58 49.969 332.9837325 -12.9805470 332.9837594 -12.9805659   -0.0943    0.0681    0.0821 11 41 40.00    10.00 
  2023 11 14.487512 22 11 56.1038 -12 58 50.039 332.9837657 -12.9805665 332.9837634 -12.9805655    0.0082   -0.0033    0.0585 11 42  1.00    10.00 
  2023 11 14.487766 22 11 56.1006 -12 58 49.969 332.9837523 -12.9805470 332.9837676 -12.9805651   -0.0535    0.0654    0.3310 11 42 23.00    10.00 
  2023 11 14.488738 22 11 56.1045 -12 58 50.024 332.9837686 -12.9805622 332.9837836 -12.9805635   -0.0527    0.0048    0.0424 11 43 47.00    10.00 
  2023 11 14.488993 22 11 56.1099 -12 58 50.075 332.9837911 -12.9805764 332.9837878 -12.9805631    0.0116   -0.0479    0.1797 11 44  9.00    10.00 
  2023 11 14.489977 22 11 56.1098 -12 58 50.006 332.9837907 -12.9805572 332.9838039 -12.9805615   -0.0466    0.0156    0.0344 11 45 34.00    10.00 
  2023 11 14.490220 22 11 56.1126 -12 58 50.038 332.9838023 -12.9805661 332.9838079 -12.9805611   -0.0196   -0.0179    0.0742 11 45 55.00    10.00 
  2023 11 14.490463 22 11 56.1136 -12 58 50.002 332.9838065 -12.9805561 332.9838119 -12.9805607   -0.0188    0.0168    0.0346 11 46 16.00    10.00 
  2023 11 14.490718 22 11 56.1152 -12 58 50.078 332.9838135 -12.9805772 332.9838160 -12.9805603   -0.0091   -0.0610    0.0718 11 46 38.00    10.00 
  2023 11 14.491690 22 11 56.1195 -12 58 50.032 332.9838312 -12.9805644 332.9838318 -12.9805587   -0.0021   -0.0208    0.0673 11 48  2.00    10.00 
  2023 11 14.491944 22 11 56.1160 -12 58 50.114 332.9838167 -12.9805872 332.9838360 -12.9805582   -0.0677   -0.1044    0.1408 11 48 24.00    10.00 
  2023 11 14.496152 22 11 56.1382 -12 58 49.961 332.9839093 -12.9805446 332.9839034 -12.9805511    0.0207    0.0235    0.0595 11 54 27.50    15.00 
  2023 11 14.496453 22 11 56.1364 -12 58 49.952 332.9839017 -12.9805422 332.9839082 -12.9805506   -0.0229    0.0301    0.0356 11 54 53.50    15.00 
  2023 11 14.497668 22 11 56.1438 -12 58 50.026 332.9839327 -12.9805629 332.9839274 -12.9805485    0.0185   -0.0518    0.0376 11 56 38.50    15.00 
  2023 11 14.497980 22 11 56.1424 -12 58 49.916 332.9839267 -12.9805321 332.9839323 -12.9805480   -0.0197    0.0570    0.0708 11 57  5.50    15.00 
  2023 11 14.498281 22 11 56.1431 -12 58 49.946 332.9839295 -12.9805406 332.9839370 -12.9805474   -0.0262    0.0248    0.0545 11 57 31.50    15.00 
  2023 11 14.499497 22 11 56.1458 -12 58 49.998 332.9839409 -12.9805551 332.9839560 -12.9805453   -0.0531   -0.0352    0.0427 11 59 16.50    15.00 
  2023 11 14.499797 22 11 56.1532 -12 58 50.002 332.9839716 -12.9805560 332.9839607 -12.9805448    0.0381   -0.0403    0.0709 11 59 42.50    15.00 
  2023 11 14.500110 22 11 56.1511 -12 58 50.009 332.9839631 -12.9805580 332.9839656 -12.9805442   -0.0089   -0.0495    0.0359 12  0  9.50    15.00 
  2023 11 14.500411 22 11 56.1522 -12 58 50.006 332.9839675 -12.9805571 332.9839703 -12.9805437   -0.0095   -0.0482    0.0541 12  0 35.50    15.00 
  2023 11 14.501626 22 11 56.1534 -12 58 49.968 332.9839727 -12.9805467 332.9839891 -12.9805416   -0.0575   -0.0185    0.0892 12  2 20.50    15.00 
  2023 11 14.501927 22 11 56.1577 -12 58 49.909 332.9839906 -12.9805303 332.9839937 -12.9805410   -0.0110    0.0386    0.0471 12  2 46.50    15.00 
  2023 11 14.502240 22 11 56.1601 -12 58 50.010 332.9840004 -12.9805583 332.9839985 -12.9805405    0.0066   -0.0640    0.0589 12  3 13.50    15.00 
  2023 11 14.503455 22 11 56.1581 -12 58 49.952 332.9839919 -12.9805422 332.9840172 -12.9805383   -0.0886   -0.0139    0.0517 12  4 58.50    15.00 
  2023 11 14.503756 22 11 56.1673 -12 58 50.026 332.9840303 -12.9805628 332.9840217 -12.9805378    0.0300   -0.0900    0.0852 12  5 24.50    15.00 
  2023 11 15.474277 22 11 54.2555 -12 58 19.605 332.9760647 -12.9721126 332.9760541 -12.9721100    0.0374   -0.0093    0.0705 11 22 57.50     3.00 
  2023 11 15.474670 22 11 54.2572 -12 58 19.603 332.9760719 -12.9721118 332.9760495 -12.9721040    0.0786   -0.0284    0.1246 11 23 31.50     3.00 
  2023 11 15.475492 22 11 54.2445 -12 58 19.513 332.9760186 -12.9720870 332.9760399 -12.9720914   -0.0745    0.0156    0.1431 11 24 42.50     3.00 
  2023 11 15.475666 22 11 54.2542 -12 58 19.702 332.9760590 -12.9721394 332.9760378 -12.9720887    0.0742   -0.1823    0.1185 11 24 57.50     3.00 
  2023 11 15.476649 22 11 54.2500 -12 58 19.563 332.9760417 -12.9721007 332.9760264 -12.9720736    0.0538   -0.0976    0.1251 11 26 22.50     3.00 
  2023 11 15.477309 22 11 54.2465 -12 58 19.440 332.9760271 -12.9720665 332.9760187 -12.9720635    0.0294   -0.0108    0.0580 11 27 19.50     3.00 
  2023 11 15.479300 22 11 54.2360 -12 58 19.300 332.9759834 -12.9720278 332.9759958 -12.9720330   -0.0436    0.0186    0.0666 11 30 11.50     3.00 
  2023 11 15.479462 22 11 54.2516 -12 58 19.352 332.9760483 -12.9720422 332.9759939 -12.9720305    0.1908   -0.0423    0.0805 11 30 25.50     3.00 
  2023 11 15.479624 22 11 54.2424 -12 58 19.389 332.9760100 -12.9720526 332.9759921 -12.9720280    0.0630   -0.0885    0.1469 11 30 39.50     3.00 
  2023 11 15.480284 22 11 54.2387 -12 58 19.278 332.9759944 -12.9720216 332.9759845 -12.9720179    0.0348   -0.0133    0.0725 11 31 36.50     3.00 
  2023 11 15.480619 22 11 54.2400 -12 58 19.306 332.9759999 -12.9720295 332.9759807 -12.9720127    0.0674   -0.0606    0.0385 11 32  5.50     3.00 
  2023 11 15.482587 22 11 54.2153 -12 58 19.017 332.9758972 -12.9719492 332.9759584 -12.9719824   -0.2145    0.1198    0.1758 11 34 55.50     3.00 
  2023 11 15.483571 22 11 54.2247 -12 58 19.064 332.9759361 -12.9719623 332.9759473 -12.9719673   -0.0391    0.0179    0.1986 11 36 20.50     3.00 
  2023 11 15.484381 22 11 54.2231 -12 58 19.035 332.9759294 -12.9719542 332.9759382 -12.9719548   -0.0307    0.0022    0.0686 11 37 30.50     3.00 
  2023 11 15.485544 22 11 54.2233 -12 58 18.871 332.9759304 -12.9719087 332.9759251 -12.9719369    0.0183    0.1015    0.0252 11 39 11.00    20.00 
  2023 11 15.486632 22 11 54.2132 -12 58 18.992 332.9758883 -12.9719423 332.9759130 -12.9719201   -0.0868   -0.0797    0.1658 11 40 45.00    20.00 
  2023 11 15.487720 22 11 54.1985 -12 58 18.989 332.9758272 -12.9719413 332.9759010 -12.9719034   -0.2587   -0.1365    0.2147 11 42 19.00    20.00 
  2023 11 15.488808 22 11 54.2136 -12 58 18.825 332.9758898 -12.9718957 332.9758890 -12.9718866    0.0029   -0.0330    0.0591 11 43 53.00    20.00 
  2023 11 15.489896 22 11 54.2042 -12 58 18.912 332.9758507 -12.9719199 332.9758771 -12.9718698   -0.0927   -0.1805    0.1877 11 45 27.00    20.00 
  2023 11 15.490984 22 11 54.2078 -12 58 18.739 332.9758660 -12.9718719 332.9758652 -12.9718529    0.0028   -0.0682    0.0656 11 47  1.00    20.00 
  2023 11 15.491343 22 11 54.2069 -12 58 18.672 332.9758619 -12.9718533 332.9758613 -12.9718474    0.0021   -0.0211    0.0651 11 47 32.00    20.00 
  2023 11 15.491701 22 11 54.2060 -12 58 18.643 332.9758584 -12.9718453 332.9758574 -12.9718418    0.0034   -0.0123    0.1338 11 48  3.00    20.00 
  2023 11 15.493148 22 11 54.2035 -12 58 18.484 332.9758479 -12.9718011 332.9758418 -12.9718195    0.0213    0.0661    0.0760 11 50  8.00    20.00 
  2023 11 15.493507 22 11 54.2112 -12 58 18.603 332.9758800 -12.9718342 332.9758380 -12.9718139    0.1476   -0.0732    0.1319 11 50 39.00    20.00 
  2023 11 15.495683 22 11 54.1973 -12 58 18.342 332.9758220 -12.9717616 332.9758147 -12.9717802    0.0257    0.0670    0.0910 11 53 47.00    20.00 
  2023 11 15.496042 22 11 54.1932 -12 58 18.402 332.9758048 -12.9717783 332.9758109 -12.9717746   -0.0213   -0.0131    0.0567 11 54 18.00    20.00 
  2023 11 15.497859 22 11 54.1992 -12 58 18.201 332.9758300 -12.9717226 332.9757917 -12.9717464    0.1342    0.0858    0.0333 11 56 55.00    20.00 
  2023 11 15.502928 22 11 54.1801 -12 58 17.941 332.9757503 -12.9716504 332.9757392 -12.9716677    0.0389    0.0623    0.1368 12  4 13.00    20.00 
  2023 11 15.504016 22 11 54.1676 -12 58 17.933 332.9756984 -12.9716480 332.9757281 -12.9716507   -0.1042    0.0098    0.0237 12  5 47.00    20.00 
  2023 11 15.504734 22 11 54.1750 -12 58 17.796 332.9757292 -12.9716101 332.9757208 -12.9716396    0.0295    0.1061    0.0829 12  6 49.00    20.00 
  2023 11 15.506192 22 11 54.1579 -12 58 17.778 332.9756577 -12.9716051 332.9757061 -12.9716168   -0.1698    0.0423    0.1948 12  8 55.00    20.00 
  2023 11 14.478571 22 11 56.0692 -12 58 50.218 332.9836216 -12.9806161 332.9836122 -12.9805797    0.0330   -0.1311    0.1158 11 29  8.50     5.00 
  2023 11 14.479323 22 11 56.0630 -12 58 50.052 332.9835958 -12.9805699 332.9836251 -12.9805785   -0.1029    0.0310    0.0961 11 30 13.50     5.00 
  2023 11 14.479508 22 11 56.0689 -12 58 50.205 332.9836206 -12.9806124 332.9836283 -12.9805782   -0.0271   -0.1230    0.0577 11 30 29.50     5.00 
  2023 11 14.479705 22 11 56.0718 -12 58 50.202 332.9836326 -12.9806117 332.9836317 -12.9805779    0.0031   -0.1216    0.0497 11 30 46.50     5.00 
  2023 11 14.480457 22 11 56.0745 -12 58 50.069 332.9836438 -12.9805746 332.9836446 -12.9805768   -0.0029    0.0076    0.0035 11 31 51.50     5.00 
  2023 11 14.480642 22 11 56.0731 -12 58 50.054 332.9836378 -12.9805707 332.9836478 -12.9805765   -0.0349    0.0209    0.0791 11 32  7.50     5.00 
  2023 11 14.480828 22 11 56.0678 -12 58 50.010 332.9836160 -12.9805582 332.9836509 -12.9805762   -0.1226    0.0648    0.1121 11 32 23.50     5.00 
  2023 11 14.481580 22 11 56.0733 -12 58 50.019 332.9836388 -12.9805609 332.9836638 -12.9805750   -0.0875    0.0508    0.0984 11 33 28.50     5.00 
  2023 11 14.481765 22 11 56.0799 -12 58 50.073 332.9836662 -12.9805760 332.9836669 -12.9805747   -0.0024   -0.0044    0.1082 11 33 44.50     5.00 
  2023 11 14.482714 22 11 56.0803 -12 58 50.121 332.9836678 -12.9805890 332.9836830 -12.9805732   -0.0536   -0.0569    0.1139 11 35  6.50     5.00 
  2023 11 14.482911 22 11 56.0843 -12 58 50.101 332.9836844 -12.9805837 332.9836864 -12.9805729   -0.0068   -0.0390    0.0447 11 35 23.50     5.00 
  2023 11 14.483848 22 11 56.0840 -12 58 50.070 332.9836833 -12.9805750 332.9837022 -12.9805714   -0.0665   -0.0128    0.1261 11 36 44.50     5.00 
  2023 11 14.484045 22 11 56.0914 -12 58 50.104 332.9837140 -12.9805843 332.9837055 -12.9805711    0.0297   -0.0476    0.0267 11 37  1.50     5.00 
  2023 11 14.484815 22 11 56.0952 -12 58 50.110 332.9837300 -12.9805861 332.9837184 -12.9805699    0.0405   -0.0582    0.0701 11 38  8.00    10.00 
  2023 11 14.485787 22 11 56.0989 -12 58 50.008 332.9837454 -12.9805579 332.9837347 -12.9805683    0.0374    0.0376    0.0709 11 39 32.00    10.00 
  2023 11 14.486030 22 11 56.0973 -12 58 50.048 332.9837389 -12.9805688 332.9837388 -12.9805679    0.0005   -0.0030    0.0394 11 39 53.00    10.00 
  2023 11 14.486285 22 11 56.1005 -12 58 50.123 332.9837521 -12.9805896 332.9837430 -12.9805675    0.0320   -0.0796    0.0494 11 40 15.00    10.00 
  2023 11 14.487269 22 11 56.0958 -12 58 49.969 332.9837325 -12.9805470 332.9837594 -12.9805659   -0.0943    0.0681    0.0821 11 41 40.00    10.00 
  2023 11 14.487512 22 11 56.1038 -12 58 50.039 332.9837657 -12.9805665 332.9837634 -12.9805655    0.0082   -0.0033    0.0585 11 42  1.00    10.00 
  2023 11 14.487766 22 11 56.1006 -12 58 49.969 332.9837523 -12.9805470 332.9837676 -12.9805651   -0.0535    0.0654    0.3310 11 42 23.00    10.00 
  2023 11 14.488738 22 11 56.1045 -12 58 50.024 332.9837686 -12.9805622 332.9837836 -12.9805635   -0.0527    0.0048    0.0424 11 43 47.00    10.00 
  2023 11 14.488993 22 11 56.1099 -12 58 50.075 332.9837911 -12.9805764 332.9837878 -12.9805631    0.0116   -0.0479    0.1797 11 44  9.00    10.00 
  2023 11 14.489977 22 11 56.1098 -12 58 50.006 332.9837907 -12.9805572 332.9838039 -12.9805615   -0.0466    0.0156    0.0344 11 45 34.00    10.00 
  2023 11 14.490220 22 11 56.1126 -12 58 50.038 332.9838023 -12.9805661 332.9838079 -12.9805611   -0.0196   -0.0179    0.0742 11 45 55.00    10.00 
  2023 11 14.490463 22 11 56.1136 -12 58 50.002 332.9838065 -12.9805561 332.9838119 -12.9805607   -0.0188    0.0168    0.0346 11 46 16.00    10.00 
  2023 11 14.490718 22 11 56.1152 -12 58 50.078 332.9838135 -12.9805772 332.9838160 -12.9805603   -0.0091   -0.0610    0.0718 11 46 38.00    10.00 
  2023 11 14.491690 22 11 56.1195 -12 58 50.032 332.9838312 -12.9805644 332.9838318 -12.9805587   -0.0021   -0.0208    0.0673 11 48  2.00    10.00 
  2023 11 14.491944 22 11 56.1160 -12 58 50.114 332.9838167 -12.9805872 332.9838360 -12.9805582   -0.0677   -0.1044    0.1408 11 48 24.00    10.00 
  2023 11 14.496152 22 11 56.1382 -12 58 49.961 332.9839093 -12.9805446 332.9839034 -12.9805511    0.0207    0.0235    0.0595 11 54 27.50    15.00 
  2023 11 14.496453 22 11 56.1364 -12 58 49.952 332.9839017 -12.9805422 332.9839082 -12.9805506   -0.0229    0.0301    0.0356 11 54 53.50    15.00 
  2023 11 14.497668 22 11 56.1438 -12 58 50.026 332.9839327 -12.9805629 332.9839274 -12.9805485    0.0185   -0.0518    0.0376 11 56 38.50    15.00 
  2023 11 14.497980 22 11 56.1424 -12 58 49.916 332.9839267 -12.9805321 332.9839323 -12.9805480   -0.0197    0.0570    0.0708 11 57  5.50    15.00 
  2023 11 14.498281 22 11 56.1431 -12 58 49.946 332.9839295 -12.9805406 332.9839370 -12.9805474   -0.0262    0.0248    0.0545 11 57 31.50    15.00 
  2023 11 14.499497 22 11 56.1458 -12 58 49.998 332.9839409 -12.9805551 332.9839560 -12.9805453   -0.0531   -0.0352    0.0427 11 59 16.50    15.00 
  2023 11 14.499797 22 11 56.1532 -12 58 50.002 332.9839716 -12.9805560 332.9839607 -12.9805448    0.0381   -0.0403    0.0709 11 59 42.50    15.00 
  2023 11 14.500110 22 11 56.1511 -12 58 50.009 332.9839631 -12.9805580 332.9839656 -12.9805442   -0.0089   -0.0495    0.0359 12  0  9.50    15.00 
  2023 11 14.500411 22 11 56.1522 -12 58 50.006 332.9839675 -12.9805571 332.9839703 -12.9805437   -0.0095   -0.0482    0.0541 12  0 35.50    15.00 
  2023 11 14.501626 22 11 56.1534 -12 58 49.968 332.9839727 -12.9805467 332.9839891 -12.9805416   -0.0575   -0.0185    0.0892 12  2 20.50    15.00 
  2023 11 14.501927 22 11 56.1577 -12 58 49.909 332.9839906 -12.9805303 332.9839937 -12.9805410   -0.0110    0.0386    0.0471 12  2 46.50    15.00 
  2023 11 14.502240 22 11 56.1601 -12 58 50.010 332.9840004 -12.9805583 332.9839985 -12.9805405    0.0066   -0.0640    0.0589 12  3 13.50    15.00 
  2023 11 14.503455 22 11 56.1581 -12 58 49.952 332.9839919 -12.9805422 332.9840172 -12.9805383   -0.0886   -0.0139    0.0517 12  4 58.50    15.00 
  2023 11 14.503756 22 11 56.1673 -12 58 50.026 332.9840303 -12.9805628 332.9840217 -12.9805378    0.0300   -0.0900    0.0852 12  5 24.50    15.00 
  2023 11 15.474277 22 11 54.2555 -12 58 19.605 332.9760647 -12.9721126 332.9760541 -12.9721100    0.0374   -0.0093    0.0705 11 22 57.50     3.00 
  2023 11 15.474670 22 11 54.2572 -12 58 19.603 332.9760719 -12.9721118 332.9760495 -12.9721040    0.0786   -0.0284    0.1246 11 23 31.50     3.00 
  2023 11 15.475492 22 11 54.2445 -12 58 19.513 332.9760186 -12.9720870 332.9760399 -12.9720914   -0.0745    0.0156    0.1431 11 24 42.50     3.00 
  2023 11 15.475666 22 11 54.2542 -12 58 19.702 332.9760590 -12.9721394 332.9760378 -12.9720887    0.0742   -0.1823    0.1185 11 24 57.50     3.00 
  2023 11 15.476649 22 11 54.2500 -12 58 19.563 332.9760417 -12.9721007 332.9760264 -12.9720736    0.0538   -0.0976    0.1251 11 26 22.50     3.00 
  2023 11 15.477309 22 11 54.2465 -12 58 19.440 332.9760271 -12.9720665 332.9760187 -12.9720635    0.0294   -0.0108    0.0580 11 27 19.50     3.00 
  2023 11 15.479300 22 11 54.2360 -12 58 19.300 332.9759834 -12.9720278 332.9759958 -12.9720330   -0.0436    0.0186    0.0666 11 30 11.50     3.00 
  2023 11 15.479462 22 11 54.2516 -12 58 19.352 332.9760483 -12.9720422 332.9759939 -12.9720305    0.1908   -0.0423    0.0805 11 30 25.50     3.00 
  2023 11 15.479624 22 11 54.2424 -12 58 19.389 332.9760100 -12.9720526 332.9759921 -12.9720280    0.0630   -0.0885    0.1469 11 30 39.50     3.00 
  2023 11 15.480284 22 11 54.2387 -12 58 19.278 332.9759944 -12.9720216 332.9759845 -12.9720179    0.0348   -0.0133    0.0725 11 31 36.50     3.00 
  2023 11 15.480619 22 11 54.2400 -12 58 19.306 332.9759999 -12.9720295 332.9759807 -12.9720127    0.0674   -0.0606    0.0385 11 32  5.50     3.00 
  2023 11 15.482587 22 11 54.2153 -12 58 19.017 332.9758972 -12.9719492 332.9759584 -12.9719824   -0.2145    0.1198    0.1758 11 34 55.50     3.00 
  2023 11 15.483571 22 11 54.2247 -12 58 19.064 332.9759361 -12.9719623 332.9759473 -12.9719673   -0.0391    0.0179    0.1986 11 36 20.50     3.00 
  2023 11 15.484381 22 11 54.2231 -12 58 19.035 332.9759294 -12.9719542 332.9759382 -12.9719548   -0.0307    0.0022    0.0686 11 37 30.50     3.00 
  2023 11 15.485544 22 11 54.2233 -12 58 18.871 332.9759304 -12.9719087 332.9759251 -12.9719369    0.0183    0.1015    0.0252 11 39 11.00    20.00 
  2023 11 15.486632 22 11 54.2132 -12 58 18.992 332.9758883 -12.9719423 332.9759130 -12.9719201   -0.0868   -0.0797    0.1658 11 40 45.00    20.00 
  2023 11 15.487720 22 11 54.1985 -12 58 18.989 332.9758272 -12.9719413 332.9759010 -12.9719034   -0.2587   -0.1365    0.2147 11 42 19.00    20.00 
  2023 11 15.488808 22 11 54.2136 -12 58 18.825 332.9758898 -12.9718957 332.9758890 -12.9718866    0.0029   -0.0330    0.0591 11 43 53.00    20.00 
  2023 11 15.489896 22 11 54.2042 -12 58 18.912 332.9758507 -12.9719199 332.9758771 -12.9718698   -0.0927   -0.1805    0.1877 11 45 27.00    20.00 
  2023 11 15.490984 22 11 54.2078 -12 58 18.739 332.9758660 -12.9718719 332.9758652 -12.9718529    0.0028   -0.0682    0.0656 11 47  1.00    20.00 
  2023 11 15.491343 22 11 54.2069 -12 58 18.672 332.9758619 -12.9718533 332.9758613 -12.9718474    0.0021   -0.0211    0.0651 11 47 32.00    20.00 
  2023 11 15.491701 22 11 54.2060 -12 58 18.643 332.9758584 -12.9718453 332.9758574 -12.9718418    0.0034   -0.0123    0.1338 11 48  3.00    20.00 
  2023 11 15.493148 22 11 54.2035 -12 58 18.484 332.9758479 -12.9718011 332.9758418 -12.9718195    0.0213    0.0661    0.0760 11 50  8.00    20.00 
  2023 11 15.493507 22 11 54.2112 -12 58 18.603 332.9758800 -12.9718342 332.9758380 -12.9718139    0.1476   -0.0732    0.1319 11 50 39.00    20.00 
  2023 11 15.495683 22 11 54.1973 -12 58 18.342 332.9758220 -12.9717616 332.9758147 -12.9717802    0.0257    0.0670    0.0910 11 53 47.00    20.00 
  2023 11 15.496042 22 11 54.1932 -12 58 18.402 332.9758048 -12.9717783 332.9758109 -12.9717746   -0.0213   -0.0131    0.0567 11 54 18.00    20.00 
  2023 11 15.497859 22 11 54.1992 -12 58 18.201 332.9758300 -12.9717226 332.9757917 -12.9717464    0.1342    0.0858    0.0333 11 56 55.00    20.00 
  2023 11 15.502928 22 11 54.1801 -12 58 17.941 332.9757503 -12.9716504 332.9757392 -12.9716677    0.0389    0.0623    0.1368 12  4 13.00    20.00 
  2023 11 15.504016 22 11 54.1676 -12 58 17.933 332.9756984 -12.9716480 332.9757281 -12.9716507   -0.1042    0.0098    0.0237 12  5 47.00    20.00 
  2023 11 15.504734 22 11 54.1750 -12 58 17.796 332.9757292 -12.9716101 332.9757208 -12.9716396    0.0295    0.1061    0.0829 12  6 49.00    20.00 
  2023 11 15.506192 22 11 54.1579 -12 58 17.778 332.9756577 -12.9716051 332.9757061 -12.9716168   -0.1698    0.0423    0.1948 12  8 55.00    20.00 
