  2023 11 14.478571 22 12  3.6256 -12 58 52.247 333.0151069 -12.9811797 333.0150908 -12.9811021    0.0561   -0.2793    0.1158 11 29  8.50     5.00 
  2023 11 14.479508 22 12  3.6207 -12 58 52.093 333.0150865 -12.9811371 333.0151109 -12.9810982   -0.0857   -0.1400    0.0577 11 30 29.50     5.00 
  2023 11 14.479705 22 12  3.6258 -12 58 52.176 333.0151074 -12.9811601 333.0151151 -12.9810973   -0.0268   -0.2259    0.0497 11 30 46.50     5.00 
  2023 11 14.480457 22 12  3.6322 -12 58 51.864 333.0151342 -12.9810734 333.0151311 -12.9810942    0.0108    0.0749    0.0035 11 31 51.50     5.00 
  2023 11 14.480642 22 12  3.6263 -12 58 51.940 333.0151097 -12.9810945 333.0151351 -12.9810934   -0.0892   -0.0039    0.0791 11 32  7.50     5.00 
  2023 11 14.480828 22 12  3.6219 -12 58 51.802 333.0150911 -12.9810562 333.0151390 -12.9810926   -0.1683    0.1311    0.1121 11 32 23.50     5.00 
  2023 11 14.481580 22 12  3.6278 -12 58 51.921 333.0151158 -12.9810891 333.0151551 -12.9810895   -0.1378    0.0014    0.0984 11 33 28.50     5.00 
  2023 11 14.481765 22 12  3.6394 -12 58 51.953 333.0151642 -12.9810980 333.0151591 -12.9810887    0.0180   -0.0335    0.1082 11 33 44.50     5.00 
  2023 11 14.482714 22 12  3.6359 -12 58 51.989 333.0151495 -12.9811081 333.0151793 -12.9810847   -0.1046   -0.0842    0.1139 11 35  6.50     5.00 
  2023 11 14.482911 22 12  3.6424 -12 58 51.973 333.0151765 -12.9811035 333.0151835 -12.9810839   -0.0247   -0.0707    0.0447 11 35 23.50     5.00 
  2023 11 14.483848 22 12  3.6341 -12 58 51.883 333.0151420 -12.9810787 333.0152035 -12.9810800   -0.2158    0.0044    0.1261 11 36 44.50     5.00 
  2023 11 14.484045 22 12  3.6505 -12 58 51.965 333.0152104 -12.9811015 333.0152077 -12.9810791    0.0094   -0.0805    0.0267 11 37  1.50     5.00 
  2023 11 14.484815 22 12  3.6560 -12 58 51.991 333.0152332 -12.9811086 333.0152241 -12.9810759    0.0320   -0.1176    0.0701 11 38  8.00    10.00 
  2023 11 14.485787 22 12  3.6609 -12 58 51.838 333.0152535 -12.9810662 333.0152448 -12.9810718    0.0305    0.0203    0.0709 11 39 32.00    10.00 
  2023 11 14.486030 22 12  3.6583 -12 58 51.906 333.0152430 -12.9810851 333.0152500 -12.9810708   -0.0246   -0.0514    0.0394 11 39 53.00    10.00 
  2023 11 14.486285 22 12  3.6663 -12 58 51.942 333.0152762 -12.9810950 333.0152555 -12.9810697    0.0727   -0.0908    0.0493 11 40 15.00    10.00 
  2023 11 14.487269 22 12  3.6570 -12 58 51.668 333.0152374 -12.9810189 333.0152764 -12.9810656   -0.1368    0.1681    0.0821 11 41 40.00    10.00 
  2023 11 14.487512 22 12  3.6691 -12 58 51.865 333.0152877 -12.9810736 333.0152816 -12.9810646    0.0215   -0.0326    0.0585 11 42  1.00    10.00 
  2023 11 14.487766 22 12  3.6631 -12 58 51.708 333.0152629 -12.9810299 333.0152870 -12.9810635   -0.0847    0.1210    0.3310 11 42 23.00    10.00 
  2023 11 14.488738 22 12  3.6699 -12 58 51.753 333.0152914 -12.9810424 333.0153077 -12.9810594   -0.0574    0.0612    0.0424 11 43 47.00    10.00 
  2023 11 14.488993 22 12  3.6755 -12 58 51.837 333.0153148 -12.9810659 333.0153132 -12.9810583    0.0056   -0.0274    0.1797 11 44  9.00    10.00 
  2023 11 14.490220 22 12  3.6825 -12 58 51.805 333.0153438 -12.9810571 333.0153393 -12.9810531    0.0158   -0.0141    0.0742 11 45 55.00    10.00 
  2023 11 14.490463 22 12  3.6811 -12 58 51.757 333.0153379 -12.9810437 333.0153445 -12.9810521   -0.0230    0.0303    0.0346 11 46 16.00    10.00 
  2023 11 14.490718 22 12  3.6828 -12 58 51.884 333.0153449 -12.9810790 333.0153499 -12.9810510   -0.0175   -0.1006    0.0718 11 46 38.00    10.00 
  2023 11 14.491690 22 12  3.6880 -12 58 51.781 333.0153667 -12.9810504 333.0153706 -12.9810469   -0.0136   -0.0123    0.0673 11 48  2.00    10.00 
  2023 11 14.496152 22 12  3.7127 -12 58 51.691 333.0154697 -12.9810252 333.0154655 -12.9810281    0.0150    0.0102    0.0595 11 54 27.50    15.00 
  2023 11 14.496453 22 12  3.7107 -12 58 51.688 333.0154611 -12.9810246 333.0154719 -12.9810268   -0.0376    0.0080    0.0356 11 54 53.50    15.00 
  2023 11 14.497980 22 12  3.7184 -12 58 51.582 333.0154932 -12.9809949 333.0155043 -12.9810203   -0.0389    0.0915    0.0708 11 57  5.50    15.00 
  2023 11 14.498281 22 12  3.7211 -12 58 51.604 333.0155047 -12.9810010 333.0155107 -12.9810190   -0.0211    0.0648    0.0545 11 57 31.50    15.00 
  2023 11 14.499797 22 12  3.7328 -12 58 51.736 333.0155533 -12.9810379 333.0155429 -12.9810126    0.0366   -0.0911    0.0709 11 59 42.50    15.00 
  2023 11 14.500110 22 12  3.7291 -12 58 51.691 333.0155378 -12.9810253 333.0155496 -12.9810113   -0.0412   -0.0505    0.0359 12  0  9.50    15.00 
  2023 11 14.500411 22 12  3.7322 -12 58 51.733 333.0155507 -12.9810368 333.0155559 -12.9810100   -0.0185   -0.0966    0.0542 12  0 35.50    15.00 
  2023 11 14.501626 22 12  3.7332 -12 58 51.613 333.0155548 -12.9810036 333.0155817 -12.9810048   -0.0944    0.0042    0.0892 12  2 20.50    15.00 
  2023 11 14.501927 22 12  3.7399 -12 58 51.609 333.0155830 -12.9810025 333.0155881 -12.9810035   -0.0181    0.0036    0.0471 12  2 46.50    15.00 
  2023 11 14.502240 22 12  3.7443 -12 58 51.721 333.0156011 -12.9810336 333.0155948 -12.9810022    0.0221   -0.1132    0.0589 12  3 13.50    15.00 
  2023 11 14.503455 22 12  3.7418 -12 58 51.617 333.0155907 -12.9810048 333.0156205 -12.9809970   -0.1047   -0.0279    0.0517 12  4 58.50    15.00 
  2023 11 14.503756 22 12  3.7541 -12 58 51.715 333.0156421 -12.9810319 333.0156269 -12.9809957    0.0531   -0.1300    0.0852 12  5 24.50    15.00 
  2023 11 15.474277 22 12  8.3567 -12 58 34.955 333.0348194 -12.9763763 333.0348161 -12.9763440    0.0117   -0.1163    0.0705 11 22 57.50     3.00 
  2023 11 15.474670 22 12  8.3507 -12 58 35.085 333.0347947 -12.9764125 333.0348221 -12.9763419   -0.0962   -0.2541    0.1246 11 23 31.50     3.00 
  2023 11 15.475492 22 12  8.3575 -12 58 34.812 333.0348230 -12.9763366 333.0348346 -12.9763374   -0.0407    0.0029    0.1431 11 24 42.50     3.00 
  2023 11 15.475666 22 12  8.3617 -12 58 34.905 333.0348404 -12.9763626 333.0348373 -12.9763365    0.0110   -0.0939    0.1185 11 24 57.50     3.00 
  2023 11 15.476649 22 12  8.3554 -12 58 35.010 333.0348141 -12.9763918 333.0348522 -12.9763312   -0.1338   -0.2181    0.1251 11 26 22.50     3.00 
  2023 11 15.477309 22 12  8.3670 -12 58 34.783 333.0348626 -12.9763285 333.0348623 -12.9763276    0.0010   -0.0032    0.0580 11 27 19.50     3.00 
  2023 11 15.479300 22 12  8.3743 -12 58 34.693 333.0348929 -12.9763036 333.0348926 -12.9763168    0.0012    0.0474    0.0666 11 30 11.50     3.00 
  2023 11 15.479462 22 12  8.3753 -12 58 34.779 333.0348969 -12.9763274 333.0348950 -12.9763159    0.0065   -0.0415    0.0805 11 30 25.50     3.00 
  2023 11 15.479624 22 12  8.3804 -12 58 34.973 333.0349184 -12.9763813 333.0348975 -12.9763150    0.0732   -0.2387    0.1469 11 30 39.50     3.00 
  2023 11 15.480284 22 12  8.3656 -12 58 34.770 333.0348567 -12.9763251 333.0349075 -12.9763115   -0.1784   -0.0490    0.0725 11 31 36.50     3.00 
  2023 11 15.480619 22 12  8.3781 -12 58 34.821 333.0349088 -12.9763393 333.0349126 -12.9763096   -0.0134   -0.1067    0.0385 11 32  5.50     3.00 
  2023 11 15.481603 22 12  8.3878 -12 58 34.663 333.0349492 -12.9762952 333.0349276 -12.9763043    0.0760    0.0326    0.0569 11 33 30.50     3.00 
  2023 11 15.482587 22 12  8.3938 -12 58 34.658 333.0349740 -12.9762938 333.0349425 -12.9762989    0.1103    0.0187    0.1758 11 34 55.50     3.00 
  2023 11 15.483571 22 12  8.3921 -12 58 34.588 333.0349671 -12.9762744 333.0349575 -12.9762936    0.0338    0.0691    0.1986 11 36 20.50     3.00 
  2023 11 15.484381 22 12  8.3865 -12 58 34.673 333.0349437 -12.9762980 333.0349697 -12.9762892   -0.0914   -0.0317    0.0686 11 37 30.50     3.00 
  2023 11 15.485544 22 12  8.3947 -12 58 34.633 333.0349778 -12.9762869 333.0349874 -12.9762828   -0.0338   -0.0145    0.0252 11 39 11.00    20.00 
  2023 11 15.486632 22 12  8.3970 -12 58 34.633 333.0349875 -12.9762868 333.0350039 -12.9762769   -0.0576   -0.0356    0.1658 11 40 45.00    20.00 
  2023 11 15.487350 22 12  8.3875 -12 58 34.867 333.0349478 -12.9763521 333.0350148 -12.9762730   -0.2349   -0.2847    0.9904 11 41 47.00    20.00 
  2023 11 15.487720 22 12  8.4096 -12 58 34.633 333.0350401 -12.9762868 333.0350204 -12.9762710    0.0692   -0.0570    0.2147 11 42 19.00    20.00 
  2023 11 15.488808 22 12  8.4053 -12 58 34.501 333.0350220 -12.9762504 333.0350369 -12.9762650   -0.0523    0.0528    0.0591 11 43 53.00    20.00 
  2023 11 15.489167 22 12  8.3960 -12 58 34.743 333.0349832 -12.9763176 333.0350423 -12.9762631   -0.2073   -0.1962    0.9863 11 44 24.00    20.00 
  2023 11 15.489896 22 12  8.4185 -12 58 34.520 333.0350770 -12.9762554 333.0350533 -12.9762591    0.0832    0.0132    0.1877 11 45 27.00    20.00 
  2023 11 15.490984 22 12  8.4124 -12 58 34.471 333.0350516 -12.9762419 333.0350698 -12.9762531   -0.0637    0.0405    0.0656 11 47  1.00    20.00 
  2023 11 15.491343 22 12  8.4153 -12 58 34.437 333.0350639 -12.9762325 333.0350752 -12.9762512   -0.0399    0.0672    0.0651 11 47 32.00    20.00 
  2023 11 15.493148 22 12  8.4298 -12 58 34.423 333.0351243 -12.9762285 333.0351025 -12.9762413    0.0763    0.0460    0.0760 11 50  8.00    20.00 
  2023 11 15.493507 22 12  8.4282 -12 58 34.456 333.0351177 -12.9762377 333.0351080 -12.9762393    0.0341    0.0058    0.1319 11 50 39.00    20.00 
  2023 11 15.495683 22 12  8.4345 -12 58 34.406 333.0351439 -12.9762239 333.0351408 -12.9762274    0.0106    0.0126    0.0910 11 53 47.00    20.00 
  2023 11 15.496042 22 12  8.4307 -12 58 34.424 333.0351278 -12.9762290 333.0351463 -12.9762254   -0.0646   -0.0127    0.0567 11 54 18.00    20.00 
  2023 11 15.497859 22 12  8.4262 -12 58 34.424 333.0351092 -12.9762289 333.0351737 -12.9762155   -0.2262   -0.0484    0.0333 11 56 55.00    20.00 
  2023 11 15.504016 22 12  8.4674 -12 58 34.334 333.0352810 -12.9762039 333.0352665 -12.9761816    0.0507   -0.0803    0.0237 12  5 47.00    20.00 
  2023 11 15.504734 22 12  8.4642 -12 58 34.258 333.0352675 -12.9761829 333.0352773 -12.9761776   -0.0344   -0.0189    0.0829 12  6 49.00    20.00 
  2023 11 15.506192 22 12  8.4713 -12 58 34.286 333.0352972 -12.9761904 333.0352993 -12.9761696   -0.0073   -0.0751    0.1948 12  8 55.00    20.00 
  2023 11 14.478571 22 12  3.6256 -12 58 52.247 333.0151069 -12.9811797 333.0150908 -12.9811021    0.0561   -0.2793    0.1158 11 29  8.50     5.00 
  2023 11 14.479508 22 12  3.6207 -12 58 52.093 333.0150865 -12.9811371 333.0151109 -12.9810982   -0.0857   -0.1400    0.0577 11 30 29.50     5.00 
  2023 11 14.479705 22 12  3.6258 -12 58 52.176 333.0151074 -12.9811601 333.0151151 -12.9810973   -0.0268   -0.2259    0.0497 11 30 46.50     5.00 
  2023 11 14.480457 22 12  3.6322 -12 58 51.864 333.0151342 -12.9810734 333.0151311 -12.9810942    0.0108    0.0749    0.0035 11 31 51.50     5.00 
  2023 11 14.480642 22 12  3.6263 -12 58 51.940 333.0151097 -12.9810945 333.0151351 -12.9810934   -0.0892   -0.0039    0.0791 11 32  7.50     5.00 
  2023 11 14.480828 22 12  3.6219 -12 58 51.802 333.0150911 -12.9810562 333.0151390 -12.9810926   -0.1683    0.1311    0.1121 11 32 23.50     5.00 
  2023 11 14.481580 22 12  3.6278 -12 58 51.921 333.0151158 -12.9810891 333.0151551 -12.9810895   -0.1378    0.0014    0.0984 11 33 28.50     5.00 
  2023 11 14.481765 22 12  3.6394 -12 58 51.953 333.0151642 -12.9810980 333.0151591 -12.9810887    0.0180   -0.0335    0.1082 11 33 44.50     5.00 
  2023 11 14.482714 22 12  3.6359 -12 58 51.989 333.0151495 -12.9811081 333.0151793 -12.9810847   -0.1046   -0.0842    0.1139 11 35  6.50     5.00 
  2023 11 14.482911 22 12  3.6424 -12 58 51.973 333.0151765 -12.9811035 333.0151835 -12.9810839   -0.0247   -0.0707    0.0447 11 35 23.50     5.00 
  2023 11 14.483848 22 12  3.6341 -12 58 51.883 333.0151420 -12.9810787 333.0152035 -12.9810800   -0.2158    0.0044    0.1261 11 36 44.50     5.00 
  2023 11 14.484045 22 12  3.6505 -12 58 51.965 333.0152104 -12.9811015 333.0152077 -12.9810791    0.0094   -0.0805    0.0267 11 37  1.50     5.00 
  2023 11 14.484815 22 12  3.6560 -12 58 51.991 333.0152332 -12.9811086 333.0152241 -12.9810759    0.0320   -0.1176    0.0701 11 38  8.00    10.00 
  2023 11 14.485787 22 12  3.6609 -12 58 51.838 333.0152535 -12.9810662 333.0152448 -12.9810718    0.0305    0.0203    0.0709 11 39 32.00    10.00 
  2023 11 14.486030 22 12  3.6583 -12 58 51.906 333.0152430 -12.9810851 333.0152500 -12.9810708   -0.0246   -0.0514    0.0394 11 39 53.00    10.00 
  2023 11 14.486285 22 12  3.6663 -12 58 51.942 333.0152762 -12.9810950 333.0152555 -12.9810697    0.0727   -0.0908    0.0493 11 40 15.00    10.00 
  2023 11 14.487269 22 12  3.6570 -12 58 51.668 333.0152374 -12.9810189 333.0152764 -12.9810656   -0.1368    0.1681    0.0821 11 41 40.00    10.00 
  2023 11 14.487512 22 12  3.6691 -12 58 51.865 333.0152877 -12.9810736 333.0152816 -12.9810646    0.0215   -0.0326    0.0585 11 42  1.00    10.00 
  2023 11 14.487766 22 12  3.6631 -12 58 51.708 333.0152629 -12.9810299 333.0152870 -12.9810635   -0.0847    0.1210    0.3310 11 42 23.00    10.00 
  2023 11 14.488738 22 12  3.6699 -12 58 51.753 333.0152914 -12.9810424 333.0153077 -12.9810594   -0.0574    0.0612    0.0424 11 43 47.00    10.00 
  2023 11 14.488993 22 12  3.6755 -12 58 51.837 333.0153148 -12.9810659 333.0153132 -12.9810583    0.0056   -0.0274    0.1797 11 44  9.00    10.00 
  2023 11 14.490220 22 12  3.6825 -12 58 51.805 333.0153438 -12.9810571 333.0153393 -12.9810531    0.0158   -0.0141    0.0742 11 45 55.00    10.00 
  2023 11 14.490463 22 12  3.6811 -12 58 51.757 333.0153379 -12.9810437 333.0153445 -12.9810521   -0.0230    0.0303    0.0346 11 46 16.00    10.00 
  2023 11 14.490718 22 12  3.6828 -12 58 51.884 333.0153449 -12.9810790 333.0153499 -12.9810510   -0.0175   -0.1006    0.0718 11 46 38.00    10.00 
  2023 11 14.491690 22 12  3.6880 -12 58 51.781 333.0153667 -12.9810504 333.0153706 -12.9810469   -0.0136   -0.0123    0.0673 11 48  2.00    10.00 
  2023 11 14.496152 22 12  3.7127 -12 58 51.691 333.0154697 -12.9810252 333.0154655 -12.9810281    0.0150    0.0102    0.0595 11 54 27.50    15.00 
  2023 11 14.496453 22 12  3.7107 -12 58 51.688 333.0154611 -12.9810246 333.0154719 -12.9810268   -0.0376    0.0080    0.0356 11 54 53.50    15.00 
  2023 11 14.497980 22 12  3.7184 -12 58 51.582 333.0154932 -12.9809949 333.0155043 -12.9810203   -0.0389    0.0915    0.0708 11 57  5.50    15.00 
  2023 11 14.498281 22 12  3.7211 -12 58 51.604 333.0155047 -12.9810010 333.0155107 -12.9810190   -0.0211    0.0648    0.0545 11 57 31.50    15.00 
  2023 11 14.499797 22 12  3.7328 -12 58 51.736 333.0155533 -12.9810379 333.0155429 -12.9810126    0.0366   -0.0911    0.0709 11 59 42.50    15.00 
  2023 11 14.500110 22 12  3.7291 -12 58 51.691 333.0155378 -12.9810253 333.0155496 -12.9810113   -0.0412   -0.0505    0.0359 12  0  9.50    15.00 
  2023 11 14.500411 22 12  3.7322 -12 58 51.733 333.0155507 -12.9810368 333.0155559 -12.9810100   -0.0185   -0.0966    0.0542 12  0 35.50    15.00 
  2023 11 14.501626 22 12  3.7332 -12 58 51.613 333.0155548 -12.9810036 333.0155817 -12.9810048   -0.0944    0.0042    0.0892 12  2 20.50    15.00 
  2023 11 14.501927 22 12  3.7399 -12 58 51.609 333.0155830 -12.9810025 333.0155881 -12.9810035   -0.0181    0.0036    0.0471 12  2 46.50    15.00 
  2023 11 14.502240 22 12  3.7443 -12 58 51.721 333.0156011 -12.9810336 333.0155948 -12.9810022    0.0221   -0.1132    0.0589 12  3 13.50    15.00 
  2023 11 14.503455 22 12  3.7418 -12 58 51.617 333.0155907 -12.9810048 333.0156205 -12.9809970   -0.1047   -0.0279    0.0517 12  4 58.50    15.00 
  2023 11 14.503756 22 12  3.7541 -12 58 51.715 333.0156421 -12.9810319 333.0156269 -12.9809957    0.0531   -0.1300    0.0852 12  5 24.50    15.00 
  2023 11 15.474277 22 12  8.3567 -12 58 34.955 333.0348194 -12.9763763 333.0348161 -12.9763440    0.0117   -0.1163    0.0705 11 22 57.50     3.00 
  2023 11 15.474670 22 12  8.3507 -12 58 35.085 333.0347947 -12.9764125 333.0348221 -12.9763419   -0.0962   -0.2541    0.1246 11 23 31.50     3.00 
  2023 11 15.475492 22 12  8.3575 -12 58 34.812 333.0348230 -12.9763366 333.0348346 -12.9763374   -0.0407    0.0029    0.1431 11 24 42.50     3.00 
  2023 11 15.475666 22 12  8.3617 -12 58 34.905 333.0348404 -12.9763626 333.0348373 -12.9763365    0.0110   -0.0939    0.1185 11 24 57.50     3.00 
  2023 11 15.476649 22 12  8.3554 -12 58 35.010 333.0348141 -12.9763918 333.0348522 -12.9763312   -0.1338   -0.2181    0.1251 11 26 22.50     3.00 
  2023 11 15.477309 22 12  8.3670 -12 58 34.783 333.0348626 -12.9763285 333.0348623 -12.9763276    0.0010   -0.0032    0.0580 11 27 19.50     3.00 
  2023 11 15.479300 22 12  8.3743 -12 58 34.693 333.0348929 -12.9763036 333.0348926 -12.9763168    0.0012    0.0474    0.0666 11 30 11.50     3.00 
  2023 11 15.479462 22 12  8.3753 -12 58 34.779 333.0348969 -12.9763274 333.0348950 -12.9763159    0.0065   -0.0415    0.0805 11 30 25.50     3.00 
  2023 11 15.479624 22 12  8.3804 -12 58 34.973 333.0349184 -12.9763813 333.0348975 -12.9763150    0.0732   -0.2387    0.1469 11 30 39.50     3.00 
  2023 11 15.480284 22 12  8.3656 -12 58 34.770 333.0348567 -12.9763251 333.0349075 -12.9763115   -0.1784   -0.0490    0.0725 11 31 36.50     3.00 
  2023 11 15.480619 22 12  8.3781 -12 58 34.821 333.0349088 -12.9763393 333.0349126 -12.9763096   -0.0134   -0.1067    0.0385 11 32  5.50     3.00 
  2023 11 15.481603 22 12  8.3878 -12 58 34.663 333.0349492 -12.9762952 333.0349276 -12.9763043    0.0760    0.0326    0.0569 11 33 30.50     3.00 
  2023 11 15.482587 22 12  8.3938 -12 58 34.658 333.0349740 -12.9762938 333.0349425 -12.9762989    0.1103    0.0187    0.1758 11 34 55.50     3.00 
  2023 11 15.483571 22 12  8.3921 -12 58 34.588 333.0349671 -12.9762744 333.0349575 -12.9762936    0.0338    0.0691    0.1986 11 36 20.50     3.00 
  2023 11 15.484381 22 12  8.3865 -12 58 34.673 333.0349437 -12.9762980 333.0349697 -12.9762892   -0.0914   -0.0317    0.0686 11 37 30.50     3.00 
  2023 11 15.485544 22 12  8.3947 -12 58 34.633 333.0349778 -12.9762869 333.0349874 -12.9762828   -0.0338   -0.0145    0.0252 11 39 11.00    20.00 
  2023 11 15.486632 22 12  8.3970 -12 58 34.633 333.0349875 -12.9762868 333.0350039 -12.9762769   -0.0576   -0.0356    0.1658 11 40 45.00    20.00 
  2023 11 15.487350 22 12  8.3875 -12 58 34.867 333.0349478 -12.9763521 333.0350148 -12.9762730   -0.2349   -0.2847    0.9904 11 41 47.00    20.00 
  2023 11 15.487720 22 12  8.4096 -12 58 34.633 333.0350401 -12.9762868 333.0350204 -12.9762710    0.0692   -0.0570    0.2147 11 42 19.00    20.00 
  2023 11 15.488808 22 12  8.4053 -12 58 34.501 333.0350220 -12.9762504 333.0350369 -12.9762650   -0.0523    0.0528    0.0591 11 43 53.00    20.00 
  2023 11 15.489167 22 12  8.3960 -12 58 34.743 333.0349832 -12.9763176 333.0350423 -12.9762631   -0.2073   -0.1962    0.9863 11 44 24.00    20.00 
  2023 11 15.489896 22 12  8.4185 -12 58 34.520 333.0350770 -12.9762554 333.0350533 -12.9762591    0.0832    0.0132    0.1877 11 45 27.00    20.00 
  2023 11 15.490984 22 12  8.4124 -12 58 34.471 333.0350516 -12.9762419 333.0350698 -12.9762531   -0.0637    0.0405    0.0656 11 47  1.00    20.00 
  2023 11 15.491343 22 12  8.4153 -12 58 34.437 333.0350639 -12.9762325 333.0350752 -12.9762512   -0.0399    0.0672    0.0651 11 47 32.00    20.00 
  2023 11 15.493148 22 12  8.4298 -12 58 34.423 333.0351243 -12.9762285 333.0351025 -12.9762413    0.0763    0.0460    0.0760 11 50  8.00    20.00 
  2023 11 15.493507 22 12  8.4282 -12 58 34.456 333.0351177 -12.9762377 333.0351080 -12.9762393    0.0341    0.0058    0.1319 11 50 39.00    20.00 
  2023 11 15.495683 22 12  8.4345 -12 58 34.406 333.0351439 -12.9762239 333.0351408 -12.9762274    0.0106    0.0126    0.0910 11 53 47.00    20.00 
  2023 11 15.496042 22 12  8.4307 -12 58 34.424 333.0351278 -12.9762290 333.0351463 -12.9762254   -0.0646   -0.0127    0.0567 11 54 18.00    20.00 
  2023 11 15.497859 22 12  8.4262 -12 58 34.424 333.0351092 -12.9762289 333.0351737 -12.9762155   -0.2262   -0.0484    0.0333 11 56 55.00    20.00 
  2023 11 15.504016 22 12  8.4674 -12 58 34.334 333.0352810 -12.9762039 333.0352665 -12.9761816    0.0507   -0.0803    0.0237 12  5 47.00    20.00 
  2023 11 15.504734 22 12  8.4642 -12 58 34.258 333.0352675 -12.9761829 333.0352773 -12.9761776   -0.0344   -0.0189    0.0829 12  6 49.00    20.00 
  2023 11 15.506192 22 12  8.4713 -12 58 34.286 333.0352972 -12.9761904 333.0352993 -12.9761696   -0.0073   -0.0751    0.1948 12  8 55.00    20.00 
  2023 11 14.478571 22 12  3.6256 -12 58 52.247 333.0151069 -12.9811797 333.0150908 -12.9811021    0.0561   -0.2793    0.1158 11 29  8.50     5.00 
  2023 11 14.479508 22 12  3.6207 -12 58 52.093 333.0150865 -12.9811371 333.0151109 -12.9810982   -0.0857   -0.1400    0.0577 11 30 29.50     5.00 
  2023 11 14.479705 22 12  3.6258 -12 58 52.176 333.0151074 -12.9811601 333.0151151 -12.9810973   -0.0268   -0.2259    0.0497 11 30 46.50     5.00 
  2023 11 14.480457 22 12  3.6322 -12 58 51.864 333.0151342 -12.9810734 333.0151311 -12.9810942    0.0108    0.0749    0.0035 11 31 51.50     5.00 
  2023 11 14.480642 22 12  3.6263 -12 58 51.940 333.0151097 -12.9810945 333.0151351 -12.9810934   -0.0892   -0.0039    0.0791 11 32  7.50     5.00 
  2023 11 14.480828 22 12  3.6219 -12 58 51.802 333.0150911 -12.9810562 333.0151390 -12.9810926   -0.1683    0.1311    0.1121 11 32 23.50     5.00 
  2023 11 14.481580 22 12  3.6278 -12 58 51.921 333.0151158 -12.9810891 333.0151551 -12.9810895   -0.1378    0.0014    0.0984 11 33 28.50     5.00 
  2023 11 14.481765 22 12  3.6394 -12 58 51.953 333.0151642 -12.9810980 333.0151591 -12.9810887    0.0180   -0.0335    0.1082 11 33 44.50     5.00 
  2023 11 14.482714 22 12  3.6359 -12 58 51.989 333.0151495 -12.9811081 333.0151793 -12.9810847   -0.1046   -0.0842    0.1139 11 35  6.50     5.00 
  2023 11 14.482911 22 12  3.6424 -12 58 51.973 333.0151765 -12.9811035 333.0151835 -12.9810839   -0.0247   -0.0707    0.0447 11 35 23.50     5.00 
  2023 11 14.483848 22 12  3.6341 -12 58 51.883 333.0151420 -12.9810787 333.0152035 -12.9810800   -0.2158    0.0044    0.1261 11 36 44.50     5.00 
  2023 11 14.484045 22 12  3.6505 -12 58 51.965 333.0152104 -12.9811015 333.0152077 -12.9810791    0.0094   -0.0805    0.0267 11 37  1.50     5.00 
  2023 11 14.484815 22 12  3.6560 -12 58 51.991 333.0152332 -12.9811086 333.0152241 -12.9810759    0.0320   -0.1176    0.0701 11 38  8.00    10.00 
  2023 11 14.485787 22 12  3.6609 -12 58 51.838 333.0152535 -12.9810662 333.0152448 -12.9810718    0.0305    0.0203    0.0709 11 39 32.00    10.00 
  2023 11 14.486030 22 12  3.6583 -12 58 51.906 333.0152430 -12.9810851 333.0152500 -12.9810708   -0.0246   -0.0514    0.0394 11 39 53.00    10.00 
  2023 11 14.486285 22 12  3.6663 -12 58 51.942 333.0152762 -12.9810950 333.0152555 -12.9810697    0.0727   -0.0908    0.0493 11 40 15.00    10.00 
  2023 11 14.487269 22 12  3.6570 -12 58 51.668 333.0152374 -12.9810189 333.0152764 -12.9810656   -0.1368    0.1681    0.0821 11 41 40.00    10.00 
  2023 11 14.487512 22 12  3.6691 -12 58 51.865 333.0152877 -12.9810736 333.0152816 -12.9810646    0.0215   -0.0326    0.0585 11 42  1.00    10.00 
  2023 11 14.487766 22 12  3.6631 -12 58 51.708 333.0152629 -12.9810299 333.0152870 -12.9810635   -0.0847    0.1210    0.3310 11 42 23.00    10.00 
  2023 11 14.488738 22 12  3.6699 -12 58 51.753 333.0152914 -12.9810424 333.0153077 -12.9810594   -0.0574    0.0612    0.0424 11 43 47.00    10.00 
  2023 11 14.488993 22 12  3.6755 -12 58 51.837 333.0153148 -12.9810659 333.0153132 -12.9810583    0.0056   -0.0274    0.1797 11 44  9.00    10.00 
  2023 11 14.490220 22 12  3.6825 -12 58 51.805 333.0153438 -12.9810571 333.0153393 -12.9810531    0.0158   -0.0141    0.0742 11 45 55.00    10.00 
  2023 11 14.490463 22 12  3.6811 -12 58 51.757 333.0153379 -12.9810437 333.0153445 -12.9810521   -0.0230    0.0303    0.0346 11 46 16.00    10.00 
  2023 11 14.490718 22 12  3.6828 -12 58 51.884 333.0153449 -12.9810790 333.0153499 -12.9810510   -0.0175   -0.1006    0.0718 11 46 38.00    10.00 
  2023 11 14.491690 22 12  3.6880 -12 58 51.781 333.0153667 -12.9810504 333.0153706 -12.9810469   -0.0136   -0.0123    0.0673 11 48  2.00    10.00 
  2023 11 14.496152 22 12  3.7127 -12 58 51.691 333.0154697 -12.9810252 333.0154655 -12.9810281    0.0150    0.0102    0.0595 11 54 27.50    15.00 
  2023 11 14.496453 22 12  3.7107 -12 58 51.688 333.0154611 -12.9810246 333.0154719 -12.9810268   -0.0376    0.0080    0.0356 11 54 53.50    15.00 
  2023 11 14.497980 22 12  3.7184 -12 58 51.582 333.0154932 -12.9809949 333.0155043 -12.9810203   -0.0389    0.0915    0.0708 11 57  5.50    15.00 
  2023 11 14.498281 22 12  3.7211 -12 58 51.604 333.0155047 -12.9810010 333.0155107 -12.9810190   -0.0211    0.0648    0.0545 11 57 31.50    15.00 
  2023 11 14.499797 22 12  3.7328 -12 58 51.736 333.0155533 -12.9810379 333.0155429 -12.9810126    0.0366   -0.0911    0.0709 11 59 42.50    15.00 
  2023 11 14.500110 22 12  3.7291 -12 58 51.691 333.0155378 -12.9810253 333.0155496 -12.9810113   -0.0412   -0.0505    0.0359 12  0  9.50    15.00 
  2023 11 14.500411 22 12  3.7322 -12 58 51.733 333.0155507 -12.9810368 333.0155559 -12.9810100   -0.0185   -0.0966    0.0542 12  0 35.50    15.00 
  2023 11 14.501626 22 12  3.7332 -12 58 51.613 333.0155548 -12.9810036 333.0155817 -12.9810048   -0.0944    0.0042    0.0892 12  2 20.50    15.00 
  2023 11 14.501927 22 12  3.7399 -12 58 51.609 333.0155830 -12.9810025 333.0155881 -12.9810035   -0.0181    0.0036    0.0471 12  2 46.50    15.00 
  2023 11 14.502240 22 12  3.7443 -12 58 51.721 333.0156011 -12.9810336 333.0155948 -12.9810022    0.0221   -0.1132    0.0589 12  3 13.50    15.00 
  2023 11 14.503455 22 12  3.7418 -12 58 51.617 333.0155907 -12.9810048 333.0156205 -12.9809970   -0.1047   -0.0279    0.0517 12  4 58.50    15.00 
  2023 11 14.503756 22 12  3.7541 -12 58 51.715 333.0156421 -12.9810319 333.0156269 -12.9809957    0.0531   -0.1300    0.0852 12  5 24.50    15.00 
  2023 11 15.474277 22 12  8.3567 -12 58 34.955 333.0348194 -12.9763763 333.0348161 -12.9763440    0.0117   -0.1163    0.0705 11 22 57.50     3.00 
  2023 11 15.474670 22 12  8.3507 -12 58 35.085 333.0347947 -12.9764125 333.0348221 -12.9763419   -0.0962   -0.2541    0.1246 11 23 31.50     3.00 
  2023 11 15.475492 22 12  8.3575 -12 58 34.812 333.0348230 -12.9763366 333.0348346 -12.9763374   -0.0407    0.0029    0.1431 11 24 42.50     3.00 
  2023 11 15.475666 22 12  8.3617 -12 58 34.905 333.0348404 -12.9763626 333.0348373 -12.9763365    0.0110   -0.0939    0.1185 11 24 57.50     3.00 
  2023 11 15.476649 22 12  8.3554 -12 58 35.010 333.0348141 -12.9763918 333.0348522 -12.9763312   -0.1338   -0.2181    0.1251 11 26 22.50     3.00 
  2023 11 15.477309 22 12  8.3670 -12 58 34.783 333.0348626 -12.9763285 333.0348623 -12.9763276    0.0010   -0.0032    0.0580 11 27 19.50     3.00 
  2023 11 15.479300 22 12  8.3743 -12 58 34.693 333.0348929 -12.9763036 333.0348926 -12.9763168    0.0012    0.0474    0.0666 11 30 11.50     3.00 
  2023 11 15.479462 22 12  8.3753 -12 58 34.779 333.0348969 -12.9763274 333.0348950 -12.9763159    0.0065   -0.0415    0.0805 11 30 25.50     3.00 
  2023 11 15.479624 22 12  8.3804 -12 58 34.973 333.0349184 -12.9763813 333.0348975 -12.9763150    0.0732   -0.2387    0.1469 11 30 39.50     3.00 
  2023 11 15.480284 22 12  8.3656 -12 58 34.770 333.0348567 -12.9763251 333.0349075 -12.9763115   -0.1784   -0.0490    0.0725 11 31 36.50     3.00 
  2023 11 15.480619 22 12  8.3781 -12 58 34.821 333.0349088 -12.9763393 333.0349126 -12.9763096   -0.0134   -0.1067    0.0385 11 32  5.50     3.00 
  2023 11 15.481603 22 12  8.3878 -12 58 34.663 333.0349492 -12.9762952 333.0349276 -12.9763043    0.0760    0.0326    0.0569 11 33 30.50     3.00 
  2023 11 15.482587 22 12  8.3938 -12 58 34.658 333.0349740 -12.9762938 333.0349425 -12.9762989    0.1103    0.0187    0.1758 11 34 55.50     3.00 
  2023 11 15.483571 22 12  8.3921 -12 58 34.588 333.0349671 -12.9762744 333.0349575 -12.9762936    0.0338    0.0691    0.1986 11 36 20.50     3.00 
  2023 11 15.484381 22 12  8.3865 -12 58 34.673 333.0349437 -12.9762980 333.0349697 -12.9762892   -0.0914   -0.0317    0.0686 11 37 30.50     3.00 
  2023 11 15.485544 22 12  8.3947 -12 58 34.633 333.0349778 -12.9762869 333.0349874 -12.9762828   -0.0338   -0.0145    0.0252 11 39 11.00    20.00 
  2023 11 15.486632 22 12  8.3970 -12 58 34.633 333.0349875 -12.9762868 333.0350039 -12.9762769   -0.0576   -0.0356    0.1658 11 40 45.00    20.00 
  2023 11 15.487350 22 12  8.3875 -12 58 34.867 333.0349478 -12.9763521 333.0350148 -12.9762730   -0.2349   -0.2847    0.9904 11 41 47.00    20.00 
  2023 11 15.487720 22 12  8.4096 -12 58 34.633 333.0350401 -12.9762868 333.0350204 -12.9762710    0.0692   -0.0570    0.2147 11 42 19.00    20.00 
  2023 11 15.488808 22 12  8.4053 -12 58 34.501 333.0350220 -12.9762504 333.0350369 -12.9762650   -0.0523    0.0528    0.0591 11 43 53.00    20.00 
  2023 11 15.489167 22 12  8.3960 -12 58 34.743 333.0349832 -12.9763176 333.0350423 -12.9762631   -0.2073   -0.1962    0.9863 11 44 24.00    20.00 
  2023 11 15.489896 22 12  8.4185 -12 58 34.520 333.0350770 -12.9762554 333.0350533 -12.9762591    0.0832    0.0132    0.1877 11 45 27.00    20.00 
  2023 11 15.490984 22 12  8.4124 -12 58 34.471 333.0350516 -12.9762419 333.0350698 -12.9762531   -0.0637    0.0405    0.0656 11 47  1.00    20.00 
  2023 11 15.491343 22 12  8.4153 -12 58 34.437 333.0350639 -12.9762325 333.0350752 -12.9762512   -0.0399    0.0672    0.0651 11 47 32.00    20.00 
  2023 11 15.493148 22 12  8.4298 -12 58 34.423 333.0351243 -12.9762285 333.0351025 -12.9762413    0.0763    0.0460    0.0760 11 50  8.00    20.00 
  2023 11 15.493507 22 12  8.4282 -12 58 34.456 333.0351177 -12.9762377 333.0351080 -12.9762393    0.0341    0.0058    0.1319 11 50 39.00    20.00 
  2023 11 15.495683 22 12  8.4345 -12 58 34.406 333.0351439 -12.9762239 333.0351408 -12.9762274    0.0106    0.0126    0.0910 11 53 47.00    20.00 
  2023 11 15.496042 22 12  8.4307 -12 58 34.424 333.0351278 -12.9762290 333.0351463 -12.9762254   -0.0646   -0.0127    0.0567 11 54 18.00    20.00 
  2023 11 15.497859 22 12  8.4262 -12 58 34.424 333.0351092 -12.9762289 333.0351737 -12.9762155   -0.2262   -0.0484    0.0333 11 56 55.00    20.00 
  2023 11 15.504016 22 12  8.4674 -12 58 34.334 333.0352810 -12.9762039 333.0352665 -12.9761816    0.0507   -0.0803    0.0237 12  5 47.00    20.00 
  2023 11 15.504734 22 12  8.4642 -12 58 34.258 333.0352675 -12.9761829 333.0352773 -12.9761776   -0.0344   -0.0189    0.0829 12  6 49.00    20.00 
  2023 11 15.506192 22 12  8.4713 -12 58 34.286 333.0352972 -12.9761904 333.0352993 -12.9761696   -0.0073   -0.0751    0.1948 12  8 55.00    20.00 
