  2023 11 14.478571 22 11 55.5962 -12 59  1.372 332.9816509 -12.9837146 332.9816427 -12.9836760    0.0287   -0.1388    0.1158 11 29  8.50     5.00 
  2023 11 14.479323 22 11 55.5868 -12 59  1.205 332.9816116 -12.9836680 332.9816362 -12.9836707   -0.0865    0.0099    0.0961 11 30 13.50     5.00 
  2023 11 14.479508 22 11 55.5905 -12 59  1.291 332.9816272 -12.9836921 332.9816346 -12.9836694   -0.0261   -0.0815    0.0577 11 30 29.50     5.00 
  2023 11 14.479705 22 11 55.5916 -12 59  1.337 332.9816318 -12.9837046 332.9816329 -12.9836680   -0.0038   -0.1316    0.0497 11 30 46.50     5.00 
  2023 11 14.480457 22 11 55.5904 -12 59  1.199 332.9816265 -12.9836664 332.9816264 -12.9836627    0.0002   -0.0131    0.0035 11 31 51.50     5.00 
  2023 11 14.480642 22 11 55.5868 -12 59  1.172 332.9816115 -12.9836588 332.9816248 -12.9836614   -0.0467    0.0095    0.0791 11 32  7.50     5.00 
  2023 11 14.480828 22 11 55.5813 -12 59  1.122 332.9815887 -12.9836449 332.9816232 -12.9836601   -0.1208    0.0549    0.1121 11 32 23.50     5.00 
  2023 11 14.481580 22 11 55.5813 -12 59  1.134 332.9815887 -12.9836484 332.9816166 -12.9836548   -0.0978    0.0233    0.0984 11 33 28.50     5.00 
  2023 11 14.481765 22 11 55.5870 -12 59  1.113 332.9816126 -12.9836425 332.9816150 -12.9836535   -0.0086    0.0397    0.1082 11 33 44.50     5.00 
  2023 11 14.482714 22 11 55.5820 -12 59  1.172 332.9815915 -12.9836588 332.9816067 -12.9836468   -0.0534   -0.0431    0.1139 11 35  6.50     5.00 
  2023 11 14.482911 22 11 55.5846 -12 59  1.148 332.9816027 -12.9836523 332.9816050 -12.9836455   -0.0082   -0.0245    0.0447 11 35 23.50     5.00 
  2023 11 14.483848 22 11 55.5790 -12 59  1.109 332.9815791 -12.9836413 332.9815968 -12.9836388   -0.0620   -0.0090    0.1261 11 36 44.50     5.00 
  2023 11 14.484045 22 11 55.5834 -12 59  1.159 332.9815975 -12.9836553 332.9815951 -12.9836374    0.0084   -0.0643    0.0267 11 37  1.50     5.00 
  2023 11 14.484815 22 11 55.5836 -12 59  1.124 332.9815982 -12.9836454 332.9815883 -12.9836320    0.0347   -0.0484    0.0701 11 38  8.00    10.00 
  2023 11 14.485787 22 11 55.5811 -12 59  1.004 332.9815879 -12.9836122 332.9815798 -12.9836251    0.0285    0.0464    0.0709 11 39 32.00    10.00 
  2023 11 14.486030 22 11 55.5781 -12 59  1.034 332.9815753 -12.9836206 332.9815776 -12.9836234   -0.0082    0.0100    0.0394 11 39 53.00    10.00 
  2023 11 14.486285 22 11 55.5807 -12 59  1.127 332.9815863 -12.9836465 332.9815754 -12.9836216    0.0382   -0.0898    0.0494 11 40 15.00    10.00 
  2023 11 14.487269 22 11 55.5699 -12 59  0.966 332.9815411 -12.9836017 332.9815667 -12.9836146   -0.0896    0.0463    0.0821 11 41 40.00    10.00 
  2023 11 14.487512 22 11 55.5752 -12 59  1.001 332.9815635 -12.9836114 332.9815645 -12.9836128   -0.0036    0.0052    0.0585 11 42  1.00    10.00 
  2023 11 14.487766 22 11 55.5714 -12 59  0.962 332.9815473 -12.9836004 332.9815623 -12.9836110   -0.0523    0.0382    0.3310 11 42 23.00    10.00 
  2023 11 14.488738 22 11 55.5694 -12 59  0.967 332.9815390 -12.9836019 332.9815536 -12.9836041   -0.0515    0.0079    0.0424 11 43 47.00    10.00 
  2023 11 14.488993 22 11 55.5725 -12 59  1.008 332.9815519 -12.9836132 332.9815514 -12.9836023    0.0020   -0.0393    0.1797 11 44  9.00    10.00 
  2023 11 14.489977 22 11 55.5670 -12 59  0.908 332.9815292 -12.9835855 332.9815426 -12.9835953   -0.0471    0.0353    0.0344 11 45 34.00    10.00 
  2023 11 14.490220 22 11 55.5675 -12 59  0.957 332.9815313 -12.9835992 332.9815404 -12.9835935   -0.0320   -0.0202    0.0742 11 45 55.00    10.00 
  2023 11 14.490463 22 11 55.5677 -12 59  0.911 332.9815320 -12.9835864 332.9815383 -12.9835918   -0.0222    0.0193    0.0346 11 46 16.00    10.00 
  2023 11 14.490718 22 11 55.5681 -12 59  0.990 332.9815336 -12.9836084 332.9815360 -12.9835900   -0.0085   -0.0664    0.0718 11 46 38.00    10.00 
  2023 11 14.491690 22 11 55.5655 -12 59  0.941 332.9815229 -12.9835947 332.9815273 -12.9835830   -0.0156   -0.0422    0.0673 11 48  2.00    10.00 
  2023 11 14.491944 22 11 55.5619 -12 59  0.978 332.9815079 -12.9836050 332.9815250 -12.9835812   -0.0603   -0.0856    0.1408 11 48 24.00    10.00 
  2023 11 14.496152 22 11 55.5579 -12 59  0.766 332.9814911 -12.9835460 332.9814871 -12.9835510    0.0140    0.0177    0.0595 11 54 27.50    15.00 
  2023 11 14.496453 22 11 55.5537 -12 59  0.734 332.9814739 -12.9835373 332.9814844 -12.9835488   -0.0369    0.0414    0.0356 11 54 53.50    15.00 
  2023 11 14.497668 22 11 55.5542 -12 59  0.779 332.9814760 -12.9835498 332.9814733 -12.9835400    0.0094   -0.0353    0.0376 11 56 38.50    15.00 
  2023 11 14.497980 22 11 55.5515 -12 59  0.678 332.9814644 -12.9835217 332.9814705 -12.9835377   -0.0214    0.0578    0.0708 11 57  5.50    15.00 
  2023 11 14.498281 22 11 55.5499 -12 59  0.713 332.9814580 -12.9835315 332.9814678 -12.9835356   -0.0343    0.0147    0.0545 11 57 31.50    15.00 
  2023 11 14.499497 22 11 55.5461 -12 59  0.729 332.9814421 -12.9835358 332.9814567 -12.9835268   -0.0513   -0.0323    0.0427 11 59 16.50    15.00 
  2023 11 14.499797 22 11 55.5506 -12 59  0.741 332.9814609 -12.9835391 332.9814539 -12.9835246    0.0245   -0.0522    0.0709 11 59 42.50    15.00 
  2023 11 14.500110 22 11 55.5475 -12 59  0.720 332.9814480 -12.9835333 332.9814511 -12.9835223   -0.0108   -0.0396    0.0359 12  0  9.50    15.00 
  2023 11 14.500411 22 11 55.5473 -12 59  0.746 332.9814471 -12.9835406 332.9814483 -12.9835201   -0.0043   -0.0736    0.0541 12  0 35.50    15.00 
  2023 11 14.501626 22 11 55.5412 -12 59  0.656 332.9814215 -12.9835156 332.9814372 -12.9835113   -0.0548   -0.0154    0.0892 12  2 20.50    15.00 
  2023 11 14.501927 22 11 55.5427 -12 59  0.613 332.9814278 -12.9835036 332.9814344 -12.9835091   -0.0232    0.0200    0.0471 12  2 46.50    15.00 
  2023 11 14.502240 22 11 55.5441 -12 59  0.662 332.9814337 -12.9835171 332.9814315 -12.9835068    0.0075   -0.0369    0.0589 12  3 13.50    15.00 
  2023 11 14.503455 22 11 55.5348 -12 59  0.595 332.9813950 -12.9834986 332.9814203 -12.9834980   -0.0888   -0.0023    0.0517 12  4 58.50    15.00 
  2023 11 14.503756 22 11 55.5427 -12 59  0.647 332.9814280 -12.9835129 332.9814176 -12.9834958    0.0368   -0.0617    0.0852 12  5 24.50    15.00 
  2023 11 15.474277 22 11 53.1039 -12 58 20.766 332.9712663 -12.9724351 332.9712537 -12.9724295    0.0439   -0.0201    0.0705 11 22 57.50     3.00 
  2023 11 15.474670 22 11 53.1098 -12 58 20.724 332.9712909 -12.9724233 332.9712513 -12.9724238    0.1389    0.0016    0.1246 11 23 31.50     3.00 
  2023 11 15.475492 22 11 53.0965 -12 58 20.624 332.9712353 -12.9723954 332.9712463 -12.9724118   -0.0386    0.0589    0.1431 11 24 42.50     3.00 
  2023 11 15.475666 22 11 53.1046 -12 58 20.870 332.9712694 -12.9724638 332.9712453 -12.9724093    0.0845   -0.1962    0.1185 11 24 57.50     3.00 
  2023 11 15.476649 22 11 53.1029 -12 58 20.712 332.9712619 -12.9724200 332.9712393 -12.9723949    0.0794   -0.0902    0.1251 11 26 22.50     3.00 
  2023 11 15.477309 22 11 53.0980 -12 58 20.620 332.9712417 -12.9723944 332.9712353 -12.9723853    0.0225   -0.0327    0.0580 11 27 19.50     3.00 
  2023 11 15.479300 22 11 53.0917 -12 58 20.469 332.9712155 -12.9723526 332.9712234 -12.9723563   -0.0274    0.0131    0.0666 11 30 11.50     3.00 
  2023 11 15.479462 22 11 53.1078 -12 58 20.548 332.9712824 -12.9723744 332.9712224 -12.9723539    0.2105   -0.0738    0.0806 11 30 25.50     3.00 
  2023 11 15.479624 22 11 53.0969 -12 58 20.530 332.9712371 -12.9723694 332.9712214 -12.9723515    0.0550   -0.0644    0.1469 11 30 39.50     3.00 
  2023 11 15.480284 22 11 53.0968 -12 58 20.446 332.9712368 -12.9723461 332.9712175 -12.9723419    0.0677   -0.0152    0.0725 11 31 36.50     3.00 
  2023 11 15.480619 22 11 53.0961 -12 58 20.483 332.9712336 -12.9723563 332.9712155 -12.9723370    0.0637   -0.0693    0.0385 11 32  5.50     3.00 
  2023 11 15.482587 22 11 53.0721 -12 58 20.190 332.9711338 -12.9722749 332.9712039 -12.9723082   -0.2458    0.1202    0.1758 11 34 55.50     3.00 
  2023 11 15.483571 22 11 53.0861 -12 58 20.225 332.9711920 -12.9722846 332.9711981 -12.9722939   -0.0212    0.0332    0.1986 11 36 20.50     3.00 
  2023 11 15.484381 22 11 53.0856 -12 58 20.198 332.9711901 -12.9722772 332.9711933 -12.9722820   -0.0114    0.0175    0.0686 11 37 30.50     3.00 
  2023 11 15.485544 22 11 53.0866 -12 58 20.030 332.9711941 -12.9722306 332.9711866 -12.9722650    0.0264    0.1239    0.0252 11 39 11.00    20.00 
  2023 11 15.486632 22 11 53.0778 -12 58 20.177 332.9711576 -12.9722715 332.9711803 -12.9722491   -0.0797   -0.0806    0.1658 11 40 45.00    20.00 
  2023 11 15.487720 22 11 53.0631 -12 58 20.168 332.9710962 -12.9722688 332.9711740 -12.9722332   -0.2729   -0.1282    0.2147 11 42 19.00    20.00 
  2023 11 15.488808 22 11 53.0814 -12 58 20.011 332.9711724 -12.9722254 332.9711678 -12.9722172    0.0162   -0.0294    0.0591 11 43 53.00    20.00 
  2023 11 15.489896 22 11 53.0722 -12 58 20.113 332.9711341 -12.9722536 332.9711616 -12.9722013   -0.0966   -0.1882    0.1877 11 45 27.00    20.00 
  2023 11 15.490984 22 11 53.0782 -12 58 19.946 332.9711591 -12.9722071 332.9711555 -12.9721853    0.0126   -0.0784    0.0656 11 47  1.00    20.00 
  2023 11 15.491343 22 11 53.0773 -12 58 19.872 332.9711555 -12.9721866 332.9711535 -12.9721801    0.0071   -0.0234    0.0651 11 47 32.00    20.00 
  2023 11 15.491701 22 11 53.0756 -12 58 19.831 332.9711482 -12.9721754 332.9711514 -12.9721748   -0.0114   -0.0022    0.1338 11 48  3.00    20.00 
  2023 11 15.493148 22 11 53.0759 -12 58 19.684 332.9711498 -12.9721343 332.9711433 -12.9721536    0.0226    0.0694    0.0760 11 50  8.00    20.00 
  2023 11 15.493507 22 11 53.0851 -12 58 19.799 332.9711880 -12.9721663 332.9711413 -12.9721483    0.1638   -0.0649    0.1319 11 50 39.00    20.00 
  2023 11 15.495683 22 11 53.0731 -12 58 19.542 332.9711378 -12.9720949 332.9711293 -12.9721164    0.0298    0.0772    0.0910 11 53 47.00    20.00 
  2023 11 15.496042 22 11 53.0698 -12 58 19.612 332.9711240 -12.9721143 332.9711273 -12.9721111   -0.0118   -0.0116    0.0567 11 54 18.00    20.00 
  2023 11 15.497859 22 11 53.0777 -12 58 19.395 332.9711570 -12.9720542 332.9711174 -12.9720844    0.1389    0.1087    0.0333 11 56 55.00    20.00 
  2023 11 15.502928 22 11 53.0649 -12 58 19.154 332.9711039 -12.9719873 332.9710903 -12.9720098    0.0478    0.0811    0.1368 12  4 13.00    20.00 
  2023 11 15.504016 22 11 53.0527 -12 58 19.154 332.9710528 -12.9719873 332.9710846 -12.9719938   -0.1113    0.0235    0.0237 12  5 47.00    20.00 
  2023 11 15.504734 22 11 53.0612 -12 58 19.006 332.9710884 -12.9719461 332.9710808 -12.9719832    0.0267    0.1338    0.0829 12  6 49.00    20.00 
  2023 11 15.506192 22 11 53.0442 -12 58 19.021 332.9710176 -12.9719503 332.9710732 -12.9719617   -0.1953    0.0411    0.1948 12  8 55.00    20.00 
  2023 11 14.478571 22 11 55.5962 -12 59  1.372 332.9816509 -12.9837146 332.9816427 -12.9836760    0.0287   -0.1388    0.1158 11 29  8.50     5.00 
  2023 11 14.479323 22 11 55.5868 -12 59  1.205 332.9816116 -12.9836680 332.9816362 -12.9836707   -0.0865    0.0099    0.0961 11 30 13.50     5.00 
  2023 11 14.479508 22 11 55.5905 -12 59  1.291 332.9816272 -12.9836921 332.9816346 -12.9836694   -0.0261   -0.0815    0.0577 11 30 29.50     5.00 
  2023 11 14.479705 22 11 55.5916 -12 59  1.337 332.9816318 -12.9837046 332.9816329 -12.9836680   -0.0038   -0.1316    0.0497 11 30 46.50     5.00 
  2023 11 14.480457 22 11 55.5904 -12 59  1.199 332.9816265 -12.9836664 332.9816264 -12.9836627    0.0002   -0.0131    0.0035 11 31 51.50     5.00 
  2023 11 14.480642 22 11 55.5868 -12 59  1.172 332.9816115 -12.9836588 332.9816248 -12.9836614   -0.0467    0.0095    0.0791 11 32  7.50     5.00 
  2023 11 14.480828 22 11 55.5813 -12 59  1.122 332.9815887 -12.9836449 332.9816232 -12.9836601   -0.1208    0.0549    0.1121 11 32 23.50     5.00 
  2023 11 14.481580 22 11 55.5813 -12 59  1.134 332.9815887 -12.9836484 332.9816166 -12.9836548   -0.0978    0.0233    0.0984 11 33 28.50     5.00 
  2023 11 14.481765 22 11 55.5870 -12 59  1.113 332.9816126 -12.9836425 332.9816150 -12.9836535   -0.0086    0.0397    0.1082 11 33 44.50     5.00 
  2023 11 14.482714 22 11 55.5820 -12 59  1.172 332.9815915 -12.9836588 332.9816067 -12.9836468   -0.0534   -0.0431    0.1139 11 35  6.50     5.00 
  2023 11 14.482911 22 11 55.5846 -12 59  1.148 332.9816027 -12.9836523 332.9816050 -12.9836455   -0.0082   -0.0245    0.0447 11 35 23.50     5.00 
  2023 11 14.483848 22 11 55.5790 -12 59  1.109 332.9815791 -12.9836413 332.9815968 -12.9836388   -0.0620   -0.0090    0.1261 11 36 44.50     5.00 
  2023 11 14.484045 22 11 55.5834 -12 59  1.159 332.9815975 -12.9836553 332.9815951 -12.9836374    0.0084   -0.0643    0.0267 11 37  1.50     5.00 
  2023 11 14.484815 22 11 55.5836 -12 59  1.124 332.9815982 -12.9836454 332.9815883 -12.9836320    0.0347   -0.0484    0.0701 11 38  8.00    10.00 
  2023 11 14.485787 22 11 55.5811 -12 59  1.004 332.9815879 -12.9836122 332.9815798 -12.9836251    0.0285    0.0464    0.0709 11 39 32.00    10.00 
  2023 11 14.486030 22 11 55.5781 -12 59  1.034 332.9815753 -12.9836206 332.9815776 -12.9836234   -0.0082    0.0100    0.0394 11 39 53.00    10.00 
  2023 11 14.486285 22 11 55.5807 -12 59  1.127 332.9815863 -12.9836465 332.9815754 -12.9836216    0.0382   -0.0898    0.0494 11 40 15.00    10.00 
  2023 11 14.487269 22 11 55.5699 -12 59  0.966 332.9815411 -12.9836017 332.9815667 -12.9836146   -0.0896    0.0463    0.0821 11 41 40.00    10.00 
  2023 11 14.487512 22 11 55.5752 -12 59  1.001 332.9815635 -12.9836114 332.9815645 -12.9836128   -0.0036    0.0052    0.0585 11 42  1.00    10.00 
  2023 11 14.487766 22 11 55.5714 -12 59  0.962 332.9815473 -12.9836004 332.9815623 -12.9836110   -0.0523    0.0382    0.3310 11 42 23.00    10.00 
  2023 11 14.488738 22 11 55.5694 -12 59  0.967 332.9815390 -12.9836019 332.9815536 -12.9836041   -0.0515    0.0079    0.0424 11 43 47.00    10.00 
  2023 11 14.488993 22 11 55.5725 -12 59  1.008 332.9815519 -12.9836132 332.9815514 -12.9836023    0.0020   -0.0393    0.1797 11 44  9.00    10.00 
  2023 11 14.489977 22 11 55.5670 -12 59  0.908 332.9815292 -12.9835855 332.9815426 -12.9835953   -0.0471    0.0353    0.0344 11 45 34.00    10.00 
  2023 11 14.490220 22 11 55.5675 -12 59  0.957 332.9815313 -12.9835992 332.9815404 -12.9835935   -0.0320   -0.0202    0.0742 11 45 55.00    10.00 
  2023 11 14.490463 22 11 55.5677 -12 59  0.911 332.9815320 -12.9835864 332.9815383 -12.9835918   -0.0222    0.0193    0.0346 11 46 16.00    10.00 
  2023 11 14.490718 22 11 55.5681 -12 59  0.990 332.9815336 -12.9836084 332.9815360 -12.9835900   -0.0085   -0.0664    0.0718 11 46 38.00    10.00 
  2023 11 14.491690 22 11 55.5655 -12 59  0.941 332.9815229 -12.9835947 332.9815273 -12.9835830   -0.0156   -0.0422    0.0673 11 48  2.00    10.00 
  2023 11 14.491944 22 11 55.5619 -12 59  0.978 332.9815079 -12.9836050 332.9815250 -12.9835812   -0.0603   -0.0856    0.1408 11 48 24.00    10.00 
  2023 11 14.496152 22 11 55.5579 -12 59  0.766 332.9814911 -12.9835460 332.9814871 -12.9835510    0.0140    0.0177    0.0595 11 54 27.50    15.00 
  2023 11 14.496453 22 11 55.5537 -12 59  0.734 332.9814739 -12.9835373 332.9814844 -12.9835488   -0.0369    0.0414    0.0356 11 54 53.50    15.00 
  2023 11 14.497668 22 11 55.5542 -12 59  0.779 332.9814760 -12.9835498 332.9814733 -12.9835400    0.0094   -0.0353    0.0376 11 56 38.50    15.00 
  2023 11 14.497980 22 11 55.5515 -12 59  0.678 332.9814644 -12.9835217 332.9814705 -12.9835377   -0.0214    0.0578    0.0708 11 57  5.50    15.00 
  2023 11 14.498281 22 11 55.5499 -12 59  0.713 332.9814580 -12.9835315 332.9814678 -12.9835356   -0.0343    0.0147    0.0545 11 57 31.50    15.00 
  2023 11 14.499497 22 11 55.5461 -12 59  0.729 332.9814421 -12.9835358 332.9814567 -12.9835268   -0.0513   -0.0323    0.0427 11 59 16.50    15.00 
  2023 11 14.499797 22 11 55.5506 -12 59  0.741 332.9814609 -12.9835391 332.9814539 -12.9835246    0.0245   -0.0522    0.0709 11 59 42.50    15.00 
  2023 11 14.500110 22 11 55.5475 -12 59  0.720 332.9814480 -12.9835333 332.9814511 -12.9835223   -0.0108   -0.0396    0.0359 12  0  9.50    15.00 
  2023 11 14.500411 22 11 55.5473 -12 59  0.746 332.9814471 -12.9835406 332.9814483 -12.9835201   -0.0043   -0.0736    0.0541 12  0 35.50    15.00 
  2023 11 14.501626 22 11 55.5412 -12 59  0.656 332.9814215 -12.9835156 332.9814372 -12.9835113   -0.0548   -0.0154    0.0892 12  2 20.50    15.00 
  2023 11 14.501927 22 11 55.5427 -12 59  0.613 332.9814278 -12.9835036 332.9814344 -12.9835091   -0.0232    0.0200    0.0471 12  2 46.50    15.00 
  2023 11 14.502240 22 11 55.5441 -12 59  0.662 332.9814337 -12.9835171 332.9814315 -12.9835068    0.0075   -0.0369    0.0589 12  3 13.50    15.00 
  2023 11 14.503455 22 11 55.5348 -12 59  0.595 332.9813950 -12.9834986 332.9814203 -12.9834980   -0.0888   -0.0023    0.0517 12  4 58.50    15.00 
  2023 11 14.503756 22 11 55.5427 -12 59  0.647 332.9814280 -12.9835129 332.9814176 -12.9834958    0.0368   -0.0617    0.0852 12  5 24.50    15.00 
  2023 11 15.474277 22 11 53.1039 -12 58 20.766 332.9712663 -12.9724351 332.9712537 -12.9724295    0.0439   -0.0201    0.0705 11 22 57.50     3.00 
  2023 11 15.474670 22 11 53.1098 -12 58 20.724 332.9712909 -12.9724233 332.9712513 -12.9724238    0.1389    0.0016    0.1246 11 23 31.50     3.00 
  2023 11 15.475492 22 11 53.0965 -12 58 20.624 332.9712353 -12.9723954 332.9712463 -12.9724118   -0.0386    0.0589    0.1431 11 24 42.50     3.00 
  2023 11 15.475666 22 11 53.1046 -12 58 20.870 332.9712694 -12.9724638 332.9712453 -12.9724093    0.0845   -0.1962    0.1185 11 24 57.50     3.00 
  2023 11 15.476649 22 11 53.1029 -12 58 20.712 332.9712619 -12.9724200 332.9712393 -12.9723949    0.0794   -0.0902    0.1251 11 26 22.50     3.00 
  2023 11 15.477309 22 11 53.0980 -12 58 20.620 332.9712417 -12.9723944 332.9712353 -12.9723853    0.0225   -0.0327    0.0580 11 27 19.50     3.00 
  2023 11 15.479300 22 11 53.0917 -12 58 20.469 332.9712155 -12.9723526 332.9712234 -12.9723563   -0.0274    0.0131    0.0666 11 30 11.50     3.00 
  2023 11 15.479462 22 11 53.1078 -12 58 20.548 332.9712824 -12.9723744 332.9712224 -12.9723539    0.2105   -0.0738    0.0806 11 30 25.50     3.00 
  2023 11 15.479624 22 11 53.0969 -12 58 20.530 332.9712371 -12.9723694 332.9712214 -12.9723515    0.0550   -0.0644    0.1469 11 30 39.50     3.00 
  2023 11 15.480284 22 11 53.0968 -12 58 20.446 332.9712368 -12.9723461 332.9712175 -12.9723419    0.0677   -0.0152    0.0725 11 31 36.50     3.00 
  2023 11 15.480619 22 11 53.0961 -12 58 20.483 332.9712336 -12.9723563 332.9712155 -12.9723370    0.0637   -0.0693    0.0385 11 32  5.50     3.00 
  2023 11 15.482587 22 11 53.0721 -12 58 20.190 332.9711338 -12.9722749 332.9712039 -12.9723082   -0.2458    0.1202    0.1758 11 34 55.50     3.00 
  2023 11 15.483571 22 11 53.0861 -12 58 20.225 332.9711920 -12.9722846 332.9711981 -12.9722939   -0.0212    0.0332    0.1986 11 36 20.50     3.00 
  2023 11 15.484381 22 11 53.0856 -12 58 20.198 332.9711901 -12.9722772 332.9711933 -12.9722820   -0.0114    0.0175    0.0686 11 37 30.50     3.00 
  2023 11 15.485544 22 11 53.0866 -12 58 20.030 332.9711941 -12.9722306 332.9711866 -12.9722650    0.0264    0.1239    0.0252 11 39 11.00    20.00 
  2023 11 15.486632 22 11 53.0778 -12 58 20.177 332.9711576 -12.9722715 332.9711803 -12.9722491   -0.0797   -0.0806    0.1658 11 40 45.00    20.00 
  2023 11 15.487720 22 11 53.0631 -12 58 20.168 332.9710962 -12.9722688 332.9711740 -12.9722332   -0.2729   -0.1282    0.2147 11 42 19.00    20.00 
  2023 11 15.488808 22 11 53.0814 -12 58 20.011 332.9711724 -12.9722254 332.9711678 -12.9722172    0.0162   -0.0294    0.0591 11 43 53.00    20.00 
  2023 11 15.489896 22 11 53.0722 -12 58 20.113 332.9711341 -12.9722536 332.9711616 -12.9722013   -0.0966   -0.1882    0.1877 11 45 27.00    20.00 
  2023 11 15.490984 22 11 53.0782 -12 58 19.946 332.9711591 -12.9722071 332.9711555 -12.9721853    0.0126   -0.0784    0.0656 11 47  1.00    20.00 
  2023 11 15.491343 22 11 53.0773 -12 58 19.872 332.9711555 -12.9721866 332.9711535 -12.9721801    0.0071   -0.0234    0.0651 11 47 32.00    20.00 
  2023 11 15.491701 22 11 53.0756 -12 58 19.831 332.9711482 -12.9721754 332.9711514 -12.9721748   -0.0114   -0.0022    0.1338 11 48  3.00    20.00 
  2023 11 15.493148 22 11 53.0759 -12 58 19.684 332.9711498 -12.9721343 332.9711433 -12.9721536    0.0226    0.0694    0.0760 11 50  8.00    20.00 
  2023 11 15.493507 22 11 53.0851 -12 58 19.799 332.9711880 -12.9721663 332.9711413 -12.9721483    0.1638   -0.0649    0.1319 11 50 39.00    20.00 
  2023 11 15.495683 22 11 53.0731 -12 58 19.542 332.9711378 -12.9720949 332.9711293 -12.9721164    0.0298    0.0772    0.0910 11 53 47.00    20.00 
  2023 11 15.496042 22 11 53.0698 -12 58 19.612 332.9711240 -12.9721143 332.9711273 -12.9721111   -0.0118   -0.0116    0.0567 11 54 18.00    20.00 
  2023 11 15.497859 22 11 53.0777 -12 58 19.395 332.9711570 -12.9720542 332.9711174 -12.9720844    0.1389    0.1087    0.0333 11 56 55.00    20.00 
  2023 11 15.502928 22 11 53.0649 -12 58 19.154 332.9711039 -12.9719873 332.9710903 -12.9720098    0.0478    0.0811    0.1368 12  4 13.00    20.00 
  2023 11 15.504016 22 11 53.0527 -12 58 19.154 332.9710528 -12.9719873 332.9710846 -12.9719938   -0.1113    0.0235    0.0237 12  5 47.00    20.00 
  2023 11 15.504734 22 11 53.0612 -12 58 19.006 332.9710884 -12.9719461 332.9710808 -12.9719832    0.0267    0.1338    0.0829 12  6 49.00    20.00 
  2023 11 15.506192 22 11 53.0442 -12 58 19.021 332.9710176 -12.9719503 332.9710732 -12.9719617   -0.1953    0.0411    0.1948 12  8 55.00    20.00 
  2023 11 14.478571 22 11 55.5962 -12 59  1.372 332.9816509 -12.9837146 332.9816427 -12.9836760    0.0287   -0.1388    0.1158 11 29  8.50     5.00 
  2023 11 14.479323 22 11 55.5868 -12 59  1.205 332.9816116 -12.9836680 332.9816362 -12.9836707   -0.0865    0.0099    0.0961 11 30 13.50     5.00 
  2023 11 14.479508 22 11 55.5905 -12 59  1.291 332.9816272 -12.9836921 332.9816346 -12.9836694   -0.0261   -0.0815    0.0577 11 30 29.50     5.00 
  2023 11 14.479705 22 11 55.5916 -12 59  1.337 332.9816318 -12.9837046 332.9816329 -12.9836680   -0.0038   -0.1316    0.0497 11 30 46.50     5.00 
  2023 11 14.480457 22 11 55.5904 -12 59  1.199 332.9816265 -12.9836664 332.9816264 -12.9836627    0.0002   -0.0131    0.0035 11 31 51.50     5.00 
  2023 11 14.480642 22 11 55.5868 -12 59  1.172 332.9816115 -12.9836588 332.9816248 -12.9836614   -0.0467    0.0095    0.0791 11 32  7.50     5.00 
  2023 11 14.480828 22 11 55.5813 -12 59  1.122 332.9815887 -12.9836449 332.9816232 -12.9836601   -0.1208    0.0549    0.1121 11 32 23.50     5.00 
  2023 11 14.481580 22 11 55.5813 -12 59  1.134 332.9815887 -12.9836484 332.9816166 -12.9836548   -0.0978    0.0233    0.0984 11 33 28.50     5.00 
  2023 11 14.481765 22 11 55.5870 -12 59  1.113 332.9816126 -12.9836425 332.9816150 -12.9836535   -0.0086    0.0397    0.1082 11 33 44.50     5.00 
  2023 11 14.482714 22 11 55.5820 -12 59  1.172 332.9815915 -12.9836588 332.9816067 -12.9836468   -0.0534   -0.0431    0.1139 11 35  6.50     5.00 
  2023 11 14.482911 22 11 55.5846 -12 59  1.148 332.9816027 -12.9836523 332.9816050 -12.9836455   -0.0082   -0.0245    0.0447 11 35 23.50     5.00 
  2023 11 14.483848 22 11 55.5790 -12 59  1.109 332.9815791 -12.9836413 332.9815968 -12.9836388   -0.0620   -0.0090    0.1261 11 36 44.50     5.00 
  2023 11 14.484045 22 11 55.5834 -12 59  1.159 332.9815975 -12.9836553 332.9815951 -12.9836374    0.0084   -0.0643    0.0267 11 37  1.50     5.00 
  2023 11 14.484815 22 11 55.5836 -12 59  1.124 332.9815982 -12.9836454 332.9815883 -12.9836320    0.0347   -0.0484    0.0701 11 38  8.00    10.00 
  2023 11 14.485787 22 11 55.5811 -12 59  1.004 332.9815879 -12.9836122 332.9815798 -12.9836251    0.0285    0.0464    0.0709 11 39 32.00    10.00 
  2023 11 14.486030 22 11 55.5781 -12 59  1.034 332.9815753 -12.9836206 332.9815776 -12.9836234   -0.0082    0.0100    0.0394 11 39 53.00    10.00 
  2023 11 14.486285 22 11 55.5807 -12 59  1.127 332.9815863 -12.9836465 332.9815754 -12.9836216    0.0382   -0.0898    0.0494 11 40 15.00    10.00 
  2023 11 14.487269 22 11 55.5699 -12 59  0.966 332.9815411 -12.9836017 332.9815667 -12.9836146   -0.0896    0.0463    0.0821 11 41 40.00    10.00 
  2023 11 14.487512 22 11 55.5752 -12 59  1.001 332.9815635 -12.9836114 332.9815645 -12.9836128   -0.0036    0.0052    0.0585 11 42  1.00    10.00 
  2023 11 14.487766 22 11 55.5714 -12 59  0.962 332.9815473 -12.9836004 332.9815623 -12.9836110   -0.0523    0.0382    0.3310 11 42 23.00    10.00 
  2023 11 14.488738 22 11 55.5694 -12 59  0.967 332.9815390 -12.9836019 332.9815536 -12.9836041   -0.0515    0.0079    0.0424 11 43 47.00    10.00 
  2023 11 14.488993 22 11 55.5725 -12 59  1.008 332.9815519 -12.9836132 332.9815514 -12.9836023    0.0020   -0.0393    0.1797 11 44  9.00    10.00 
  2023 11 14.489977 22 11 55.5670 -12 59  0.908 332.9815292 -12.9835855 332.9815426 -12.9835953   -0.0471    0.0353    0.0344 11 45 34.00    10.00 
  2023 11 14.490220 22 11 55.5675 -12 59  0.957 332.9815313 -12.9835992 332.9815404 -12.9835935   -0.0320   -0.0202    0.0742 11 45 55.00    10.00 
  2023 11 14.490463 22 11 55.5677 -12 59  0.911 332.9815320 -12.9835864 332.9815383 -12.9835918   -0.0222    0.0193    0.0346 11 46 16.00    10.00 
  2023 11 14.490718 22 11 55.5681 -12 59  0.990 332.9815336 -12.9836084 332.9815360 -12.9835900   -0.0085   -0.0664    0.0718 11 46 38.00    10.00 
  2023 11 14.491690 22 11 55.5655 -12 59  0.941 332.9815229 -12.9835947 332.9815273 -12.9835830   -0.0156   -0.0422    0.0673 11 48  2.00    10.00 
  2023 11 14.491944 22 11 55.5619 -12 59  0.978 332.9815079 -12.9836050 332.9815250 -12.9835812   -0.0603   -0.0856    0.1408 11 48 24.00    10.00 
  2023 11 14.496152 22 11 55.5579 -12 59  0.766 332.9814911 -12.9835460 332.9814871 -12.9835510    0.0140    0.0177    0.0595 11 54 27.50    15.00 
  2023 11 14.496453 22 11 55.5537 -12 59  0.734 332.9814739 -12.9835373 332.9814844 -12.9835488   -0.0369    0.0414    0.0356 11 54 53.50    15.00 
  2023 11 14.497668 22 11 55.5542 -12 59  0.779 332.9814760 -12.9835498 332.9814733 -12.9835400    0.0094   -0.0353    0.0376 11 56 38.50    15.00 
  2023 11 14.497980 22 11 55.5515 -12 59  0.678 332.9814644 -12.9835217 332.9814705 -12.9835377   -0.0214    0.0578    0.0708 11 57  5.50    15.00 
  2023 11 14.498281 22 11 55.5499 -12 59  0.713 332.9814580 -12.9835315 332.9814678 -12.9835356   -0.0343    0.0147    0.0545 11 57 31.50    15.00 
  2023 11 14.499497 22 11 55.5461 -12 59  0.729 332.9814421 -12.9835358 332.9814567 -12.9835268   -0.0513   -0.0323    0.0427 11 59 16.50    15.00 
  2023 11 14.499797 22 11 55.5506 -12 59  0.741 332.9814609 -12.9835391 332.9814539 -12.9835246    0.0245   -0.0522    0.0709 11 59 42.50    15.00 
  2023 11 14.500110 22 11 55.5475 -12 59  0.720 332.9814480 -12.9835333 332.9814511 -12.9835223   -0.0108   -0.0396    0.0359 12  0  9.50    15.00 
  2023 11 14.500411 22 11 55.5473 -12 59  0.746 332.9814471 -12.9835406 332.9814483 -12.9835201   -0.0043   -0.0736    0.0541 12  0 35.50    15.00 
  2023 11 14.501626 22 11 55.5412 -12 59  0.656 332.9814215 -12.9835156 332.9814372 -12.9835113   -0.0548   -0.0154    0.0892 12  2 20.50    15.00 
  2023 11 14.501927 22 11 55.5427 -12 59  0.613 332.9814278 -12.9835036 332.9814344 -12.9835091   -0.0232    0.0200    0.0471 12  2 46.50    15.00 
  2023 11 14.502240 22 11 55.5441 -12 59  0.662 332.9814337 -12.9835171 332.9814315 -12.9835068    0.0075   -0.0369    0.0589 12  3 13.50    15.00 
  2023 11 14.503455 22 11 55.5348 -12 59  0.595 332.9813950 -12.9834986 332.9814203 -12.9834980   -0.0888   -0.0023    0.0517 12  4 58.50    15.00 
  2023 11 14.503756 22 11 55.5427 -12 59  0.647 332.9814280 -12.9835129 332.9814176 -12.9834958    0.0368   -0.0617    0.0852 12  5 24.50    15.00 
  2023 11 15.474277 22 11 53.1039 -12 58 20.766 332.9712663 -12.9724351 332.9712537 -12.9724295    0.0439   -0.0201    0.0705 11 22 57.50     3.00 
  2023 11 15.474670 22 11 53.1098 -12 58 20.724 332.9712909 -12.9724233 332.9712513 -12.9724238    0.1389    0.0016    0.1246 11 23 31.50     3.00 
  2023 11 15.475492 22 11 53.0965 -12 58 20.624 332.9712353 -12.9723954 332.9712463 -12.9724118   -0.0386    0.0589    0.1431 11 24 42.50     3.00 
  2023 11 15.475666 22 11 53.1046 -12 58 20.870 332.9712694 -12.9724638 332.9712453 -12.9724093    0.0845   -0.1962    0.1185 11 24 57.50     3.00 
  2023 11 15.476649 22 11 53.1029 -12 58 20.712 332.9712619 -12.9724200 332.9712393 -12.9723949    0.0794   -0.0902    0.1251 11 26 22.50     3.00 
  2023 11 15.477309 22 11 53.0980 -12 58 20.620 332.9712417 -12.9723944 332.9712353 -12.9723853    0.0225   -0.0327    0.0580 11 27 19.50     3.00 
  2023 11 15.479300 22 11 53.0917 -12 58 20.469 332.9712155 -12.9723526 332.9712234 -12.9723563   -0.0274    0.0131    0.0666 11 30 11.50     3.00 
  2023 11 15.479462 22 11 53.1078 -12 58 20.548 332.9712824 -12.9723744 332.9712224 -12.9723539    0.2105   -0.0738    0.0806 11 30 25.50     3.00 
  2023 11 15.479624 22 11 53.0969 -12 58 20.530 332.9712371 -12.9723694 332.9712214 -12.9723515    0.0550   -0.0644    0.1469 11 30 39.50     3.00 
  2023 11 15.480284 22 11 53.0968 -12 58 20.446 332.9712368 -12.9723461 332.9712175 -12.9723419    0.0677   -0.0152    0.0725 11 31 36.50     3.00 
  2023 11 15.480619 22 11 53.0961 -12 58 20.483 332.9712336 -12.9723563 332.9712155 -12.9723370    0.0637   -0.0693    0.0385 11 32  5.50     3.00 
  2023 11 15.482587 22 11 53.0721 -12 58 20.190 332.9711338 -12.9722749 332.9712039 -12.9723082   -0.2458    0.1202    0.1758 11 34 55.50     3.00 
  2023 11 15.483571 22 11 53.0861 -12 58 20.225 332.9711920 -12.9722846 332.9711981 -12.9722939   -0.0212    0.0332    0.1986 11 36 20.50     3.00 
  2023 11 15.484381 22 11 53.0856 -12 58 20.198 332.9711901 -12.9722772 332.9711933 -12.9722820   -0.0114    0.0175    0.0686 11 37 30.50     3.00 
  2023 11 15.485544 22 11 53.0866 -12 58 20.030 332.9711941 -12.9722306 332.9711866 -12.9722650    0.0264    0.1239    0.0252 11 39 11.00    20.00 
  2023 11 15.486632 22 11 53.0778 -12 58 20.177 332.9711576 -12.9722715 332.9711803 -12.9722491   -0.0797   -0.0806    0.1658 11 40 45.00    20.00 
  2023 11 15.487720 22 11 53.0631 -12 58 20.168 332.9710962 -12.9722688 332.9711740 -12.9722332   -0.2729   -0.1282    0.2147 11 42 19.00    20.00 
  2023 11 15.488808 22 11 53.0814 -12 58 20.011 332.9711724 -12.9722254 332.9711678 -12.9722172    0.0162   -0.0294    0.0591 11 43 53.00    20.00 
  2023 11 15.489896 22 11 53.0722 -12 58 20.113 332.9711341 -12.9722536 332.9711616 -12.9722013   -0.0966   -0.1882    0.1877 11 45 27.00    20.00 
  2023 11 15.490984 22 11 53.0782 -12 58 19.946 332.9711591 -12.9722071 332.9711555 -12.9721853    0.0126   -0.0784    0.0656 11 47  1.00    20.00 
  2023 11 15.491343 22 11 53.0773 -12 58 19.872 332.9711555 -12.9721866 332.9711535 -12.9721801    0.0071   -0.0234    0.0651 11 47 32.00    20.00 
  2023 11 15.491701 22 11 53.0756 -12 58 19.831 332.9711482 -12.9721754 332.9711514 -12.9721748   -0.0114   -0.0022    0.1338 11 48  3.00    20.00 
  2023 11 15.493148 22 11 53.0759 -12 58 19.684 332.9711498 -12.9721343 332.9711433 -12.9721536    0.0226    0.0694    0.0760 11 50  8.00    20.00 
  2023 11 15.493507 22 11 53.0851 -12 58 19.799 332.9711880 -12.9721663 332.9711413 -12.9721483    0.1638   -0.0649    0.1319 11 50 39.00    20.00 
  2023 11 15.495683 22 11 53.0731 -12 58 19.542 332.9711378 -12.9720949 332.9711293 -12.9721164    0.0298    0.0772    0.0910 11 53 47.00    20.00 
  2023 11 15.496042 22 11 53.0698 -12 58 19.612 332.9711240 -12.9721143 332.9711273 -12.9721111   -0.0118   -0.0116    0.0567 11 54 18.00    20.00 
  2023 11 15.497859 22 11 53.0777 -12 58 19.395 332.9711570 -12.9720542 332.9711174 -12.9720844    0.1389    0.1087    0.0333 11 56 55.00    20.00 
  2023 11 15.502928 22 11 53.0649 -12 58 19.154 332.9711039 -12.9719873 332.9710903 -12.9720098    0.0478    0.0811    0.1368 12  4 13.00    20.00 
  2023 11 15.504016 22 11 53.0527 -12 58 19.154 332.9710528 -12.9719873 332.9710846 -12.9719938   -0.1113    0.0235    0.0237 12  5 47.00    20.00 
  2023 11 15.504734 22 11 53.0612 -12 58 19.006 332.9710884 -12.9719461 332.9710808 -12.9719832    0.0267    0.1338    0.0829 12  6 49.00    20.00 
  2023 11 15.506192 22 11 53.0442 -12 58 19.021 332.9710176 -12.9719503 332.9710732 -12.9719617   -0.1953    0.0411    0.1948 12  8 55.00    20.00 
