v5.21.05i     Planet: Saturn  (DE441)
        Satellite: S9 Phoebe  ( Desmars et al.(2013) ver.2020)
                               - ephemerides on 1874/07/01.0-2050/02/08.0
    Observatory N: 286 - Yunnan Observatory
        Timescale: UTC
Mean equator and equinox of J2000.  ICRF. 
Coordinates astrometric 
Year  M  D   H  M  S       alpha (h)          delta (?)  Precision,"
---
2024 12  2  10 16  0.00    23.0112598509      -8.607488334  
2024 12  2  10 17  0.00    23.0112608004      -8.607480044  
2024 12  2  10 18  0.00    23.0112617499      -8.607471753  
2024 12  2  10 19  0.00    23.0112626994      -8.607463461  
2024 12  2  10 20  0.00    23.0112636488      -8.607455168  
2024 12  2  10 21  0.00    23.0112645982      -8.607446875  
2024 12  2  10 22  0.00    23.0112655475      -8.607438580  
2024 12  2  10 23  0.00    23.0112664968      -8.607430284  
2024 12  2  10 24  0.00    23.0112674461      -8.607421988  
2024 12  2  10 25  0.00    23.0112683954      -8.607413690  
2024 12  2  10 26  0.00    23.0112693447      -8.607405391  
2024 12  2  10 27  0.00    23.0112702939      -8.607397092  
2024 12  2  10 28  0.00    23.0112712431      -8.607388792  
2024 12  2  10 29  0.00    23.0112721923      -8.607380490  
2024 12  2  10 30  0.00    23.0112731414      -8.607372188  
2024 12  2  10 31  0.00    23.0112740906      -8.607363885  
2024 12  2  10 32  0.00    23.0112750397      -8.607355580  
2024 12  2  10 33  0.00    23.0112759888      -8.607347275  
2024 12  2  10 34  0.00    23.0112769379      -8.607338969  
2024 12  2  10 35  0.00    23.0112778870      -8.607330662  
2024 12  2  10 36  0.00    23.0112788361      -8.607322354  
2024 12  2  10 37  0.00    23.0112797851      -8.607314045  
2024 12  2  10 38  0.00    23.0112807342      -8.607305735  
2024 12  2  10 39  0.00    23.0112816832      -8.607297424  
2024 12  2  10 40  0.00    23.0112826323      -8.607289113  
2024 12  2  10 41  0.00    23.0112835813      -8.607280800  
2024 12  2  10 42  0.00    23.0112845303      -8.607272486  
2024 12  2  10 43  0.00    23.0112854794      -8.607264172  
2024 12  2  10 44  0.00    23.0112864284      -8.607255856  
2024 12  2  10 45  0.00    23.0112873774      -8.607247539  
2024 12  2  10 46  0.00    23.0112883264      -8.607239222  
2024 12  2  10 47  0.00    23.0112892755      -8.607230903  
2024 12  2  10 48  0.00    23.0112902245      -8.607222584  
2024 12  2  10 49  0.00    23.0112911735      -8.607214264  
2024 12  2  10 50  0.00    23.0112921226      -8.607205942  
2024 12  2  10 51  0.00    23.0112930716      -8.607197620  
2024 12  2  10 52  0.00    23.0112940207      -8.607189297  
2024 12  2  10 53  0.00    23.0112949697      -8.607180973  
2024 12  2  10 54  0.00    23.0112959188      -8.607172647  
2024 12  2  10 55  0.00    23.0112968679      -8.607164321  
2024 12  2  10 56  0.00    23.0112978170      -8.607155994  
2024 12  2  10 57  0.00    23.0112987661      -8.607147666  
2024 12  2  10 58  0.00    23.0112997152      -8.607139337  
2024 12  2  10 59  0.00    23.0113006644      -8.607131007  
2024 12  2  11  0  0.00    23.0113016136      -8.607122676  
2024 12  2  11  1  0.00    23.0113025628      -8.607114344  
2024 12  2  11  2  0.00    23.0113035120      -8.607106011  
2024 12  2  11  3  0.00    23.0113044612      -8.607097678  
2024 12  2  11  4  0.00    23.0113054105      -8.607089343  
2024 12  2  11  5  0.00    23.0113063598      -8.607081007  
2024 12  2  11  6  0.00    23.0113073091      -8.607072670  
2024 12  2  11  7  0.00    23.0113082584      -8.607064333  
2024 12  2  11  8  0.00    23.0113092078      -8.607055994  
2024 12  2  11  9  0.00    23.0113101572      -8.607047655  
2024 12  2  11 10  0.00    23.0113111066      -8.607039314  
2024 12  2  11 11  0.00    23.0113120561      -8.607030973  
2024 12  2  11 12  0.00    23.0113130056      -8.607022630  
2024 12  2  11 13  0.00    23.0113139551      -8.607014287  
2024 12  2  11 14  0.00    23.0113149047      -8.607005942  
2024 12  2  11 15  0.00    23.0113158543      -8.606997597  
2024 12  2  11 16  0.00    23.0113168039      -8.606989251  
2024 12  2  11 17  0.00    23.0113177536      -8.606980903  
2024 12  2  11 18  0.00    23.0113187034      -8.606972555  
2024 12  2  11 19  0.00    23.0113196531      -8.606964206  
2024 12  2  11 20  0.00    23.0113206030      -8.606955856  
2024 12  2  11 21  0.00    23.0113215528      -8.606947505  
2024 12  2  11 22  0.00    23.0113225027      -8.606939152  
2024 12  2  11 23  0.00    23.0113234527      -8.606930799  
2024 12  2  11 24  0.00    23.0113244027      -8.606922445  
2024 12  2  11 25  0.00    23.0113253528      -8.606914090  
2024 12  2  11 26  0.00    23.0113263029      -8.606905734  
2024 12  2  11 27  0.00    23.0113272531      -8.606897378  
2024 12  2  11 28  0.00    23.0113282033      -8.606889020  
2024 12  2  11 29  0.00    23.0113291536      -8.606880661  
2024 12  2  11 30  0.00    23.0113301039      -8.606872301  
2024 12  2  11 31  0.00    23.0113310543      -8.606863940  
2024 12  2  11 32  0.00    23.0113320048      -8.606855579  
2024 12  2  11 33  0.00    23.0113329553      -8.606847216  
2024 12  2  11 34  0.00    23.0113339059      -8.606838852  
2024 12  2  11 35  0.00    23.0113348565      -8.606830488  
2024 12  2  11 36  0.00    23.0113358073      -8.606822122  
2024 12  2  11 37  0.00    23.0113367580      -8.606813755  
2024 12  2  11 38  0.00    23.0113377089      -8.606805388  
2024 12  2  11 39  0.00    23.0113386598      -8.606797020  
2024 12  2  11 40  0.00    23.0113396108      -8.606788650  
2024 12  2  11 41  0.00    23.0113405619      -8.606780280  
2024 12  2  11 42  0.00    23.0113415130      -8.606771908  
2024 12  2  11 43  0.00    23.0113424642      -8.606763536  
2024 12  2  11 44  0.00    23.0113434155      -8.606755163  
2024 12  2  11 45  0.00    23.0113443669      -8.606746789  
2024 12  2  11 46  0.00    23.0113453183      -8.606738413  
2024 12  2  11 47  0.00    23.0113462698      -8.606730037  
2024 12  2  11 48  0.00    23.0113472214      -8.606721660  
2024 12  2  11 49  0.00    23.0113481731      -8.606713282  
2024 12  2  11 50  0.00    23.0113491249      -8.606704903  
2024 12  2  11 51  0.00    23.0113500768      -8.606696523  
2024 12  2  11 52  0.00    23.0113510287      -8.606688142  
2024 12  2  11 53  0.00    23.0113519807      -8.606679760  
2024 12  2  11 54  0.00    23.0113529328      -8.606671377  
2024 12  2  11 55  0.00    23.0113538851      -8.606662994  
2024 12  2  11 56  0.00    23.0113548374      -8.606654609  
2024 12  2  11 57  0.00    23.0113557898      -8.606646223  
2024 12  2  11 58  0.00    23.0113567422      -8.606637836  
2024 12  2  11 59  0.00    23.0113576948      -8.606629449  
2024 12  2  12  0  0.00    23.0113586475      -8.606621060  
2024 12  2  12  1  0.00    23.0113596003      -8.606612671  
2024 12  2  12  2  0.00    23.0113605532      -8.606604280  
2024 12  2  12  3  0.00    23.0113615061      -8.606595889  
2024 12  2  12  4  0.00    23.0113624592      -8.606587496  
2024 12  2  12  5  0.00    23.0113634124      -8.606579103  
2024 12  2  12  6  0.00    23.0113643657      -8.606570708  
2024 12  2  12  7  0.00    23.0113653191      -8.606562313  
2024 12  2  12  8  0.00    23.0113662726      -8.606553917  
2024 12  2  12  9  0.00    23.0113672262      -8.606545520  
2024 12  2  12 10  0.00    23.0113681799      -8.606537122  
2024 12  2  12 11  0.00    23.0113691337      -8.606528723  
2024 12  2  12 12  0.00    23.0113700877      -8.606520323  
2024 12  2  12 13  0.00    23.0113710417      -8.606511922  
2024 12  2  12 14  0.00    23.0113719959      -8.606503520  
2024 12  2  12 15  0.00    23.0113729502      -8.606495117  
2024 12  2  12 16  0.00    23.0113739046      -8.606486713  
2024 12  2  12 17  0.00    23.0113748591      -8.606478308  
2024 12  2  12 18  0.00    23.0113758138      -8.606469903  
2024 12  2  12 19  0.00    23.0113767685      -8.606461496  
2024 12  2  12 20  0.00    23.0113777234      -8.606453088  
2024 12  2  12 21  0.00    23.0113786784      -8.606444680  
2024 12  2  12 22  0.00    23.0113796335      -8.606436270  
2024 12  2  12 23  0.00    23.0113805888      -8.606427860  
2024 12  2  12 24  0.00    23.0113815442      -8.606419449  
2024 12  2  12 25  0.00    23.0113824997      -8.606411036  
2024 12  2  12 26  0.00    23.0113834553      -8.606402623  
2024 12  2  12 27  0.00    23.0113844111      -8.606394209  
2024 12  2  12 28  0.00    23.0113853670      -8.606385794  
2024 12  2  12 29  0.00    23.0113863231      -8.606377378  
2024 12  2  12 30  0.00    23.0113872792      -8.606368961  
2024 12  2  12 31  0.00    23.0113882355      -8.606360543  
2024 12  2  12 32  0.00    23.0113891920      -8.606352124  
2024 12  2  12 33  0.00    23.0113901486      -8.606343704  
2024 12  2  12 34  0.00    23.0113911053      -8.606335284  
2024 12  2  12 35  0.00    23.0113920622      -8.606326862  
2024 12  2  12 36  0.00    23.0113930192      -8.606318439  
2024 12  2  12 37  0.00    23.0113939763      -8.606310016  
2024 12  2  12 38  0.00    23.0113949336      -8.606301591  
2024 12  2  12 39  0.00    23.0113958911      -8.606293166  
2024 12  2  12 40  0.00    23.0113968487      -8.606284740  
2024 12  2  12 41  0.00    23.0113978064      -8.606276313  
2024 12  2  12 42  0.00    23.0113987643      -8.606267884  
2024 12  2  12 43  0.00    23.0113997223      -8.606259455  
2024 12  2  12 44  0.00    23.0114006805      -8.606251025  
2024 12  2  12 45  0.00    23.0114016389      -8.606242595  
2024 12  2  12 46  0.00    23.0114025974      -8.606234163  
2024 12  2  12 47  0.00    23.0114035560      -8.606225730  
2024 12  2  12 48  0.00    23.0114045148      -8.606217296  
2024 12  2  12 49  0.00    23.0114054738      -8.606208862  
2024 12  2  12 50  0.00    23.0114064329      -8.606200426  
2024 12  2  12 51  0.00    23.0114073922      -8.606191990  
2024 12  2  12 52  0.00    23.0114083517      -8.606183552  
2024 12  2  12 53  0.00    23.0114093113      -8.606175114  
2024 12  2  12 54  0.00    23.0114102711      -8.606166675  
2024 12  2  12 55  0.00    23.0114112310      -8.606158235  
2024 12  2  12 56  0.00    23.0114121911      -8.606149794  
2024 12  2  12 57  0.00    23.0114131514      -8.606141352  
2024 12  2  12 58  0.00    23.0114141119      -8.606132909  
2024 12  2  12 59  0.00    23.0114150725      -8.606124466  
2024 12  2  13  0  0.00    23.0114160333      -8.606116021  
2024 12  2  13  1  0.00    23.0114169942      -8.606107575  
2024 12  2  13  2  0.00    23.0114179554      -8.606099129  
2024 12  2  13  3  0.00    23.0114189167      -8.606090682  
2024 12  2  13  4  0.00    23.0114198782      -8.606082234  
2024 12  2  13  5  0.00    23.0114208398      -8.606073784  
2024 12  2  13  6  0.00    23.0114218017      -8.606065334  
2024 12  2  13  7  0.00    23.0114227637      -8.606056883  
2024 12  2  13  8  0.00    23.0114237259      -8.606048432  
2024 12  2  13  9  0.00    23.0114246883      -8.606039979  
2024 12  2  13 10  0.00    23.0114256508      -8.606031525  
2024 12  2  13 11  0.00    23.0114266136      -8.606023071  
2024 12  2  13 12  0.00    23.0114275765      -8.606014615  
2024 12  2  13 13  0.00    23.0114285397      -8.606006159  
2024 12  2  13 14  0.00    23.0114295030      -8.605997702  
2024 12  2  13 15  0.00    23.0114304665      -8.605989244  
2024 12  2  13 16  0.00    23.0114314302      -8.605980785  
2024 12  2  13 17  0.00    23.0114323940      -8.605972325  
2024 12  2  13 18  0.00    23.0114333581      -8.605963864  
2024 12  2  13 19  0.00    23.0114343224      -8.605955403  
2024 12  2  13 20  0.00    23.0114352868      -8.605946940  
2024 12  2  13 21  0.00    23.0114362515      -8.605938477  
2024 12  2  13 22  0.00    23.0114372164      -8.605930013  
2024 12  2  13 23  0.00    23.0114381814      -8.605921548  
2024 12  2  13 24  0.00    23.0114391467      -8.605913082  
2024 12  2  13 25  0.00    23.0114401121      -8.605904615  
2024 12  2  13 26  0.00    23.0114410778      -8.605896147  
2024 12  2  13 27  0.00    23.0114420436      -8.605887679  
2024 12  2  13 28  0.00    23.0114430097      -8.605879209  
2024 12  2  13 29  0.00    23.0114439760      -8.605870739  
2024 12  2  13 30  0.00    23.0114449424      -8.605862268  
2024 12  2  13 31  0.00    23.0114459091      -8.605853795  
2024 12  2  13 32  0.00    23.0114468760      -8.605845323  
2024 12  2  13 33  0.00    23.0114478431      -8.605836849  
2024 12  2  13 34  0.00    23.0114488104      -8.605828374  
2024 12  2  13 35  0.00    23.0114497779      -8.605819899  
2024 12  2  13 36  0.00    23.0114507456      -8.605811422  
2024 12  2  13 37  0.00    23.0114517136      -8.605802945  
2024 12  2  13 38  0.00    23.0114526817      -8.605794467  
2024 12  2  13 39  0.00    23.0114536501      -8.605785988  
2024 12  2  13 40  0.00    23.0114546187      -8.605777508  
2024 12  2  13 41  0.00    23.0114555875      -8.605769028  
2024 12  2  13 42  0.00    23.0114565565      -8.605760546  
2024 12  2  13 43  0.00    23.0114575258      -8.605752064  
2024 12  2  13 44  0.00    23.0114584953      -8.605743581  
2024 12  2  13 45  0.00    23.0114594650      -8.605735097  
2024 12  2  13 46  0.00    23.0114604349      -8.605726612  
2024 12  2  13 47  0.00    23.0114614050      -8.605718126  
2024 12  2  13 48  0.00    23.0114623754      -8.605709640  
2024 12  2  13 49  0.00    23.0114633460      -8.605701152  
2024 12  2  13 50  0.00    23.0114643168      -8.605692664  
2024 12  2  13 51  0.00    23.0114652878      -8.605684175  
2024 12  2  13 52  0.00    23.0114662591      -8.605675685  
2024 12  2  13 53  0.00    23.0114672306      -8.605667195  
2024 12  2  13 54  0.00    23.0114682023      -8.605658703  
2024 12  2  13 55  0.00    23.0114691743      -8.605650211  
2024 12  2  13 56  0.00    23.0114701465      -8.605641718  
2024 12  2  13 57  0.00    23.0114711190      -8.605633224  
2024 12  2  13 58  0.00    23.0114720916      -8.605624729  
2024 12  2  13 59  0.00    23.0114730645      -8.605616233  
2024 12  2  14  0  0.00    23.0114740377      -8.605607737  
2024 12  2  14  1  0.00    23.0114750111      -8.605599240  
2024 12  2  14  2  0.00    23.0114759847      -8.605590742  
2024 12  2  14  3  0.00    23.0114769586      -8.605582243  
2024 12  2  14  4  0.00    23.0114779327      -8.605573743  
2024 12  2  14  5  0.00    23.0114789070      -8.605565242  
2024 12  2  14  6  0.00    23.0114798816      -8.605556741  
2024 12  2  14  7  0.00    23.0114808565      -8.605548239  
2024 12  2  14  8  0.00    23.0114818316      -8.605539736  
2024 12  2  14  9  0.00    23.0114828069      -8.605531233  
2024 12  2  14 10  0.00    23.0114837825      -8.605522728  
2024 12  2  14 11  0.00    23.0114847583      -8.605514223  
2024 12  2  14 12  0.00    23.0114857344      -8.605505717  
2024 12  2  14 13  0.00    23.0114867107      -8.605497210  
2024 12  2  14 14  0.00    23.0114876873      -8.605488702  
2024 12  2  14 15  0.00    23.0114886641      -8.605480194  
2024 12  2  14 16  0.00    23.0114896412      -8.605471684  
2024 12  2  14 17  0.00    23.0114906186      -8.605463174  
2024 12  2  14 18  0.00    23.0114915962      -8.605454664  
2024 12  2  14 19  0.00    23.0114925740      -8.605446152  
2024 12  2  14 20  0.00    23.0114935521      -8.605437640  
2024 12  2  14 21  0.00    23.0114945305      -8.605429126  
2024 12  2  14 22  0.00    23.0114955091      -8.605420613  
2024 12  2  14 23  0.00    23.0114964880      -8.605412098  
2024 12  2  14 24  0.00    23.0114974672      -8.605403582  
2024 12  2  14 25  0.00    23.0114984466      -8.605395066  
2024 12  2  14 26  0.00    23.0114994262      -8.605386549  
2024 12  2  14 27  0.00    23.0115004062      -8.605378031  
2024 12  2  14 28  0.00    23.0115013864      -8.605369513  
2024 12  2  14 29  0.00    23.0115023668      -8.605360994  
2024 12  2  14 30  0.00    23.0115033476      -8.605352474  
2024 12  2  14 31  0.00    23.0115043286      -8.605343953  
2024 12  2  14 32  0.00    23.0115053099      -8.605335431  
2024 12  2  14 33  0.00    23.0115062914      -8.605326909  
2024 12  2  14 34  0.00    23.0115072732      -8.605318386  
2024 12  2  14 35  0.00    23.0115082553      -8.605309862  
2024 12  2  14 36  0.00    23.0115092376      -8.605301338  
2024 12  2  14 37  0.00    23.0115102202      -8.605292812  
2024 12  2  14 38  0.00    23.0115112031      -8.605284286  
2024 12  2  14 39  0.00    23.0115121863      -8.605275759  
2024 12  2  14 40  0.00    23.0115131698      -8.605267232  
2024 12  2  14 41  0.00    23.0115141535      -8.605258704  
2024 12  2  14 42  0.00    23.0115151375      -8.605250175  
2024 12  2  14 43  0.00    23.0115161218      -8.605241645  
2024 12  2  14 44  0.00    23.0115171063      -8.605233115  
2024 12  2  14 45  0.00    23.0115180911      -8.605224583  
2024 12  2  14 46  0.00    23.0115190763      -8.605216052  
2024 12  2  14 47  0.00    23.0115200617      -8.605207519  
2024 12  2  14 48  0.00    23.0115210473      -8.605198986  
2024 12  2  14 49  0.00    23.0115220333      -8.605190452  
2024 12  2  14 50  0.00    23.0115230195      -8.605181917  
2024 12  2  14 51  0.00    23.0115240061      -8.605173381  
2024 12  2  14 52  0.00    23.0115249929      -8.605164845  
2024 12  2  14 53  0.00    23.0115259800      -8.605156308  
2024 12  2  14 54  0.00    23.0115269674      -8.605147771  
2024 12  2  14 55  0.00    23.0115279550      -8.605139232  
2024 12  2  14 56  0.00    23.0115289430      -8.605130693  
2024 12  2  14 57  0.00    23.0115299312      -8.605122154  
2024 12  2  14 58  0.00    23.0115309198      -8.605113613  
2024 12  2  14 59  0.00    23.0115319086      -8.605105072  
2024 12  2  15  0  0.00    23.0115328977      -8.605096530  
2024 12  2  15  1  0.00    23.0115338871      -8.605087988  
2024 12  2  15  2  0.00    23.0115348768      -8.605079445  
2024 12  2  15  3  0.00    23.0115358668      -8.605070901  
2024 12  2  15  4  0.00    23.0115368571      -8.605062356  
2024 12  2  15  5  0.00    23.0115378477      -8.605053811  
2024 12  2  15  6  0.00    23.0115388386      -8.605045265  
2024 12  2  15  7  0.00    23.0115398298      -8.605036719  
2024 12  2  15  8  0.00    23.0115408213      -8.605028171  
2024 12  2  15  9  0.00    23.0115418130      -8.605019624  
2024 12  2  15 10  0.00    23.0115428051      -8.605011075  
2024 12  2  15 11  0.00    23.0115437975      -8.605002526  
2024 12  2  15 12  0.00    23.0115447902      -8.604993976  
2024 12  2  15 13  0.00    23.0115457831      -8.604985425  
2024 12  2  15 14  0.00    23.0115467764      -8.604976874  
2024 12  2  15 15  0.00    23.0115477700      -8.604968322  
2024 12  2  15 16  0.00    23.0115487639      -8.604959770  
2024 12  2  15 17  0.00    23.0115497581      -8.604951216  
2024 12  2  15 18  0.00    23.0115507525      -8.604942663  
2024 12  2  15 19  0.00    23.0115517473      -8.604934108  
2024 12  2  15 20  0.00    23.0115527424      -8.604925553  
2024 12  2  15 21  0.00    23.0115537378      -8.604916997  
2024 12  2  15 22  0.00    23.0115547336      -8.604908441  
2024 12  2  15 23  0.00    23.0115557296      -8.604899884  
2024 12  2  15 24  0.00    23.0115567259      -8.604891326  
2024 12  2  15 25  0.00    23.0115577226      -8.604882768  
2024 12  2  15 26  0.00    23.0115587195      -8.604874209  
2024 12  2  15 27  0.00    23.0115597168      -8.604865649  
2024 12  2  15 28  0.00    23.0115607143      -8.604857089  
2024 12  2  15 29  0.00    23.0115617122      -8.604848528  
2024 12  2  15 30  0.00    23.0115627104      -8.604839967  
2024 12  2  15 31  0.00    23.0115637089      -8.604831405  
2024 12  2  15 32  0.00    23.0115647077      -8.604822842  
2024 12  2  15 33  0.00    23.0115657068      -8.604814279  
2024 12  2  15 34  0.00    23.0115667063      -8.604805715  
2024 12  2  15 35  0.00    23.0115677061      -8.604797150  
2024 12  2  15 36  0.00    23.0115687061      -8.604788585  
2024 12  2  15 37  0.00    23.0115697065      -8.604780019  
2024 12  2  15 38  0.00    23.0115707072      -8.604771453  
2024 12  2  15 39  0.00    23.0115717083      -8.604762886  
2024 12  2  15 40  0.00    23.0115727096      -8.604754319  
2024 12  2  15 41  0.00    23.0115737113      -8.604745750  
2024 12  2  15 42  0.00    23.0115747133      -8.604737182  
2024 12  2  15 43  0.00    23.0115757156      -8.604728613  
2024 12  2  15 44  0.00    23.0115767182      -8.604720043  
2024 12  2  15 45  0.00    23.0115777211      -8.604711472  
2024 12  2  15 46  0.00    23.0115787244      -8.604702901  
2024 12  2  15 47  0.00    23.0115797280      -8.604694330  
2024 12  2  15 48  0.00    23.0115807319      -8.604685757  
2024 12  2  15 49  0.00    23.0115817361      -8.604677185  
2024 12  2  15 50  0.00    23.0115827407      -8.604668611  
2024 12  2  15 51  0.00    23.0115837456      -8.604660037  
2024 12  2  15 52  0.00    23.0115847508      -8.604651463  
2024 12  2  15 53  0.00    23.0115857563      -8.604642888  
2024 12  2  15 54  0.00    23.0115867621      -8.604634312  
2024 12  2  15 55  0.00    23.0115877683      -8.604625736  
2024 12  2  15 56  0.00    23.0115887748      -8.604617160  
2024 12  2  15 57  0.00    23.0115897817      -8.604608582  
2024 12  2  15 58  0.00    23.0115907888      -8.604600005  
2024 12  2  15 59  0.00    23.0115917963      -8.604591426  
2024 12  2  16  0  0.00    23.0115928041      -8.604582847  
2024 12  2  16  1  0.00    23.0115938123      -8.604574268  
2024 12  2  16  2  0.00    23.0115948208      -8.604565688  
2024 12  2  16  3  0.00    23.0115958296      -8.604557108  
2024 12  2  16  4  0.00    23.0115968387      -8.604548527  
2024 12  2  16  5  0.00    23.0115978482      -8.604539945  
2024 12  2  16  6  0.00    23.0115988580      -8.604531363  
2024 12  2  16  7  0.00    23.0115998681      -8.604522780  
2024 12  2  16  8  0.00    23.0116008785      -8.604514197  
2024 12  2  16  9  0.00    23.0116018893      -8.604505614  
2024 12  2  16 10  0.00    23.0116029005      -8.604497030  
---
2024 12  3  10 17  0.00    23.0127740953      -8.595156717  
2024 12  3  10 18  0.00    23.0127751175      -8.595147973  
2024 12  3  10 19  0.00    23.0127761396      -8.595139228  
2024 12  3  10 20  0.00    23.0127771617      -8.595130483  
2024 12  3  10 21  0.00    23.0127781837      -8.595121736  
2024 12  3  10 22  0.00    23.0127792058      -8.595112988  
2024 12  3  10 23  0.00    23.0127802278      -8.595104240  
2024 12  3  10 24  0.00    23.0127812498      -8.595095491  
2024 12  3  10 25  0.00    23.0127822717      -8.595086740  
2024 12  3  10 26  0.00    23.0127832937      -8.595077989  
2024 12  3  10 27  0.00    23.0127843156      -8.595069237  
2024 12  3  10 28  0.00    23.0127853375      -8.595060483  
2024 12  3  10 29  0.00    23.0127863594      -8.595051729  
2024 12  3  10 30  0.00    23.0127873813      -8.595042974  
2024 12  3  10 31  0.00    23.0127884032      -8.595034218  
2024 12  3  10 32  0.00    23.0127894250      -8.595025461  
2024 12  3  10 33  0.00    23.0127904469      -8.595016703  
2024 12  3  10 34  0.00    23.0127914687      -8.595007944  
2024 12  3  10 35  0.00    23.0127924905      -8.594999185  
2024 12  3  10 36  0.00    23.0127935124      -8.594990424  
2024 12  3  10 37  0.00    23.0127945342      -8.594981662  
2024 12  3  10 38  0.00    23.0127955560      -8.594972900  
2024 12  3  10 39  0.00    23.0127965778      -8.594964136  
2024 12  3  10 40  0.00    23.0127975996      -8.594955371  
2024 12  3  10 41  0.00    23.0127986214      -8.594946606  
2024 12  3  10 42  0.00    23.0127996432      -8.594937839  
2024 12  3  10 43  0.00    23.0128006650      -8.594929072  
2024 12  3  10 44  0.00    23.0128016868      -8.594920304  
2024 12  3  10 45  0.00    23.0128027086      -8.594911534  
2024 12  3  10 46  0.00    23.0128037305      -8.594902764  
2024 12  3  10 47  0.00    23.0128047523      -8.594893993  
2024 12  3  10 48  0.00    23.0128057741      -8.594885221  
2024 12  3  10 49  0.00    23.0128067960      -8.594876448  
2024 12  3  10 50  0.00    23.0128078178      -8.594867673  
2024 12  3  10 51  0.00    23.0128088397      -8.594858898  
2024 12  3  10 52  0.00    23.0128098616      -8.594850122  
2024 12  3  10 53  0.00    23.0128108835      -8.594841346  
2024 12  3  10 54  0.00    23.0128119054      -8.594832568  
2024 12  3  10 55  0.00    23.0128129273      -8.594823789  
2024 12  3  10 56  0.00    23.0128139493      -8.594815009  
2024 12  3  10 57  0.00    23.0128149712      -8.594806228  
2024 12  3  10 58  0.00    23.0128159932      -8.594797447  
2024 12  3  10 59  0.00    23.0128170152      -8.594788664  
2024 12  3  11  0  0.00    23.0128180373      -8.594779880  
2024 12  3  11  1  0.00    23.0128190593      -8.594771096  
2024 12  3  11  2  0.00    23.0128200814      -8.594762310  
2024 12  3  11  3  0.00    23.0128211035      -8.594753524  
2024 12  3  11  4  0.00    23.0128221257      -8.594744736  
2024 12  3  11  5  0.00    23.0128231478      -8.594735948  
2024 12  3  11  6  0.00    23.0128241700      -8.594727158  
2024 12  3  11  7  0.00    23.0128251923      -8.594718368  
2024 12  3  11  8  0.00    23.0128262146      -8.594709577  
2024 12  3  11  9  0.00    23.0128272369      -8.594700784  
2024 12  3  11 10  0.00    23.0128282592      -8.594691991  
2024 12  3  11 11  0.00    23.0128292816      -8.594683197  
2024 12  3  11 12  0.00    23.0128303040      -8.594674402  
2024 12  3  11 13  0.00    23.0128313265      -8.594665606  
2024 12  3  11 14  0.00    23.0128323490      -8.594656809  
2024 12  3  11 15  0.00    23.0128333715      -8.594648011  
2024 12  3  11 16  0.00    23.0128343941      -8.594639212  
2024 12  3  11 17  0.00    23.0128354167      -8.594630412  
2024 12  3  11 18  0.00    23.0128364394      -8.594621611  
2024 12  3  11 19  0.00    23.0128374622      -8.594612809  
2024 12  3  11 20  0.00    23.0128384849      -8.594604006  
2024 12  3  11 21  0.00    23.0128395078      -8.594595202  
2024 12  3  11 22  0.00    23.0128405306      -8.594586398  
2024 12  3  11 23  0.00    23.0128415536      -8.594577592  
2024 12  3  11 24  0.00    23.0128425766      -8.594568785  
2024 12  3  11 25  0.00    23.0128435996      -8.594559978  
2024 12  3  11 26  0.00    23.0128446227      -8.594551169  
2024 12  3  11 27  0.00    23.0128456459      -8.594542360  
2024 12  3  11 28  0.00    23.0128466691      -8.594533549  
2024 12  3  11 29  0.00    23.0128476924      -8.594524738  
2024 12  3  11 30  0.00    23.0128487158      -8.594515925  
2024 12  3  11 31  0.00    23.0128497392      -8.594507112  
2024 12  3  11 32  0.00    23.0128507626      -8.594498298  
2024 12  3  11 33  0.00    23.0128517862      -8.594489482  
2024 12  3  11 34  0.00    23.0128528098      -8.594480666  
2024 12  3  11 35  0.00    23.0128538335      -8.594471849  
2024 12  3  11 36  0.00    23.0128548572      -8.594463031  
2024 12  3  11 37  0.00    23.0128558811      -8.594454212  
2024 12  3  11 38  0.00    23.0128569050      -8.594445392  
2024 12  3  11 39  0.00    23.0128579289      -8.594436571  
2024 12  3  11 40  0.00    23.0128589530      -8.594427749  
2024 12  3  11 41  0.00    23.0128599771      -8.594418926  
2024 12  3  11 42  0.00    23.0128610013      -8.594410102  
2024 12  3  11 43  0.00    23.0128620256      -8.594401277  
2024 12  3  11 44  0.00    23.0128630499      -8.594392451  
2024 12  3  11 45  0.00    23.0128640744      -8.594383624  
2024 12  3  11 46  0.00    23.0128650989      -8.594374797  
2024 12  3  11 47  0.00    23.0128661235      -8.594365968  
2024 12  3  11 48  0.00    23.0128671482      -8.594357138  
2024 12  3  11 49  0.00    23.0128681730      -8.594348308  
2024 12  3  11 50  0.00    23.0128691979      -8.594339476  
2024 12  3  11 51  0.00    23.0128702228      -8.594330644  
2024 12  3  11 52  0.00    23.0128712479      -8.594321810  
2024 12  3  11 53  0.00    23.0128722730      -8.594312976  
2024 12  3  11 54  0.00    23.0128732983      -8.594304141  
2024 12  3  11 55  0.00    23.0128743236      -8.594295304  
2024 12  3  11 56  0.00    23.0128753490      -8.594286467  
2024 12  3  11 57  0.00    23.0128763746      -8.594277629  
2024 12  3  11 58  0.00    23.0128774002      -8.594268790  
2024 12  3  11 59  0.00    23.0128784259      -8.594259950  
2024 12  3  12  0  0.00    23.0128794518      -8.594251109  
2024 12  3  12  1  0.00    23.0128804777      -8.594242267  
2024 12  3  12  2  0.00    23.0128815037      -8.594233424  
2024 12  3  12  3  0.00    23.0128825299      -8.594224580  
2024 12  3  12  4  0.00    23.0128835561      -8.594215735  
2024 12  3  12  5  0.00    23.0128845825      -8.594206889  
2024 12  3  12  6  0.00    23.0128856089      -8.594198043  
2024 12  3  12  7  0.00    23.0128866355      -8.594189195  
2024 12  3  12  8  0.00    23.0128876622      -8.594180346  
2024 12  3  12  9  0.00    23.0128886890      -8.594171497  
2024 12  3  12 10  0.00    23.0128897159      -8.594162646  
2024 12  3  12 11  0.00    23.0128907429      -8.594153795  
2024 12  3  12 12  0.00    23.0128917701      -8.594144942  
2024 12  3  12 13  0.00    23.0128927973      -8.594136089  
2024 12  3  12 14  0.00    23.0128938247      -8.594127235  
2024 12  3  12 15  0.00    23.0128948522      -8.594118380  
2024 12  3  12 16  0.00    23.0128958798      -8.594109523  
2024 12  3  12 17  0.00    23.0128969076      -8.594100666  
2024 12  3  12 18  0.00    23.0128979355      -8.594091808  
2024 12  3  12 19  0.00    23.0128989635      -8.594082949  
2024 12  3  12 20  0.00    23.0128999916      -8.594074089  
2024 12  3  12 21  0.00    23.0129010198      -8.594065229  
2024 12  3  12 22  0.00    23.0129020482      -8.594056367  
2024 12  3  12 23  0.00    23.0129030767      -8.594047504  
2024 12  3  12 24  0.00    23.0129041054      -8.594038640  
2024 12  3  12 25  0.00    23.0129051341      -8.594029776  
2024 12  3  12 26  0.00    23.0129061630      -8.594020910  
2024 12  3  12 27  0.00    23.0129071921      -8.594012044  
2024 12  3  12 28  0.00    23.0129082213      -8.594003176  
2024 12  3  12 29  0.00    23.0129092506      -8.593994308  
2024 12  3  12 30  0.00    23.0129102800      -8.593985439  
2024 12  3  12 31  0.00    23.0129113096      -8.593976569  
2024 12  3  12 32  0.00    23.0129123394      -8.593967698  
2024 12  3  12 33  0.00    23.0129133693      -8.593958826  
2024 12  3  12 34  0.00    23.0129143993      -8.593949953  
2024 12  3  12 35  0.00    23.0129154295      -8.593941079  
2024 12  3  12 36  0.00    23.0129164598      -8.593932204  
2024 12  3  12 37  0.00    23.0129174902      -8.593923328  
2024 12  3  12 38  0.00    23.0129185209      -8.593914452  
2024 12  3  12 39  0.00    23.0129195516      -8.593905574  
2024 12  3  12 40  0.00    23.0129205825      -8.593896696  
2024 12  3  12 41  0.00    23.0129216136      -8.593887816  
2024 12  3  12 42  0.00    23.0129226448      -8.593878936  
2024 12  3  12 43  0.00    23.0129236762      -8.593870055  
2024 12  3  12 44  0.00    23.0129247078      -8.593861173  
2024 12  3  12 45  0.00    23.0129257394      -8.593852290  
2024 12  3  12 46  0.00    23.0129267713      -8.593843406  
2024 12  3  12 47  0.00    23.0129278033      -8.593834521  
2024 12  3  12 48  0.00    23.0129288355      -8.593825635  
2024 12  3  12 49  0.00    23.0129298678      -8.593816748  
2024 12  3  12 50  0.00    23.0129309003      -8.593807861  
2024 12  3  12 51  0.00    23.0129319330      -8.593798972  
2024 12  3  12 52  0.00    23.0129329658      -8.593790083  
2024 12  3  12 53  0.00    23.0129339988      -8.593781192  
2024 12  3  12 54  0.00    23.0129350320      -8.593772301  
2024 12  3  12 55  0.00    23.0129360653      -8.593763409  
2024 12  3  12 56  0.00    23.0129370988      -8.593754516  
2024 12  3  12 57  0.00    23.0129381325      -8.593745622  
2024 12  3  12 58  0.00    23.0129391663      -8.593736727  
2024 12  3  12 59  0.00    23.0129402004      -8.593727832  
2024 12  3  13  0  0.00    23.0129412346      -8.593718935  
2024 12  3  13  1  0.00    23.0129422689      -8.593710037  
2024 12  3  13  2  0.00    23.0129433035      -8.593701139  
2024 12  3  13  3  0.00    23.0129443382      -8.593692240  
2024 12  3  13  4  0.00    23.0129453731      -8.593683339  
2024 12  3  13  5  0.00    23.0129464082      -8.593674438  
2024 12  3  13  6  0.00    23.0129474435      -8.593665536  
2024 12  3  13  7  0.00    23.0129484790      -8.593656633  
2024 12  3  13  8  0.00    23.0129495146      -8.593647730  
2024 12  3  13  9  0.00    23.0129505505      -8.593638825  
2024 12  3  13 10  0.00    23.0129515865      -8.593629919  
2024 12  3  13 11  0.00    23.0129526227      -8.593621013  
2024 12  3  13 12  0.00    23.0129536591      -8.593612106  
2024 12  3  13 13  0.00    23.0129546957      -8.593603197  
2024 12  3  13 14  0.00    23.0129557324      -8.593594288  
2024 12  3  13 15  0.00    23.0129567694      -8.593585378  
2024 12  3  13 16  0.00    23.0129578066      -8.593576468  
2024 12  3  13 17  0.00    23.0129588439      -8.593567556  
2024 12  3  13 18  0.00    23.0129598815      -8.593558643  
2024 12  3  13 19  0.00    23.0129609193      -8.593549730  
2024 12  3  13 20  0.00    23.0129619572      -8.593540816  
2024 12  3  13 21  0.00    23.0129629954      -8.593531900  
2024 12  3  13 22  0.00    23.0129640337      -8.593522984  
2024 12  3  13 23  0.00    23.0129650723      -8.593514067  
2024 12  3  13 24  0.00    23.0129661110      -8.593505150  
2024 12  3  13 25  0.00    23.0129671500      -8.593496231  
2024 12  3  13 26  0.00    23.0129681892      -8.593487311  
2024 12  3  13 27  0.00    23.0129692285      -8.593478391  
2024 12  3  13 28  0.00    23.0129702681      -8.593469470  
2024 12  3  13 29  0.00    23.0129713079      -8.593460548  
2024 12  3  13 30  0.00    23.0129723479      -8.593451625  
2024 12  3  13 31  0.00    23.0129733881      -8.593442701  
2024 12  3  13 32  0.00    23.0129744285      -8.593433776  
2024 12  3  13 33  0.00    23.0129754692      -8.593424851  
2024 12  3  13 34  0.00    23.0129765100      -8.593415924  
2024 12  3  13 35  0.00    23.0129775511      -8.593406997  
2024 12  3  13 36  0.00    23.0129785924      -8.593398069  
2024 12  3  13 37  0.00    23.0129796339      -8.593389140  
2024 12  3  13 38  0.00    23.0129806756      -8.593380210  
2024 12  3  13 39  0.00    23.0129817175      -8.593371280  
2024 12  3  13 40  0.00    23.0129827597      -8.593362348  
2024 12  3  13 41  0.00    23.0129838020      -8.593353416  
2024 12  3  13 42  0.00    23.0129848446      -8.593344483  
2024 12  3  13 43  0.00    23.0129858875      -8.593335549  
2024 12  3  13 44  0.00    23.0129869305      -8.593326614  
2024 12  3  13 45  0.00    23.0129879738      -8.593317679  
2024 12  3  13 46  0.00    23.0129890173      -8.593308742  
2024 12  3  13 47  0.00    23.0129900610      -8.593299805  
2024 12  3  13 48  0.00    23.0129911050      -8.593290867  
2024 12  3  13 49  0.00    23.0129921491      -8.593281928  
2024 12  3  13 50  0.00    23.0129931936      -8.593272988  
2024 12  3  13 51  0.00    23.0129942382      -8.593264048  
2024 12  3  13 52  0.00    23.0129952831      -8.593255106  
2024 12  3  13 53  0.00    23.0129963282      -8.593246164  
2024 12  3  13 54  0.00    23.0129973736      -8.593237221  
2024 12  3  13 55  0.00    23.0129984191      -8.593228277  
2024 12  3  13 56  0.00    23.0129994650      -8.593219333  
2024 12  3  13 57  0.00    23.0130005110      -8.593210387  
2024 12  3  13 58  0.00    23.0130015573      -8.593201441  
2024 12  3  13 59  0.00    23.0130026039      -8.593192494  
2024 12  3  14  0  0.00    23.0130036507      -8.593183546  
2024 12  3  14  1  0.00    23.0130046977      -8.593174597  
2024 12  3  14  2  0.00    23.0130057450      -8.593165648  
2024 12  3  14  3  0.00    23.0130067925      -8.593156697  
2024 12  3  14  4  0.00    23.0130078402      -8.593147746  
2024 12  3  14  5  0.00    23.0130088882      -8.593138794  
2024 12  3  14  6  0.00    23.0130099365      -8.593129842  
2024 12  3  14  7  0.00    23.0130109850      -8.593120888  
2024 12  3  14  8  0.00    23.0130120337      -8.593111934  
2024 12  3  14  9  0.00    23.0130130827      -8.593102979  
2024 12  3  14 10  0.00    23.0130141320      -8.593094023  
2024 12  3  14 11  0.00    23.0130151815      -8.593085066  
2024 12  3  14 12  0.00    23.0130162312      -8.593076109  
2024 12  3  14 13  0.00    23.0130172812      -8.593067151  
2024 12  3  14 14  0.00    23.0130183315      -8.593058192  
2024 12  3  14 15  0.00    23.0130193820      -8.593049232  
2024 12  3  14 16  0.00    23.0130204328      -8.593040271  
2024 12  3  14 17  0.00    23.0130214838      -8.593031310  
2024 12  3  14 18  0.00    23.0130225351      -8.593022348  
2024 12  3  14 19  0.00    23.0130235866      -8.593013385  
2024 12  3  14 20  0.00    23.0130246384      -8.593004422  
2024 12  3  14 21  0.00    23.0130256905      -8.592995457  
2024 12  3  14 22  0.00    23.0130267428      -8.592986492  
2024 12  3  14 23  0.00    23.0130277954      -8.592977526  
2024 12  3  14 24  0.00    23.0130288483      -8.592968560  
2024 12  3  14 25  0.00    23.0130299014      -8.592959592  
2024 12  3  14 26  0.00    23.0130309548      -8.592950624  
2024 12  3  14 27  0.00    23.0130320084      -8.592941655  
2024 12  3  14 28  0.00    23.0130330623      -8.592932685  
2024 12  3  14 29  0.00    23.0130341165      -8.592923715  
2024 12  3  14 30  0.00    23.0130351710      -8.592914744  
2024 12  3  14 31  0.00    23.0130362257      -8.592905772  
2024 12  3  14 32  0.00    23.0130372807      -8.592896799  
2024 12  3  14 33  0.00    23.0130383360      -8.592887826  
2024 12  3  14 34  0.00    23.0130393915      -8.592878852  
2024 12  3  14 35  0.00    23.0130404473      -8.592869877  
2024 12  3  14 36  0.00    23.0130415034      -8.592860901  
2024 12  3  14 37  0.00    23.0130425598      -8.592851925  
2024 12  3  14 38  0.00    23.0130436164      -8.592842948  
2024 12  3  14 39  0.00    23.0130446734      -8.592833970  
2024 12  3  14 40  0.00    23.0130457306      -8.592824991  
2024 12  3  14 41  0.00    23.0130467880      -8.592816012  
2024 12  3  14 42  0.00    23.0130478458      -8.592807032  
2024 12  3  14 43  0.00    23.0130489038      -8.592798052  
2024 12  3  14 44  0.00    23.0130499621      -8.592789070  
2024 12  3  14 45  0.00    23.0130510207      -8.592780088  
2024 12  3  14 46  0.00    23.0130520796      -8.592771105  
2024 12  3  14 47  0.00    23.0130531388      -8.592762122  
2024 12  3  14 48  0.00    23.0130541982      -8.592753137  
2024 12  3  14 49  0.00    23.0130552580      -8.592744152  
2024 12  3  14 50  0.00    23.0130563180      -8.592735167  
2024 12  3  14 51  0.00    23.0130573783      -8.592726180  
2024 12  3  14 52  0.00    23.0130584389      -8.592717193  
2024 12  3  14 53  0.00    23.0130594998      -8.592708206  
2024 12  3  14 54  0.00    23.0130605609      -8.592699217  
2024 12  3  14 55  0.00    23.0130616224      -8.592690228  
2024 12  3  14 56  0.00    23.0130626841      -8.592681238  
2024 12  3  14 57  0.00    23.0130637462      -8.592672248  
2024 12  3  14 58  0.00    23.0130648085      -8.592663256  
2024 12  3  14 59  0.00    23.0130658711      -8.592654265  
2024 12  3  15  0  0.00    23.0130669341      -8.592645272  
2024 12  3  15  1  0.00    23.0130679973      -8.592636279  
2024 12  3  15  2  0.00    23.0130690608      -8.592627285  
2024 12  3  15  3  0.00    23.0130701246      -8.592618290  
2024 12  3  15  4  0.00    23.0130711887      -8.592609295  
2024 12  3  15  5  0.00    23.0130722531      -8.592600299  
2024 12  3  15  6  0.00    23.0130733178      -8.592591302  
2024 12  3  15  7  0.00    23.0130743828      -8.592582305  
2024 12  3  15  8  0.00    23.0130754481      -8.592573307  
2024 12  3  15  9  0.00    23.0130765137      -8.592564309  
2024 12  3  15 10  0.00    23.0130775795      -8.592555309  
2024 12  3  15 11  0.00    23.0130786457      -8.592546309  
2024 12  3  15 12  0.00    23.0130797122      -8.592537309  
2024 12  3  15 13  0.00    23.0130807790      -8.592528308  
2024 12  3  15 14  0.00    23.0130818461      -8.592519306  
2024 12  3  15 15  0.00    23.0130829136      -8.592510303  
2024 12  3  15 16  0.00    23.0130839813      -8.592501300  
2024 12  3  15 17  0.00    23.0130850493      -8.592492296  
2024 12  3  15 18  0.00    23.0130861176      -8.592483292  
2024 12  3  15 19  0.00    23.0130871862      -8.592474287  
2024 12  3  15 20  0.00    23.0130882552      -8.592465281  
2024 12  3  15 21  0.00    23.0130893244      -8.592456275  
2024 12  3  15 22  0.00    23.0130903940      -8.592447268  
2024 12  3  15 23  0.00    23.0130914639      -8.592438261  
2024 12  3  15 24  0.00    23.0130925340      -8.592429252  
2024 12  3  15 25  0.00    23.0130936045      -8.592420244  
2024 12  3  15 26  0.00    23.0130946753      -8.592411234  
2024 12  3  15 27  0.00    23.0130957464      -8.592402224  
2024 12  3  15 28  0.00    23.0130968178      -8.592393213  
2024 12  3  15 29  0.00    23.0130978896      -8.592384202  
2024 12  3  15 30  0.00    23.0130989616      -8.592375190  
2024 12  3  15 31  0.00    23.0131000340      -8.592366178  
2024 12  3  15 32  0.00    23.0131011067      -8.592357165  
2024 12  3  15 33  0.00    23.0131021797      -8.592348151  
2024 12  3  15 34  0.00    23.0131032530      -8.592339137  
2024 12  3  15 35  0.00    23.0131043266      -8.592330122  
2024 12  3  15 36  0.00    23.0131054005      -8.592321107  
2024 12  3  15 37  0.00    23.0131064748      -8.592312090  
2024 12  3  15 38  0.00    23.0131075494      -8.592303074  
2024 12  3  15 39  0.00    23.0131086243      -8.592294057  
2024 12  3  15 40  0.00    23.0131096995      -8.592285039  
2024 12  3  15 41  0.00    23.0131107750      -8.592276020  
2024 12  3  15 42  0.00    23.0131118509      -8.592267001  
2024 12  3  15 43  0.00    23.0131129271      -8.592257982  
2024 12  3  15 44  0.00    23.0131140036      -8.592248962  
2024 12  3  15 45  0.00    23.0131150804      -8.592239941  
2024 12  3  15 46  0.00    23.0131161575      -8.592230920  
2024 12  3  15 47  0.00    23.0131172350      -8.592221898  
2024 12  3  15 48  0.00    23.0131183128      -8.592212876  
2024 12  3  15 49  0.00    23.0131193909      -8.592203853  
2024 12  3  15 50  0.00    23.0131204694      -8.592194829  
2024 12  3  15 51  0.00    23.0131215481      -8.592185805  
2024 12  3  15 52  0.00    23.0131226272      -8.592176781  
2024 12  3  15 53  0.00    23.0131237066      -8.592167756  
2024 12  3  15 54  0.00    23.0131247864      -8.592158730  
2024 12  3  15 55  0.00    23.0131258664      -8.592149704  
2024 12  3  15 56  0.00    23.0131269468      -8.592140677  
2024 12  3  15 57  0.00    23.0131280276      -8.592131650  
2024 12  3  15 58  0.00    23.0131291086      -8.592122622  
2024 12  3  15 59  0.00    23.0131301900      -8.592113593  
2024 12  3  16  0  0.00    23.0131312717      -8.592104565  
2024 12  3  16  1  0.00    23.0131323538      -8.592095535  
2024 12  3  16  2  0.00    23.0131334361      -8.592086505  
2024 12  3  16  3  0.00    23.0131345188      -8.592077475  
2024 12  3  16  4  0.00    23.0131356019      -8.592068444  
2024 12  3  16  5  0.00    23.0131366852      -8.592059412  
2024 12  3  16  6  0.00    23.0131377689      -8.592050380  
2024 12  3  16  7  0.00    23.0131388530      -8.592041348  
---
2024 12  4  10 17  0.00    23.0143920708      -8.582186931  
2024 12  4  10 18  0.00    23.0143931653      -8.582177738  
2024 12  4  10 19  0.00    23.0143942598      -8.582168543  
2024 12  4  10 20  0.00    23.0143953542      -8.582159347  
2024 12  4  10 21  0.00    23.0143964486      -8.582150150  
2024 12  4  10 22  0.00    23.0143975430      -8.582140953  
2024 12  4  10 23  0.00    23.0143986374      -8.582131754  
2024 12  4  10 24  0.00    23.0143997318      -8.582122555  
2024 12  4  10 25  0.00    23.0144008261      -8.582113354  
2024 12  4  10 26  0.00    23.0144019204      -8.582104153  
2024 12  4  10 27  0.00    23.0144030148      -8.582094951  
2024 12  4  10 28  0.00    23.0144041091      -8.582085748  
2024 12  4  10 29  0.00    23.0144052034      -8.582076543  
2024 12  4  10 30  0.00    23.0144062977      -8.582067338  
2024 12  4  10 31  0.00    23.0144073919      -8.582058132  
2024 12  4  10 32  0.00    23.0144084862      -8.582048925  
2024 12  4  10 33  0.00    23.0144095805      -8.582039717  
2024 12  4  10 34  0.00    23.0144106747      -8.582030508  
2024 12  4  10 35  0.00    23.0144117690      -8.582021298  
2024 12  4  10 36  0.00    23.0144128632      -8.582012088  
2024 12  4  10 37  0.00    23.0144139575      -8.582002876  
2024 12  4  10 38  0.00    23.0144150517      -8.581993663  
2024 12  4  10 39  0.00    23.0144161460      -8.581984450  
2024 12  4  10 40  0.00    23.0144172402      -8.581975235  
2024 12  4  10 41  0.00    23.0144183345      -8.581966019  
2024 12  4  10 42  0.00    23.0144194288      -8.581956803  
2024 12  4  10 43  0.00    23.0144205230      -8.581947586  
2024 12  4  10 44  0.00    23.0144216173      -8.581938367  
2024 12  4  10 45  0.00    23.0144227116      -8.581929148  
2024 12  4  10 46  0.00    23.0144238059      -8.581919928  
2024 12  4  10 47  0.00    23.0144249002      -8.581910706  
2024 12  4  10 48  0.00    23.0144259945      -8.581901484  
2024 12  4  10 49  0.00    23.0144270889      -8.581892261  
2024 12  4  10 50  0.00    23.0144281832      -8.581883037  
2024 12  4  10 51  0.00    23.0144292776      -8.581873812  
2024 12  4  10 52  0.00    23.0144303720      -8.581864586  
2024 12  4  10 53  0.00    23.0144314664      -8.581855359  
2024 12  4  10 54  0.00    23.0144325608      -8.581846131  
2024 12  4  10 55  0.00    23.0144336552      -8.581836902  
2024 12  4  10 56  0.00    23.0144347497      -8.581827673  
2024 12  4  10 57  0.00    23.0144358442      -8.581818442  
2024 12  4  10 58  0.00    23.0144369387      -8.581809210  
2024 12  4  10 59  0.00    23.0144380333      -8.581799978  
2024 12  4  11  0  0.00    23.0144391279      -8.581790744  
2024 12  4  11  1  0.00    23.0144402225      -8.581781509  
2024 12  4  11  2  0.00    23.0144413171      -8.581772274  
2024 12  4  11  3  0.00    23.0144424118      -8.581763037  
2024 12  4  11  4  0.00    23.0144435065      -8.581753800  
2024 12  4  11  5  0.00    23.0144446012      -8.581744562  
2024 12  4  11  6  0.00    23.0144456960      -8.581735322  
2024 12  4  11  7  0.00    23.0144467908      -8.581726082  
2024 12  4  11  8  0.00    23.0144478857      -8.581716841  
2024 12  4  11  9  0.00    23.0144489806      -8.581707599  
2024 12  4  11 10  0.00    23.0144500755      -8.581698355  
2024 12  4  11 11  0.00    23.0144511705      -8.581689111  
2024 12  4  11 12  0.00    23.0144522655      -8.581679866  
2024 12  4  11 13  0.00    23.0144533606      -8.581670620  
2024 12  4  11 14  0.00    23.0144544557      -8.581661373  
2024 12  4  11 15  0.00    23.0144555508      -8.581652125  
2024 12  4  11 16  0.00    23.0144566461      -8.581642876  
2024 12  4  11 17  0.00    23.0144577413      -8.581633627  
2024 12  4  11 18  0.00    23.0144588366      -8.581624376  
2024 12  4  11 19  0.00    23.0144599320      -8.581615124  
2024 12  4  11 20  0.00    23.0144610274      -8.581605871  
2024 12  4  11 21  0.00    23.0144621229      -8.581596618  
2024 12  4  11 22  0.00    23.0144632184      -8.581587363  
2024 12  4  11 23  0.00    23.0144643140      -8.581578107  
2024 12  4  11 24  0.00    23.0144654097      -8.581568851  
2024 12  4  11 25  0.00    23.0144665054      -8.581559593  
2024 12  4  11 26  0.00    23.0144676011      -8.581550335  
2024 12  4  11 27  0.00    23.0144686970      -8.581541076  
2024 12  4  11 28  0.00    23.0144697929      -8.581531815  
2024 12  4  11 29  0.00    23.0144708888      -8.581522554  
2024 12  4  11 30  0.00    23.0144719849      -8.581513292  
2024 12  4  11 31  0.00    23.0144730810      -8.581504029  
2024 12  4  11 32  0.00    23.0144741772      -8.581494764  
2024 12  4  11 33  0.00    23.0144752734      -8.581485499  
2024 12  4  11 34  0.00    23.0144763697      -8.581476233  
2024 12  4  11 35  0.00    23.0144774661      -8.581466966  
2024 12  4  11 36  0.00    23.0144785626      -8.581457698  
2024 12  4  11 37  0.00    23.0144796591      -8.581448429  
2024 12  4  11 38  0.00    23.0144807557      -8.581439159  
2024 12  4  11 39  0.00    23.0144818524      -8.581429889  
2024 12  4  11 40  0.00    23.0144829492      -8.581420617  
2024 12  4  11 41  0.00    23.0144840461      -8.581411344  
2024 12  4  11 42  0.00    23.0144851430      -8.581402070  
2024 12  4  11 43  0.00    23.0144862400      -8.581392796  
2024 12  4  11 44  0.00    23.0144873372      -8.581383520  
2024 12  4  11 45  0.00    23.0144884344      -8.581374244  
2024 12  4  11 46  0.00    23.0144895316      -8.581364966  
2024 12  4  11 47  0.00    23.0144906290      -8.581355688  
2024 12  4  11 48  0.00    23.0144917265      -8.581346408  
2024 12  4  11 49  0.00    23.0144928240      -8.581337128  
2024 12  4  11 50  0.00    23.0144939217      -8.581327847  
2024 12  4  11 51  0.00    23.0144950194      -8.581318565  
2024 12  4  11 52  0.00    23.0144961173      -8.581309281  
2024 12  4  11 53  0.00    23.0144972152      -8.581299997  
2024 12  4  11 54  0.00    23.0144983133      -8.581290712  
2024 12  4  11 55  0.00    23.0144994114      -8.581281426  
2024 12  4  11 56  0.00    23.0145005096      -8.581272139  
2024 12  4  11 57  0.00    23.0145016080      -8.581262851  
2024 12  4  11 58  0.00    23.0145027064      -8.581253563  
2024 12  4  11 59  0.00    23.0145038050      -8.581244273  
2024 12  4  12  0  0.00    23.0145049036      -8.581234982  
2024 12  4  12  1  0.00    23.0145060024      -8.581225690  
2024 12  4  12  2  0.00    23.0145071013      -8.581216398  
2024 12  4  12  3  0.00    23.0145082002      -8.581207104  
2024 12  4  12  4  0.00    23.0145092993      -8.581197810  
2024 12  4  12  5  0.00    23.0145103985      -8.581188514  
2024 12  4  12  6  0.00    23.0145114978      -8.581179218  
2024 12  4  12  7  0.00    23.0145125973      -8.581169921  
2024 12  4  12  8  0.00    23.0145136968      -8.581160622  
2024 12  4  12  9  0.00    23.0145147965      -8.581151323  
2024 12  4  12 10  0.00    23.0145158963      -8.581142023  
2024 12  4  12 11  0.00    23.0145169962      -8.581132722  
2024 12  4  12 12  0.00    23.0145180962      -8.581123420  
2024 12  4  12 13  0.00    23.0145191963      -8.581114117  
2024 12  4  12 14  0.00    23.0145202966      -8.581104813  
2024 12  4  12 15  0.00    23.0145213970      -8.581095508  
2024 12  4  12 16  0.00    23.0145224975      -8.581086203  
2024 12  4  12 17  0.00    23.0145235982      -8.581076896  
2024 12  4  12 18  0.00    23.0145246989      -8.581067588  
2024 12  4  12 19  0.00    23.0145257998      -8.581058280  
2024 12  4  12 20  0.00    23.0145269009      -8.581048970  
2024 12  4  12 21  0.00    23.0145280020      -8.581039660  
2024 12  4  12 22  0.00    23.0145291033      -8.581030349  
2024 12  4  12 23  0.00    23.0145302048      -8.581021036  
2024 12  4  12 24  0.00    23.0145313064      -8.581011723  
2024 12  4  12 25  0.00    23.0145324081      -8.581002409  
2024 12  4  12 26  0.00    23.0145335099      -8.580993094  
2024 12  4  12 27  0.00    23.0145346119      -8.580983778  
2024 12  4  12 28  0.00    23.0145357140      -8.580974461  
2024 12  4  12 29  0.00    23.0145368163      -8.580965143  
2024 12  4  12 30  0.00    23.0145379187      -8.580955825  
2024 12  4  12 31  0.00    23.0145390213      -8.580946505  
2024 12  4  12 32  0.00    23.0145401240      -8.580937185  
2024 12  4  12 33  0.00    23.0145412268      -8.580927863  
2024 12  4  12 34  0.00    23.0145423298      -8.580918541  
2024 12  4  12 35  0.00    23.0145434330      -8.580909217  
2024 12  4  12 36  0.00    23.0145445363      -8.580899893  
2024 12  4  12 37  0.00    23.0145456398      -8.580890568  
2024 12  4  12 38  0.00    23.0145467434      -8.580881242  
2024 12  4  12 39  0.00    23.0145478471      -8.580871915  
2024 12  4  12 40  0.00    23.0145489510      -8.580862587  
2024 12  4  12 41  0.00    23.0145500551      -8.580853258  
2024 12  4  12 42  0.00    23.0145511593      -8.580843929  
2024 12  4  12 43  0.00    23.0145522637      -8.580834598  
2024 12  4  12 44  0.00    23.0145533683      -8.580825267  
2024 12  4  12 45  0.00    23.0145544730      -8.580815934  
2024 12  4  12 46  0.00    23.0145555779      -8.580806601  
2024 12  4  12 47  0.00    23.0145566829      -8.580797267  
2024 12  4  12 48  0.00    23.0145577881      -8.580787932  
2024 12  4  12 49  0.00    23.0145588935      -8.580778595  
2024 12  4  12 50  0.00    23.0145599990      -8.580769259  
2024 12  4  12 51  0.00    23.0145611048      -8.580759921  
2024 12  4  12 52  0.00    23.0145622106      -8.580750582  
2024 12  4  12 53  0.00    23.0145633167      -8.580741242  
2024 12  4  12 54  0.00    23.0145644229      -8.580731902  
2024 12  4  12 55  0.00    23.0145655293      -8.580722560  
2024 12  4  12 56  0.00    23.0145666359      -8.580713218  
2024 12  4  12 57  0.00    23.0145677426      -8.580703875  
2024 12  4  12 58  0.00    23.0145688496      -8.580694531  
2024 12  4  12 59  0.00    23.0145699567      -8.580685186  
2024 12  4  13  0  0.00    23.0145710639      -8.580675840  
2024 12  4  13  1  0.00    23.0145721714      -8.580666493  
2024 12  4  13  2  0.00    23.0145732790      -8.580657145  
2024 12  4  13  3  0.00    23.0145743869      -8.580647797  
2024 12  4  13  4  0.00    23.0145754949      -8.580638448  
2024 12  4  13  5  0.00    23.0145766031      -8.580629097  
2024 12  4  13  6  0.00    23.0145777115      -8.580619746  
2024 12  4  13  7  0.00    23.0145788200      -8.580610394  
2024 12  4  13  8  0.00    23.0145799288      -8.580601041  
2024 12  4  13  9  0.00    23.0145810377      -8.580591687  
2024 12  4  13 10  0.00    23.0145821469      -8.580582333  
2024 12  4  13 11  0.00    23.0145832562      -8.580572977  
2024 12  4  13 12  0.00    23.0145843658      -8.580563620  
2024 12  4  13 13  0.00    23.0145854755      -8.580554263  
2024 12  4  13 14  0.00    23.0145865854      -8.580544905  
2024 12  4  13 15  0.00    23.0145876955      -8.580535546  
2024 12  4  13 16  0.00    23.0145888058      -8.580526186  
2024 12  4  13 17  0.00    23.0145899163      -8.580516825  
2024 12  4  13 18  0.00    23.0145910270      -8.580507464  
2024 12  4  13 19  0.00    23.0145921379      -8.580498101  
2024 12  4  13 20  0.00    23.0145932491      -8.580488738  
2024 12  4  13 21  0.00    23.0145943604      -8.580479373  
2024 12  4  13 22  0.00    23.0145954719      -8.580470008  
2024 12  4  13 23  0.00    23.0145965836      -8.580460642  
2024 12  4  13 24  0.00    23.0145976956      -8.580451276  
2024 12  4  13 25  0.00    23.0145988077      -8.580441908  
2024 12  4  13 26  0.00    23.0145999200      -8.580432539  
2024 12  4  13 27  0.00    23.0146010326      -8.580423170  
2024 12  4  13 28  0.00    23.0146021454      -8.580413800  
2024 12  4  13 29  0.00    23.0146032584      -8.580404429  
2024 12  4  13 30  0.00    23.0146043716      -8.580395057  
2024 12  4  13 31  0.00    23.0146054850      -8.580385684  
2024 12  4  13 32  0.00    23.0146065986      -8.580376310  
2024 12  4  13 33  0.00    23.0146077124      -8.580366936  
2024 12  4  13 34  0.00    23.0146088265      -8.580357561  
2024 12  4  13 35  0.00    23.0146099408      -8.580348185  
2024 12  4  13 36  0.00    23.0146110553      -8.580338808  
2024 12  4  13 37  0.00    23.0146121700      -8.580329430  
2024 12  4  13 38  0.00    23.0146132849      -8.580320051  
2024 12  4  13 39  0.00    23.0146144001      -8.580310672  
2024 12  4  13 40  0.00    23.0146155155      -8.580301291  
2024 12  4  13 41  0.00    23.0146166311      -8.580291910  
2024 12  4  13 42  0.00    23.0146177469      -8.580282528  
2024 12  4  13 43  0.00    23.0146188630      -8.580273146  
2024 12  4  13 44  0.00    23.0146199793      -8.580263762  
2024 12  4  13 45  0.00    23.0146210958      -8.580254377  
2024 12  4  13 46  0.00    23.0146222126      -8.580244992  
2024 12  4  13 47  0.00    23.0146233296      -8.580235606  
2024 12  4  13 48  0.00    23.0146244468      -8.580226219  
2024 12  4  13 49  0.00    23.0146255642      -8.580216832  
2024 12  4  13 50  0.00    23.0146266819      -8.580207443  
2024 12  4  13 51  0.00    23.0146277998      -8.580198054  
2024 12  4  13 52  0.00    23.0146289180      -8.580188664  
2024 12  4  13 53  0.00    23.0146300364      -8.580179273  
2024 12  4  13 54  0.00    23.0146311550      -8.580169881  
2024 12  4  13 55  0.00    23.0146322739      -8.580160488  
2024 12  4  13 56  0.00    23.0146333930      -8.580151095  
2024 12  4  13 57  0.00    23.0146345123      -8.580141701  
2024 12  4  13 58  0.00    23.0146356319      -8.580132306  
2024 12  4  13 59  0.00    23.0146367518      -8.580122910  
2024 12  4  14  0  0.00    23.0146378719      -8.580113514  
2024 12  4  14  1  0.00    23.0146389922      -8.580104116  
2024 12  4  14  2  0.00    23.0146401128      -8.580094718  
2024 12  4  14  3  0.00    23.0146412336      -8.580085319  
2024 12  4  14  4  0.00    23.0146423546      -8.580075920  
2024 12  4  14  5  0.00    23.0146434760      -8.580066519  
2024 12  4  14  6  0.00    23.0146445975      -8.580057118  
2024 12  4  14  7  0.00    23.0146457193      -8.580047716  
2024 12  4  14  8  0.00    23.0146468414      -8.580038313  
2024 12  4  14  9  0.00    23.0146479637      -8.580028909  
2024 12  4  14 10  0.00    23.0146490863      -8.580019505  
2024 12  4  14 11  0.00    23.0146502091      -8.580010100  
2024 12  4  14 12  0.00    23.0146513322      -8.580000694  
2024 12  4  14 13  0.00    23.0146524556      -8.579991287  
2024 12  4  14 14  0.00    23.0146535792      -8.579981880  
2024 12  4  14 15  0.00    23.0146547030      -8.579972471  
2024 12  4  14 16  0.00    23.0146558272      -8.579963062  
2024 12  4  14 17  0.00    23.0146569515      -8.579953653  
2024 12  4  14 18  0.00    23.0146580762      -8.579944242  
2024 12  4  14 19  0.00    23.0146592011      -8.579934831  
2024 12  4  14 20  0.00    23.0146603262      -8.579925419  
2024 12  4  14 21  0.00    23.0146614517      -8.579916006  
2024 12  4  14 22  0.00    23.0146625774      -8.579906592  
2024 12  4  14 23  0.00    23.0146637033      -8.579897178  
2024 12  4  14 24  0.00    23.0146648296      -8.579887763  
2024 12  4  14 25  0.00    23.0146659560      -8.579878347  
2024 12  4  14 26  0.00    23.0146670828      -8.579868931  
2024 12  4  14 27  0.00    23.0146682098      -8.579859513  
2024 12  4  14 28  0.00    23.0146693371      -8.579850095  
2024 12  4  14 29  0.00    23.0146704647      -8.579840677  
2024 12  4  14 30  0.00    23.0146715926      -8.579831257  
2024 12  4  14 31  0.00    23.0146727207      -8.579821837  
2024 12  4  14 32  0.00    23.0146738491      -8.579812416  
2024 12  4  14 33  0.00    23.0146749777      -8.579802994  
2024 12  4  14 34  0.00    23.0146761067      -8.579793572  
2024 12  4  14 35  0.00    23.0146772359      -8.579784149  
2024 12  4  14 36  0.00    23.0146783654      -8.579774725  
2024 12  4  14 37  0.00    23.0146794952      -8.579765300  
2024 12  4  14 38  0.00    23.0146806252      -8.579755875  
2024 12  4  14 39  0.00    23.0146817555      -8.579746449  
2024 12  4  14 40  0.00    23.0146828861      -8.579737022  
2024 12  4  14 41  0.00    23.0146840170      -8.579727595  
2024 12  4  14 42  0.00    23.0146851482      -8.579718167  
2024 12  4  14 43  0.00    23.0146862797      -8.579708738  
2024 12  4  14 44  0.00    23.0146874114      -8.579699308  
2024 12  4  14 45  0.00    23.0146885434      -8.579689878  
2024 12  4  14 46  0.00    23.0146896757      -8.579680447  
2024 12  4  14 47  0.00    23.0146908083      -8.579671015  
2024 12  4  14 48  0.00    23.0146919412      -8.579661583  
2024 12  4  14 49  0.00    23.0146930744      -8.579652150  
2024 12  4  14 50  0.00    23.0146942078      -8.579642716  
2024 12  4  14 51  0.00    23.0146953416      -8.579633282  
2024 12  4  14 52  0.00    23.0146964756      -8.579623846  
2024 12  4  14 53  0.00    23.0146976099      -8.579614411  
2024 12  4  14 54  0.00    23.0146987445      -8.579604974  
2024 12  4  14 55  0.00    23.0146998795      -8.579595537  
2024 12  4  14 56  0.00    23.0147010147      -8.579586099  
2024 12  4  14 57  0.00    23.0147021501      -8.579576661  
2024 12  4  14 58  0.00    23.0147032859      -8.579567221  
2024 12  4  14 59  0.00    23.0147044220      -8.579557782  
2024 12  4  15  0  0.00    23.0147055584      -8.579548341  
2024 12  4  15  1  0.00    23.0147066951      -8.579538900  
2024 12  4  15  2  0.00    23.0147078320      -8.579529458  
2024 12  4  15  3  0.00    23.0147089693      -8.579520015  
2024 12  4  15  4  0.00    23.0147101069      -8.579510572  
2024 12  4  15  5  0.00    23.0147112447      -8.579501128  
2024 12  4  15  6  0.00    23.0147123829      -8.579491684  
2024 12  4  15  7  0.00    23.0147135214      -8.579482239  
2024 12  4  15  8  0.00    23.0147146601      -8.579472793  
2024 12  4  15  9  0.00    23.0147157992      -8.579463347  
2024 12  4  15 10  0.00    23.0147169386      -8.579453899  
2024 12  4  15 11  0.00    23.0147180783      -8.579444452  
2024 12  4  15 12  0.00    23.0147192183      -8.579435003  
2024 12  4  15 13  0.00    23.0147203585      -8.579425554  
2024 12  4  15 14  0.00    23.0147214991      -8.579416105  
2024 12  4  15 15  0.00    23.0147226400      -8.579406654  
2024 12  4  15 16  0.00    23.0147237812      -8.579397204  
2024 12  4  15 17  0.00    23.0147249227      -8.579387752  
2024 12  4  15 18  0.00    23.0147260646      -8.579378300  
2024 12  4  15 19  0.00    23.0147272067      -8.579368847  
2024 12  4  15 20  0.00    23.0147283491      -8.579359394  
2024 12  4  15 21  0.00    23.0147294919      -8.579349940  
2024 12  4  15 22  0.00    23.0147306349      -8.579340485  
2024 12  4  15 23  0.00    23.0147317783      -8.579331030  
2024 12  4  15 24  0.00    23.0147329220      -8.579321574  
2024 12  4  15 25  0.00    23.0147340660      -8.579312118  
2024 12  4  15 26  0.00    23.0147352103      -8.579302660  
2024 12  4  15 27  0.00    23.0147363549      -8.579293203  
2024 12  4  15 28  0.00    23.0147374998      -8.579283745  
2024 12  4  15 29  0.00    23.0147386451      -8.579274286  
2024 12  4  15 30  0.00    23.0147397906      -8.579264826  
2024 12  4  15 31  0.00    23.0147409365      -8.579255366  
2024 12  4  15 32  0.00    23.0147420827      -8.579245906  
2024 12  4  15 33  0.00    23.0147432292      -8.579236444  
2024 12  4  15 34  0.00    23.0147443760      -8.579226983  
2024 12  4  15 35  0.00    23.0147455232      -8.579217520  
2024 12  4  15 36  0.00    23.0147466706      -8.579208057  
2024 12  4  15 37  0.00    23.0147478184      -8.579198594  
2024 12  4  15 38  0.00    23.0147489665      -8.579189129  
2024 12  4  15 39  0.00    23.0147501150      -8.579179665  
2024 12  4  15 40  0.00    23.0147512637      -8.579170200  
2024 12  4  15 41  0.00    23.0147524128      -8.579160734  
2024 12  4  15 42  0.00    23.0147535622      -8.579151267  
2024 12  4  15 43  0.00    23.0147547119      -8.579141800  
2024 12  4  15 44  0.00    23.0147558619      -8.579132333  
2024 12  4  15 45  0.00    23.0147570123      -8.579122865  
2024 12  4  15 46  0.00    23.0147581629      -8.579113396  
2024 12  4  15 47  0.00    23.0147593139      -8.579103927  
2024 12  4  15 48  0.00    23.0147604653      -8.579094457  
2024 12  4  15 49  0.00    23.0147616169      -8.579084987  
2024 12  4  15 50  0.00    23.0147627689      -8.579075516  
2024 12  4  15 51  0.00    23.0147639212      -8.579066045  
2024 12  4  15 52  0.00    23.0147650738      -8.579056573  
2024 12  4  15 53  0.00    23.0147662268      -8.579047100  
2024 12  4  15 54  0.00    23.0147673801      -8.579037627  
2024 12  4  15 55  0.00    23.0147685337      -8.579028154  
2024 12  4  15 56  0.00    23.0147696877      -8.579018680  
2024 12  4  15 57  0.00    23.0147708419      -8.579009205  
2024 12  4  15 58  0.00    23.0147719965      -8.578999730  
2024 12  4  15 59  0.00    23.0147731515      -8.578990255  
2024 12  4  16  0  0.00    23.0147743067      -8.578980779  
2024 12  4  16  1  0.00    23.0147754623      -8.578971302  
2024 12  4  16  2  0.00    23.0147766182      -8.578961825  
2024 12  4  16  3  0.00    23.0147777745      -8.578952347  
---