v5.21.05i     Planet: Jupiter  (DE441)
        Satellite: J7 Elara  ( Emelyanov N.V. Vers. 2022-11-GAIA)
                               - ephemerides on 1975/01/28.0-2050/02/03.0
    Observatory N: 286 - Yunnan Observatory
        Timescale: UTC
Mean equator and equinox of J2000.  ICRF. 
Coordinates astrometric 
Year  M  D   H  M  S       alpha (h)          delta (?)
2023 12 14  12  0  0.00     2.3242194700      12.938926152  
2023 12 14  12  1  0.00     2.3242165328      12.938921225  
2023 12 14  12  2  0.00     2.3242135952      12.938916296  
2023 12 14  12  3  0.00     2.3242106575      12.938911366  
2023 12 14  12  4  0.00     2.3242077195      12.938906434  
2023 12 14  12  5  0.00     2.3242047812      12.938901501  
2023 12 14  12  6  0.00     2.3242018428      12.938896566  
2023 12 14  12  7  0.00     2.3241989041      12.938891629  
2023 12 14  12  8  0.00     2.3241959651      12.938886691  
2023 12 14  12  9  0.00     2.3241930260      12.938881751  
2023 12 14  12 10  0.00     2.3241900866      12.938876810  
2023 12 14  12 11  0.00     2.3241871470      12.938871867  
2023 12 14  12 12  0.00     2.3241842072      12.938866922  
2023 12 14  12 13  0.00     2.3241812671      12.938861975  
2023 12 14  12 14  0.00     2.3241783269      12.938857027  
2023 12 14  12 15  0.00     2.3241753864      12.938852077  
2023 12 14  12 16  0.00     2.3241724458      12.938847126  
2023 12 14  12 17  0.00     2.3241695049      12.938842173  
2023 12 14  12 18  0.00     2.3241665638      12.938837218  
2023 12 14  12 19  0.00     2.3241636226      12.938832262  
2023 12 14  12 20  0.00     2.3241606811      12.938827304  
2023 12 14  12 21  0.00     2.3241577395      12.938822344  
2023 12 14  12 22  0.00     2.3241547976      12.938817382  
2023 12 14  12 23  0.00     2.3241518556      12.938812419  
2023 12 14  12 24  0.00     2.3241489134      12.938807454  
2023 12 14  12 25  0.00     2.3241459709      12.938802488  
2023 12 14  12 26  0.00     2.3241430284      12.938797519  
2023 12 14  12 27  0.00     2.3241400856      12.938792549  
2023 12 14  12 28  0.00     2.3241371427      12.938787578  
2023 12 14  12 29  0.00     2.3241341996      12.938782604  
2023 12 14  12 30  0.00     2.3241312563      12.938777629  
2023 12 14  12 31  0.00     2.3241283128      12.938772652  
2023 12 14  12 32  0.00     2.3241253692      12.938767674  
2023 12 14  12 33  0.00     2.3241224255      12.938762693  
2023 12 14  12 34  0.00     2.3241194815      12.938757711  
2023 12 14  12 35  0.00     2.3241165375      12.938752727  
2023 12 14  12 36  0.00     2.3241135932      12.938747742  
2023 12 14  12 37  0.00     2.3241106489      12.938742755  
2023 12 14  12 38  0.00     2.3241077043      12.938737766  
2023 12 14  12 39  0.00     2.3241047597      12.938732775  
2023 12 14  12 40  0.00     2.3241018148      12.938727782  
2023 12 14  12 41  0.00     2.3240988699      12.938722788  
2023 12 14  12 42  0.00     2.3240959248      12.938717792  
2023 12 14  12 43  0.00     2.3240929796      12.938712794  
2023 12 14  12 44  0.00     2.3240900342      12.938707795  
2023 12 14  12 45  0.00     2.3240870888      12.938702794  
2023 12 14  12 46  0.00     2.3240841432      12.938697790  
2023 12 14  12 47  0.00     2.3240811974      12.938692786  
2023 12 14  12 48  0.00     2.3240782516      12.938687779  
2023 12 14  12 49  0.00     2.3240753056      12.938682771  
2023 12 14  12 50  0.00     2.3240723596      12.938677760  
2023 12 14  12 51  0.00     2.3240694134      12.938672748  
2023 12 14  12 52  0.00     2.3240664671      12.938667735  
2023 12 14  12 53  0.00     2.3240635207      12.938662719  
2023 12 14  12 54  0.00     2.3240605742      12.938657702  
2023 12 14  12 55  0.00     2.3240576276      12.938652683  
2023 12 14  12 56  0.00     2.3240546810      12.938647662  
2023 12 14  12 57  0.00     2.3240517342      12.938642639  
2023 12 14  12 58  0.00     2.3240487873      12.938637614  
2023 12 14  12 59  0.00     2.3240458403      12.938632588  
2023 12 14  13  0  0.00     2.3240428933      12.938627560  
2023 12 14  13  1  0.00     2.3240399462      12.938622530  
2023 12 14  13  2  0.00     2.3240369990      12.938617498  
2023 12 14  13  3  0.00     2.3240340517      12.938612465  
2023 12 14  13  4  0.00     2.3240311044      12.938607429  
2023 12 14  13  5  0.00     2.3240281569      12.938602392  
2023 12 14  13  6  0.00     2.3240252095      12.938597353  
2023 12 14  13  7  0.00     2.3240222619      12.938592312  
2023 12 14  13  8  0.00     2.3240193143      12.938587269  
2023 12 14  13  9  0.00     2.3240163666      12.938582225  
2023 12 14  13 10  0.00     2.3240134189      12.938577178  
2023 12 14  13 11  0.00     2.3240104711      12.938572130  
2023 12 14  13 12  0.00     2.3240075233      12.938567080  
2023 12 14  13 13  0.00     2.3240045754      12.938562028  
2023 12 14  13 14  0.00     2.3240016275      12.938556975  
2023 12 14  13 15  0.00     2.3239986796      12.938551919  
2023 12 14  13 16  0.00     2.3239957316      12.938546862  
2023 12 14  13 17  0.00     2.3239927835      12.938541802  
2023 12 14  13 18  0.00     2.3239898355      12.938536741  
2023 12 14  13 19  0.00     2.3239868874      12.938531678  
2023 12 14  13 20  0.00     2.3239839393      12.938526614  
2023 12 14  13 21  0.00     2.3239809911      12.938521547  
2023 12 14  13 22  0.00     2.3239780430      12.938516478  
2023 12 14  13 23  0.00     2.3239750948      12.938511408  
2023 12 14  13 24  0.00     2.3239721466      12.938506336  
2023 12 14  13 25  0.00     2.3239691984      12.938501262  
2023 12 14  13 26  0.00     2.3239662502      12.938496186  
2023 12 14  13 27  0.00     2.3239633020      12.938491108  
2023 12 14  13 28  0.00     2.3239603538      12.938486029  
2023 12 14  13 29  0.00     2.3239574055      12.938480947  
2023 12 14  13 30  0.00     2.3239544573      12.938475864  
2023 12 14  13 31  0.00     2.3239515091      12.938470779  
2023 12 14  13 32  0.00     2.3239485609      12.938465692  
2023 12 14  13 33  0.00     2.3239456127      12.938460603  
2023 12 14  13 34  0.00     2.3239426646      12.938455512  
2023 12 14  13 35  0.00     2.3239397164      12.938450419  
2023 12 14  13 36  0.00     2.3239367683      12.938445325  
2023 12 14  13 37  0.00     2.3239338202      12.938440228  
2023 12 14  13 38  0.00     2.3239308721      12.938435130  
2023 12 14  13 39  0.00     2.3239279240      12.938430030  
2023 12 14  13 40  0.00     2.3239249760      12.938424928  
2023 12 14  13 41  0.00     2.3239220280      12.938419824  
2023 12 14  13 42  0.00     2.3239190801      12.938414718  
2023 12 14  13 43  0.00     2.3239161322      12.938409611  
2023 12 14  13 44  0.00     2.3239131844      12.938404501  
2023 12 14  13 45  0.00     2.3239102365      12.938399390  
2023 12 14  13 46  0.00     2.3239072888      12.938394276  
2023 12 14  13 47  0.00     2.3239043411      12.938389161  
2023 12 14  13 48  0.00     2.3239013934      12.938384044  
2023 12 14  13 49  0.00     2.3238984459      12.938378925  
2023 12 14  13 50  0.00     2.3238954983      12.938373805  
2023 12 14  13 51  0.00     2.3238925509      12.938368682  
2023 12 14  13 52  0.00     2.3238896035      12.938363558  
2023 12 14  13 53  0.00     2.3238866562      12.938358431  
2023 12 14  13 54  0.00     2.3238837089      12.938353303  
2023 12 14  13 55  0.00     2.3238807618      12.938348173  
2023 12 14  13 56  0.00     2.3238778147      12.938343041  
2023 12 14  13 57  0.00     2.3238748677      12.938337907  
2023 12 14  13 58  0.00     2.3238719208      12.938332771  
2023 12 14  13 59  0.00     2.3238689739      12.938327633  
2023 12 14  14  0  0.00     2.3238660272      12.938322494  
2023 12 14  14  1  0.00     2.3238630806      12.938317352  
2023 12 14  14  2  0.00     2.3238601340      12.938312209  
2023 12 14  14  3  0.00     2.3238571876      12.938307064  
2023 12 14  14  4  0.00     2.3238542413      12.938301917  
2023 12 14  14  5  0.00     2.3238512950      12.938296768  
2023 12 14  14  6  0.00     2.3238483489      12.938291617  
2023 12 14  14  7  0.00     2.3238454029      12.938286465  
2023 12 14  14  8  0.00     2.3238424570      12.938281310  
2023 12 14  14  9  0.00     2.3238395113      12.938276154  
2023 12 14  14 10  0.00     2.3238365656      12.938270995  
2023 12 14  14 11  0.00     2.3238336201      12.938265835  
2023 12 14  14 12  0.00     2.3238306747      12.938260673  
2023 12 14  14 13  0.00     2.3238277294      12.938255509  
2023 12 14  14 14  0.00     2.3238247843      12.938250343  
2023 12 14  14 15  0.00     2.3238218393      12.938245176  
2023 12 14  14 16  0.00     2.3238188945      12.938240006  
2023 12 14  14 17  0.00     2.3238159498      12.938234835  
2023 12 14  14 18  0.00     2.3238130052      12.938229662  
2023 12 14  14 19  0.00     2.3238100608      12.938224487  
2023 12 14  14 20  0.00     2.3238071166      12.938219310  
2023 12 14  14 21  0.00     2.3238041725      12.938214131  
2023 12 14  14 22  0.00     2.3238012285      12.938208950  
2023 12 14  14 23  0.00     2.3237982847      12.938203767  
2023 12 14  14 24  0.00     2.3237953411      12.938198583  
2023 12 14  14 25  0.00     2.3237923977      12.938193397  
2023 12 14  14 26  0.00     2.3237894544      12.938188209  
2023 12 14  14 27  0.00     2.3237865113      12.938183019  
2023 12 14  14 28  0.00     2.3237835683      12.938177827  
2023 12 14  14 29  0.00     2.3237806256      12.938172633  
2023 12 14  14 30  0.00     2.3237776830      12.938167437  
2023 12 14  14 31  0.00     2.3237747406      12.938162240  
2023 12 14  14 32  0.00     2.3237717984      12.938157041  
2023 12 14  14 33  0.00     2.3237688564      12.938151839  
2023 12 14  14 34  0.00     2.3237659146      12.938146636  
2023 12 14  14 35  0.00     2.3237629729      12.938141432  
2023 12 14  14 36  0.00     2.3237600315      12.938136225  
2023 12 14  14 37  0.00     2.3237570903      12.938131016  
2023 12 14  14 38  0.00     2.3237541493      12.938125806  
2023 12 14  14 39  0.00     2.3237512085      12.938120594  
2023 12 14  14 40  0.00     2.3237482679      12.938115380  
2023 12 14  14 41  0.00     2.3237453275      12.938110164  
2023 12 14  14 42  0.00     2.3237423873      12.938104946  
2023 12 14  14 43  0.00     2.3237394474      12.938099727  
2023 12 14  14 44  0.00     2.3237365076      12.938094505  
2023 12 14  14 45  0.00     2.3237335681      12.938089282  
2023 12 14  14 46  0.00     2.3237306289      12.938084057  
2023 12 14  14 47  0.00     2.3237276898      12.938078830  
2023 12 14  14 48  0.00     2.3237247510      12.938073602  
2023 12 14  14 49  0.00     2.3237218124      12.938068371  
2023 12 14  14 50  0.00     2.3237188741      12.938063139  
2023 12 14  14 51  0.00     2.3237159360      12.938057905  
2023 12 14  14 52  0.00     2.3237129982      12.938052669  
2023 12 14  14 53  0.00     2.3237100606      12.938047431  
2023 12 14  14 54  0.00     2.3237071233      12.938042192  
2023 12 14  14 55  0.00     2.3237041862      12.938036950  
2023 12 14  14 56  0.00     2.3237012493      12.938031707  
2023 12 14  14 57  0.00     2.3236983128      12.938026462  
2023 12 14  14 58  0.00     2.3236953765      12.938021215  
2023 12 14  14 59  0.00     2.3236924404      12.938015967  
2023 12 14  15  0  0.00     2.3236895047      12.938010716  
2023 12 14  15  1  0.00     2.3236865692      12.938005464  
2023 12 14  15  2  0.00     2.3236836339      12.938000210  
2023 12 14  15  3  0.00     2.3236806990      12.937994955  
2023 12 14  15  4  0.00     2.3236777643      12.937989697  
2023 12 14  15  5  0.00     2.3236748299      12.937984438  
2023 12 14  15  6  0.00     2.3236718958      12.937979177  
2023 12 14  15  7  0.00     2.3236689620      12.937973914  
2023 12 14  15  8  0.00     2.3236660285      12.937968650  
2023 12 14  15  9  0.00     2.3236630953      12.937963383  
2023 12 14  15 10  0.00     2.3236601624      12.937958115  
2023 12 14  15 11  0.00     2.3236572297      12.937952845  
2023 12 14  15 12  0.00     2.3236542974      12.937947574  
2023 12 14  15 13  0.00     2.3236513654      12.937942300  
2023 12 14  15 14  0.00     2.3236484337      12.937937025  
2023 12 14  15 15  0.00     2.3236455023      12.937931748  
2023 12 14  15 16  0.00     2.3236425712      12.937926470  
2023 12 14  15 17  0.00     2.3236396405      12.937921189  
2023 12 14  15 18  0.00     2.3236367100      12.937915907  
2023 12 14  15 19  0.00     2.3236337799      12.937910623  
2023 12 14  15 20  0.00     2.3236308501      12.937905338  
2023 12 14  15 21  0.00     2.3236279206      12.937900050  
2023 12 14  15 22  0.00     2.3236249915      12.937894761  
2023 12 14  15 23  0.00     2.3236220627      12.937889471  
2023 12 14  15 24  0.00     2.3236191342      12.937884178  
2023 12 14  15 25  0.00     2.3236162061      12.937878884  
2023 12 14  15 26  0.00     2.3236132783      12.937873588  
2023 12 14  15 27  0.00     2.3236103509      12.937868291  
2023 12 14  15 28  0.00     2.3236074238      12.937862991  
2023 12 14  15 29  0.00     2.3236044970      12.937857690  
2023 12 14  15 30  0.00     2.3236015707      12.937852388  
2023 12 14  15 31  0.00     2.3235986446      12.937847083  
2023 12 14  15 32  0.00     2.3235957189      12.937841777  
2023 12 14  15 33  0.00     2.3235927936      12.937836470  
2023 12 14  15 34  0.00     2.3235898687      12.937831160  
2023 12 14  15 35  0.00     2.3235869441      12.937825849  
2023 12 14  15 36  0.00     2.3235840199      12.937820536  
2023 12 14  15 37  0.00     2.3235810961      12.937815222  
2023 12 14  15 38  0.00     2.3235781726      12.937809906  
2023 12 14  15 39  0.00     2.3235752495      12.937804588  
2023 12 14  15 40  0.00     2.3235723268      12.937799269  
2023 12 14  15 41  0.00     2.3235694045      12.937793948  
2023 12 14  15 42  0.00     2.3235664825      12.937788625  
2023 12 14  15 43  0.00     2.3235635610      12.937783301  
2023 12 14  15 44  0.00     2.3235606398      12.937777975  
2023 12 14  15 45  0.00     2.3235577191      12.937772647  
2023 12 14  15 46  0.00     2.3235547987      12.937767318  
2023 12 14  15 47  0.00     2.3235518787      12.937761987  
2023 12 14  15 48  0.00     2.3235489591      12.937756655  
2023 12 14  15 49  0.00     2.3235460400      12.937751321  
2023 12 14  15 50  0.00     2.3235431212      12.937745985  
2023 12 14  15 51  0.00     2.3235402029      12.937740648  
2023 12 14  15 52  0.00     2.3235372849      12.937735309  
2023 12 14  15 53  0.00     2.3235343674      12.937729968  
2023 12 14  15 54  0.00     2.3235314503      12.937724626  
2023 12 14  15 55  0.00     2.3235285336      12.937719283  
2023 12 14  15 56  0.00     2.3235256174      12.937713937  
2023 12 14  15 57  0.00     2.3235227015      12.937708591  
2023 12 14  15 58  0.00     2.3235197861      12.937703242  
2023 12 14  15 59  0.00     2.3235168711      12.937697892  
2023 12 14  16  0  0.00     2.3235139566      12.937692541  
2023 12 14  16  1  0.00     2.3235110425      12.937687188  
2023 12 14  16  2  0.00     2.3235081288      12.937681833  
2023 12 14  16  3  0.00     2.3235052156      12.937676477  
2023 12 14  16  4  0.00     2.3235023028      12.937671119  
2023 12 14  16  5  0.00     2.3234993904      12.937665760  
2023 12 14  16  6  0.00     2.3234964785      12.937660399  
2023 12 14  16  7  0.00     2.3234935671      12.937655037  
2023 12 14  16  8  0.00     2.3234906561      12.937649673  
2023 12 14  16  9  0.00     2.3234877456      12.937644308  
2023 12 14  16 10  0.00     2.3234848355      12.937638941  
2023 12 14  16 11  0.00     2.3234819259      12.937633573  
2023 12 14  16 12  0.00     2.3234790167      12.937628203  
2023 12 14  16 13  0.00     2.3234761080      12.937622832  
2023 12 14  16 14  0.00     2.3234731998      12.937617459  
2023 12 14  16 15  0.00     2.3234702920      12.937612085  
2023 12 14  16 16  0.00     2.3234673848      12.937606709  
2023 12 14  16 17  0.00     2.3234644780      12.937601332  
2023 12 14  16 18  0.00     2.3234615716      12.937595953  
2023 12 14  16 19  0.00     2.3234586658      12.937590573  
2023 12 14  16 20  0.00     2.3234557604      12.937585192  
2023 12 14  16 21  0.00     2.3234528556      12.937579809  
2023 12 14  16 22  0.00     2.3234499512      12.937574424  
2023 12 14  16 23  0.00     2.3234470473      12.937569038  
2023 12 14  16 24  0.00     2.3234441439      12.937563651  
2023 12 14  16 25  0.00     2.3234412409      12.937558262  
2023 12 14  16 26  0.00     2.3234383385      12.937552872  
2023 12 14  16 27  0.00     2.3234354366      12.937547481  
2023 12 14  16 28  0.00     2.3234325352      12.937542088  
2023 12 14  16 29  0.00     2.3234296343      12.937536693  
2023 12 14  16 30  0.00     2.3234267339      12.937531298  
2023 12 14  16 31  0.00     2.3234238340      12.937525900  
2023 12 14  16 32  0.00     2.3234209346      12.937520502  
2023 12 14  16 33  0.00     2.3234180357      12.937515102  
2023 12 14  16 34  0.00     2.3234151374      12.937509701  
2023 12 14  16 35  0.00     2.3234122396      12.937504298  
2023 12 14  16 36  0.00     2.3234093422      12.937498894  
2023 12 14  16 37  0.00     2.3234064454      12.937493489  
2023 12 14  16 38  0.00     2.3234035492      12.937488082  
2023 12 14  16 39  0.00     2.3234006534      12.937482674  
2023 12 14  16 40  0.00     2.3233977582      12.937477265  
2023 12 14  16 41  0.00     2.3233948636      12.937471854  
2023 12 14  16 42  0.00     2.3233919694      12.937466442  
2023 12 14  16 43  0.00     2.3233890758      12.937461029  
2023 12 14  16 44  0.00     2.3233861827      12.937455614  
2023 12 14  16 45  0.00     2.3233832902      12.937450199  
2023 12 14  16 46  0.00     2.3233803982      12.937444781  
2023 12 14  16 47  0.00     2.3233775068      12.937439363  
2023 12 14  16 48  0.00     2.3233746159      12.937433943  
2023 12 14  16 49  0.00     2.3233717255      12.937428522  
2023 12 14  16 50  0.00     2.3233688357      12.937423100  
2023 12 14  16 51  0.00     2.3233659465      12.937417676  
2023 12 14  16 52  0.00     2.3233630578      12.937412252  
2023 12 14  16 53  0.00     2.3233601697      12.937406826  
2023 12 14  16 54  0.00     2.3233572821      12.937401398  
2023 12 14  16 55  0.00     2.3233543951      12.937395970  
2023 12 14  16 56  0.00     2.3233515087      12.937390540  
2023 12 14  16 57  0.00     2.3233486228      12.937385109  
2023 12 14  16 58  0.00     2.3233457375      12.937379677  
2023 12 14  16 59  0.00     2.3233428528      12.937374244  
2023 12 14  17  0  0.00     2.3233399686      12.937368809  
2023 12 14  17  1  0.00     2.3233370851      12.937363374  
2023 12 14  17  2  0.00     2.3233342021      12.937357937  
2023 12 14  17  3  0.00     2.3233313196      12.937352499  
2023 12 14  17  4  0.00     2.3233284378      12.937347059  
2023 12 14  17  5  0.00     2.3233255565      12.937341619  
2023 12 14  17  6  0.00     2.3233226759      12.937336178  
2023 12 14  17  7  0.00     2.3233197958      12.937330735  
2023 12 14  17  8  0.00     2.3233169163      12.937325291  
2023 12 14  17  9  0.00     2.3233140374      12.937319846  
2023 12 14  17 10  0.00     2.3233111590      12.937314400  
2023 12 14  17 11  0.00     2.3233082813      12.937308953  
2023 12 14  17 12  0.00     2.3233054042      12.937303505  
2023 12 14  17 13  0.00     2.3233025277      12.937298055  
2023 12 14  17 14  0.00     2.3232996518      12.937292605  
2023 12 14  17 15  0.00     2.3232967764      12.937287153  
2023 12 14  17 16  0.00     2.3232939017      12.937281700  
2023 12 14  17 17  0.00     2.3232910276      12.937276247  
2023 12 14  17 18  0.00     2.3232881541      12.937270792  
2023 12 14  17 19  0.00     2.3232852813      12.937265336  
2023 12 14  17 20  0.00     2.3232824090      12.937259879  
2023 12 14  17 21  0.00     2.3232795373      12.937254421  
2023 12 14  17 22  0.00     2.3232766663      12.937248962  
2023 12 14  17 23  0.00     2.3232737959      12.937243502  
2023 12 14  17 24  0.00     2.3232709261      12.937238041  
2023 12 14  17 25  0.00     2.3232680569      12.937232579  
2023 12 14  17 26  0.00     2.3232651883      12.937227116  
2023 12 14  17 27  0.00     2.3232623204      12.937221652  
2023 12 14  17 28  0.00     2.3232594531      12.937216187  
2023 12 14  17 29  0.00     2.3232565864      12.937210721  
2023 12 14  17 30  0.00     2.3232537204      12.937205254  
2023 12 14  17 31  0.00     2.3232508550      12.937199787  
2023 12 14  17 32  0.00     2.3232479902      12.937194318  
2023 12 14  17 33  0.00     2.3232451261      12.937188848  
2023 12 14  17 34  0.00     2.3232422626      12.937183377  
2023 12 14  17 35  0.00     2.3232393997      12.937177906  
2023 12 14  17 36  0.00     2.3232365375      12.937172433  
2023 12 14  17 37  0.00     2.3232336759      12.937166959  
2023 12 14  17 38  0.00     2.3232308150      12.937161485  
2023 12 14  17 39  0.00     2.3232279547      12.937156010  
2023 12 14  17 40  0.00     2.3232250951      12.937150534  
2023 12 14  17 41  0.00     2.3232222361      12.937145056  
2023 12 14  17 42  0.00     2.3232193778      12.937139579  
2023 12 14  17 43  0.00     2.3232165201      12.937134100  
2023 12 14  17 44  0.00     2.3232136631      12.937128620  
2023 12 14  17 45  0.00     2.3232108067      12.937123140  
2023 12 14  17 46  0.00     2.3232079510      12.937117658  
2023 12 14  17 47  0.00     2.3232050959      12.937112176  
2023 12 14  17 48  0.00     2.3232022415      12.937106693  
2023 12 14  17 49  0.00     2.3231993878      12.937101209  
2023 12 14  17 50  0.00     2.3231965348      12.937095724  
2023 12 14  17 51  0.00     2.3231936824      12.937090239  
2023 12 14  17 52  0.00     2.3231908307      12.937084753  
2023 12 14  17 53  0.00     2.3231879796      12.937079266  
2023 12 14  17 54  0.00     2.3231851292      12.937073778  
2023 12 14  17 55  0.00     2.3231822795      12.937068289  
2023 12 14  17 56  0.00     2.3231794305      12.937062800  
2023 12 14  17 57  0.00     2.3231765821      12.937057310  
2023 12 14  17 58  0.00     2.3231737344      12.937051819  
2023 12 14  17 59  0.00     2.3231708874      12.937046328  
2023 12 14  18  0  0.00     2.3231680411      12.937040836  
2023 12 14  18  1  0.00     2.3231651955      12.937035343  
2023 12 14  18  2  0.00     2.3231623505      12.937029849  
2023 12 14  18  3  0.00     2.3231595062      12.937024355  
2023 12 14  18  4  0.00     2.3231566626      12.937018859  
2023 12 14  18  5  0.00     2.3231538197      12.937013364  
2023 12 14  18  6  0.00     2.3231509775      12.937007867  
2023 12 14  18  7  0.00     2.3231481360      12.937002370  
2023 12 14  18  8  0.00     2.3231452952      12.936996873  
2023 12 14  18  9  0.00     2.3231424550      12.936991374  
2023 12 14  18 10  0.00     2.3231396156      12.936985875  
2023 12 14  18 11  0.00     2.3231367768      12.936980376  
2023 12 14  18 12  0.00     2.3231339388      12.936974875  
2023 12 14  18 13  0.00     2.3231311014      12.936969374  
2023 12 14  18 14  0.00     2.3231282648      12.936963873  
2023 12 14  18 15  0.00     2.3231254288      12.936958371  
2023 12 14  18 16  0.00     2.3231225936      12.936952868  
2023 12 14  18 17  0.00     2.3231197590      12.936947365  
2023 12 14  18 18  0.00     2.3231169252      12.936941861  
2023 12 14  18 19  0.00     2.3231140920      12.936936357  
2023 12 14  18 20  0.00     2.3231112596      12.936930852  
2023 12 14  18 21  0.00     2.3231084279      12.936925347  
2023 12 14  18 22  0.00     2.3231055968      12.936919841  
2023 12 14  18 23  0.00     2.3231027665      12.936914334  
2023 12 14  18 24  0.00     2.3230999369      12.936908827  
2023 12 14  18 25  0.00     2.3230971081      12.936903320  
2023 12 14  18 26  0.00     2.3230942799      12.936897812  
2023 12 14  18 27  0.00     2.3230914524      12.936892304  
2023 12 14  18 28  0.00     2.3230886257      12.936886795  
2023 12 14  18 29  0.00     2.3230857997      12.936881285  
2023 12 14  18 30  0.00     2.3230829744      12.936875775  
2023 12 14  18 31  0.00     2.3230801498      12.936870265  
2023 12 14  18 32  0.00     2.3230773260      12.936864754  
2023 12 14  18 33  0.00     2.3230745028      12.936859243  
2023 12 14  18 34  0.00     2.3230716804      12.936853732  
2023 12 14  18 35  0.00     2.3230688587      12.936848220  
2023 12 14  18 36  0.00     2.3230660378      12.936842707  
2023 12 14  18 37  0.00     2.3230632175      12.936837195  
2023 12 14  18 38  0.00     2.3230603980      12.936831681  
2023 12 14  18 39  0.00     2.3230575792      12.936826168  
2023 12 14  18 40  0.00     2.3230547612      12.936820654  
2023 12 14  18 41  0.00     2.3230519438      12.936815140  
2023 12 14  18 42  0.00     2.3230491273      12.936809625  
2023 12 14  18 43  0.00     2.3230463114      12.936804110  
2023 12 14  18 44  0.00     2.3230434963      12.936798595  
2023 12 14  18 45  0.00     2.3230406819      12.936793079  
2023 12 14  18 46  0.00     2.3230378682      12.936787563  
---
2023 12 15  10 20  0.00     2.3205550863      12.932288833  
2023 12 15  10 21  0.00     2.3205523103      12.932284561  
2023 12 15  10 22  0.00     2.3205495338      12.932280287  
2023 12 15  10 23  0.00     2.3205467568      12.932276013  
2023 12 15  10 24  0.00     2.3205439794      12.932271738  
2023 12 15  10 25  0.00     2.3205412015      12.932267461  
2023 12 15  10 26  0.00     2.3205384232      12.932263184  
2023 12 15  10 27  0.00     2.3205356444      12.932258906  
2023 12 15  10 28  0.00     2.3205328652      12.932254626  
2023 12 15  10 29  0.00     2.3205300855      12.932250346  
2023 12 15  10 30  0.00     2.3205273054      12.932246064  
2023 12 15  10 31  0.00     2.3205245249      12.932241782  
2023 12 15  10 32  0.00     2.3205217439      12.932237498  
2023 12 15  10 33  0.00     2.3205189625      12.932233214  
2023 12 15  10 34  0.00     2.3205161807      12.932228928  
2023 12 15  10 35  0.00     2.3205133984      12.932224641  
2023 12 15  10 36  0.00     2.3205106157      12.932220353  
2023 12 15  10 37  0.00     2.3205078326      12.932216064  
2023 12 15  10 38  0.00     2.3205050491      12.932211774  
2023 12 15  10 39  0.00     2.3205022651      12.932207483  
2023 12 15  10 40  0.00     2.3204994807      12.932203191  
2023 12 15  10 41  0.00     2.3204966959      12.932198897  
2023 12 15  10 42  0.00     2.3204939107      12.932194603  
2023 12 15  10 43  0.00     2.3204911250      12.932190307  
2023 12 15  10 44  0.00     2.3204883390      12.932186010  
2023 12 15  10 45  0.00     2.3204855525      12.932181712  
2023 12 15  10 46  0.00     2.3204827656      12.932177413  
2023 12 15  10 47  0.00     2.3204799784      12.932173113  
2023 12 15  10 48  0.00     2.3204771907      12.932168811  
2023 12 15  10 49  0.00     2.3204744026      12.932164509  
2023 12 15  10 50  0.00     2.3204716141      12.932160205  
2023 12 15  10 51  0.00     2.3204688252      12.932155900  
2023 12 15  10 52  0.00     2.3204660359      12.932151594  
2023 12 15  10 53  0.00     2.3204632463      12.932147286  
2023 12 15  10 54  0.00     2.3204604562      12.932142977  
2023 12 15  10 55  0.00     2.3204576657      12.932138668  
2023 12 15  10 56  0.00     2.3204548749      12.932134356  
2023 12 15  10 57  0.00     2.3204520836      12.932130044  
2023 12 15  10 58  0.00     2.3204492920      12.932125730  
2023 12 15  10 59  0.00     2.3204465000      12.932121416  
2023 12 15  11  0  0.00     2.3204437076      12.932117099  
2023 12 15  11  1  0.00     2.3204409149      12.932112782  
2023 12 15  11  2  0.00     2.3204381217      12.932108463  
2023 12 15  11  3  0.00     2.3204353282      12.932104143  
2023 12 15  11  4  0.00     2.3204325343      12.932099822  
2023 12 15  11  5  0.00     2.3204297401      12.932095500  
2023 12 15  11  6  0.00     2.3204269455      12.932091176  
2023 12 15  11  7  0.00     2.3204241505      12.932086851  
2023 12 15  11  8  0.00     2.3204213552      12.932082525  
2023 12 15  11  9  0.00     2.3204185595      12.932078197  
2023 12 15  11 10  0.00     2.3204157634      12.932073868  
2023 12 15  11 11  0.00     2.3204129670      12.932069537  
2023 12 15  11 12  0.00     2.3204101702      12.932065206  
2023 12 15  11 13  0.00     2.3204073731      12.932060873  
2023 12 15  11 14  0.00     2.3204045756      12.932056538  
2023 12 15  11 15  0.00     2.3204017778      12.932052202  
2023 12 15  11 16  0.00     2.3203989796      12.932047865  
2023 12 15  11 17  0.00     2.3203961811      12.932043527  
2023 12 15  11 18  0.00     2.3203933823      12.932039187  
2023 12 15  11 19  0.00     2.3203905831      12.932034846  
2023 12 15  11 20  0.00     2.3203877836      12.932030503  
2023 12 15  11 21  0.00     2.3203849838      12.932026159  
2023 12 15  11 22  0.00     2.3203821836      12.932021814  
2023 12 15  11 23  0.00     2.3203793831      12.932017467  
2023 12 15  11 24  0.00     2.3203765822      12.932013119  
2023 12 15  11 25  0.00     2.3203737811      12.932008769  
2023 12 15  11 26  0.00     2.3203709796      12.932004418  
2023 12 15  11 27  0.00     2.3203681778      12.932000066  
2023 12 15  11 28  0.00     2.3203653757      12.931995712  
2023 12 15  11 29  0.00     2.3203625733      12.931991356  
2023 12 15  11 30  0.00     2.3203597705      12.931987000  
2023 12 15  11 31  0.00     2.3203569675      12.931982641  
2023 12 15  11 32  0.00     2.3203541642      12.931978282  
2023 12 15  11 33  0.00     2.3203513605      12.931973921  
2023 12 15  11 34  0.00     2.3203485565      12.931969558  
2023 12 15  11 35  0.00     2.3203457523      12.931965194  
2023 12 15  11 36  0.00     2.3203429477      12.931960828  
2023 12 15  11 37  0.00     2.3203401429      12.931956461  
2023 12 15  11 38  0.00     2.3203373377      12.931952093  
2023 12 15  11 39  0.00     2.3203345323      12.931947723  
2023 12 15  11 40  0.00     2.3203317266      12.931943351  
2023 12 15  11 41  0.00     2.3203289206      12.931938978  
2023 12 15  11 42  0.00     2.3203261143      12.931934604  
2023 12 15  11 43  0.00     2.3203233077      12.931930228  
2023 12 15  11 44  0.00     2.3203205009      12.931925850  
2023 12 15  11 45  0.00     2.3203176938      12.931921471  
2023 12 15  11 46  0.00     2.3203148864      12.931917090  
2023 12 15  11 47  0.00     2.3203120787      12.931912708  
2023 12 15  11 48  0.00     2.3203092708      12.931908324  
2023 12 15  11 49  0.00     2.3203064626      12.931903939  
2023 12 15  11 50  0.00     2.3203036542      12.931899552  
2023 12 15  11 51  0.00     2.3203008455      12.931895164  
2023 12 15  11 52  0.00     2.3202980365      12.931890774  
2023 12 15  11 53  0.00     2.3202952273      12.931886383  
2023 12 15  11 54  0.00     2.3202924178      12.931881990  
2023 12 15  11 55  0.00     2.3202896081      12.931877595  
2023 12 15  11 56  0.00     2.3202867981      12.931873199  
2023 12 15  11 57  0.00     2.3202839879      12.931868801  
2023 12 15  11 58  0.00     2.3202811774      12.931864402  
2023 12 15  11 59  0.00     2.3202783667      12.931860001  
2023 12 15  12  0  0.00     2.3202755558      12.931855598  
2023 12 15  12  1  0.00     2.3202727447      12.931851194  
2023 12 15  12  2  0.00     2.3202699333      12.931846788  
2023 12 15  12  3  0.00     2.3202671216      12.931842381  
2023 12 15  12  4  0.00     2.3202643098      12.931837972  
2023 12 15  12  5  0.00     2.3202614977      12.931833561  
2023 12 15  12  6  0.00     2.3202586854      12.931829149  
2023 12 15  12  7  0.00     2.3202558729      12.931824735  
2023 12 15  12  8  0.00     2.3202530602      12.931820319  
2023 12 15  12  9  0.00     2.3202502472      12.931815902  
2023 12 15  12 10  0.00     2.3202474341      12.931811483  
2023 12 15  12 11  0.00     2.3202446207      12.931807063  
2023 12 15  12 12  0.00     2.3202418072      12.931802641  
2023 12 15  12 13  0.00     2.3202389934      12.931798217  
2023 12 15  12 14  0.00     2.3202361795      12.931793792  
2023 12 15  12 15  0.00     2.3202333653      12.931789364  
2023 12 15  12 16  0.00     2.3202305509      12.931784936  
2023 12 15  12 17  0.00     2.3202277364      12.931780505  
2023 12 15  12 18  0.00     2.3202249217      12.931776073  
2023 12 15  12 19  0.00     2.3202221068      12.931771639  
2023 12 15  12 20  0.00     2.3202192916      12.931767204  
2023 12 15  12 21  0.00     2.3202164764      12.931762767  
2023 12 15  12 22  0.00     2.3202136609      12.931758328  
2023 12 15  12 23  0.00     2.3202108453      12.931753887  
2023 12 15  12 24  0.00     2.3202080295      12.931749445  
2023 12 15  12 25  0.00     2.3202052135      12.931745001  
2023 12 15  12 26  0.00     2.3202023974      12.931740555  
2023 12 15  12 27  0.00     2.3201995811      12.931736108  
2023 12 15  12 28  0.00     2.3201967646      12.931731659  
2023 12 15  12 29  0.00     2.3201939480      12.931727208  
2023 12 15  12 30  0.00     2.3201911312      12.931722756  
2023 12 15  12 31  0.00     2.3201883143      12.931718301  
2023 12 15  12 32  0.00     2.3201854972      12.931713845  
2023 12 15  12 33  0.00     2.3201826799      12.931709388  
2023 12 15  12 34  0.00     2.3201798626      12.931704928  
2023 12 15  12 35  0.00     2.3201770451      12.931700467  
2023 12 15  12 36  0.00     2.3201742274      12.931696004  
2023 12 15  12 37  0.00     2.3201714096      12.931691540  
2023 12 15  12 38  0.00     2.3201685917      12.931687073  
2023 12 15  12 39  0.00     2.3201657736      12.931682605  
2023 12 15  12 40  0.00     2.3201629555      12.931678135  
2023 12 15  12 41  0.00     2.3201601371      12.931673663  
2023 12 15  12 42  0.00     2.3201573187      12.931669190  
2023 12 15  12 43  0.00     2.3201545002      12.931664715  
2023 12 15  12 44  0.00     2.3201516815      12.931660238  
2023 12 15  12 45  0.00     2.3201488627      12.931655759  
2023 12 15  12 46  0.00     2.3201460439      12.931651279  
2023 12 15  12 47  0.00     2.3201432249      12.931646796  
2023 12 15  12 48  0.00     2.3201404058      12.931642312  
2023 12 15  12 49  0.00     2.3201375866      12.931637826  
2023 12 15  12 50  0.00     2.3201347673      12.931633339  
2023 12 15  12 51  0.00     2.3201319479      12.931628849  
2023 12 15  12 52  0.00     2.3201291284      12.931624358  
2023 12 15  12 53  0.00     2.3201263088      12.931619865  
2023 12 15  12 54  0.00     2.3201234891      12.931615370  
2023 12 15  12 55  0.00     2.3201206694      12.931610874  
2023 12 15  12 56  0.00     2.3201178495      12.931606376  
2023 12 15  12 57  0.00     2.3201150296      12.931601875  
2023 12 15  12 58  0.00     2.3201122096      12.931597373  
2023 12 15  12 59  0.00     2.3201093896      12.931592870  
2023 12 15  13  0  0.00     2.3201065694      12.931588364  
2023 12 15  13  1  0.00     2.3201037492      12.931583857  
2023 12 15  13  2  0.00     2.3201009289      12.931579347  
2023 12 15  13  3  0.00     2.3200981086      12.931574836  
2023 12 15  13  4  0.00     2.3200952882      12.931570324  
2023 12 15  13  5  0.00     2.3200924678      12.931565809  
2023 12 15  13  6  0.00     2.3200896473      12.931561293  
2023 12 15  13  7  0.00     2.3200868267      12.931556774  
2023 12 15  13  8  0.00     2.3200840061      12.931552254  
2023 12 15  13  9  0.00     2.3200811855      12.931547732  
2023 12 15  13 10  0.00     2.3200783648      12.931543209  
2023 12 15  13 11  0.00     2.3200755441      12.931538683  
2023 12 15  13 12  0.00     2.3200727233      12.931534156  
2023 12 15  13 13  0.00     2.3200699026      12.931529626  
2023 12 15  13 14  0.00     2.3200670817      12.931525095  
2023 12 15  13 15  0.00     2.3200642609      12.931520562  
2023 12 15  13 16  0.00     2.3200614400      12.931516028  
2023 12 15  13 17  0.00     2.3200586191      12.931511491  
2023 12 15  13 18  0.00     2.3200557982      12.931506953  
2023 12 15  13 19  0.00     2.3200529773      12.931502412  
2023 12 15  13 20  0.00     2.3200501564      12.931497870  
2023 12 15  13 21  0.00     2.3200473354      12.931493326  
2023 12 15  13 22  0.00     2.3200445145      12.931488780  
2023 12 15  13 23  0.00     2.3200416935      12.931484233  
2023 12 15  13 24  0.00     2.3200388726      12.931479683  
2023 12 15  13 25  0.00     2.3200360516      12.931475132  
2023 12 15  13 26  0.00     2.3200332307      12.931470579  
2023 12 15  13 27  0.00     2.3200304097      12.931466024  
2023 12 15  13 28  0.00     2.3200275888      12.931461467  
2023 12 15  13 29  0.00     2.3200247679      12.931456908  
2023 12 15  13 30  0.00     2.3200219470      12.931452347  
2023 12 15  13 31  0.00     2.3200191261      12.931447785  
2023 12 15  13 32  0.00     2.3200163052      12.931443221  
2023 12 15  13 33  0.00     2.3200134844      12.931438654  
2023 12 15  13 34  0.00     2.3200106636      12.931434086  
2023 12 15  13 35  0.00     2.3200078429      12.931429517  
2023 12 15  13 36  0.00     2.3200050221      12.931424945  
2023 12 15  13 37  0.00     2.3200022014      12.931420371  
2023 12 15  13 38  0.00     2.3199993808      12.931415796  
2023 12 15  13 39  0.00     2.3199965602      12.931411218  
2023 12 15  13 40  0.00     2.3199937396      12.931406639  
2023 12 15  13 41  0.00     2.3199909191      12.931402058  
2023 12 15  13 42  0.00     2.3199880986      12.931397475  
2023 12 15  13 43  0.00     2.3199852782      12.931392890  
2023 12 15  13 44  0.00     2.3199824579      12.931388304  
2023 12 15  13 45  0.00     2.3199796376      12.931383715  
2023 12 15  13 46  0.00     2.3199768174      12.931379125  
2023 12 15  13 47  0.00     2.3199739972      12.931374533  
2023 12 15  13 48  0.00     2.3199711772      12.931369938  
2023 12 15  13 49  0.00     2.3199683571      12.931365342  
2023 12 15  13 50  0.00     2.3199655372      12.931360745  
2023 12 15  13 51  0.00     2.3199627174      12.931356145  
2023 12 15  13 52  0.00     2.3199598976      12.931351543  
2023 12 15  13 53  0.00     2.3199570779      12.931346940  
2023 12 15  13 54  0.00     2.3199542583      12.931342335  
2023 12 15  13 55  0.00     2.3199514388      12.931337727  
2023 12 15  13 56  0.00     2.3199486194      12.931333118  
2023 12 15  13 57  0.00     2.3199458001      12.931328507  
2023 12 15  13 58  0.00     2.3199429809      12.931323895  
2023 12 15  13 59  0.00     2.3199401618      12.931319280  
2023 12 15  14  0  0.00     2.3199373428      12.931314664  
2023 12 15  14  1  0.00     2.3199345239      12.931310045  
2023 12 15  14  2  0.00     2.3199317051      12.931305425  
2023 12 15  14  3  0.00     2.3199288864      12.931300803  
2023 12 15  14  4  0.00     2.3199260679      12.931296179  
2023 12 15  14  5  0.00     2.3199232494      12.931291553  
2023 12 15  14  6  0.00     2.3199204311      12.931286925  
2023 12 15  14  7  0.00     2.3199176130      12.931282296  
2023 12 15  14  8  0.00     2.3199147949      12.931277664  
2023 12 15  14  9  0.00     2.3199119770      12.931273031  
2023 12 15  14 10  0.00     2.3199091592      12.931268396  
2023 12 15  14 11  0.00     2.3199063416      12.931263759  
2023 12 15  14 12  0.00     2.3199035241      12.931259120  
2023 12 15  14 13  0.00     2.3199007067      12.931254480  
2023 12 15  14 14  0.00     2.3198978895      12.931249837  
2023 12 15  14 15  0.00     2.3198950725      12.931245193  
2023 12 15  14 16  0.00     2.3198922556      12.931240546  
2023 12 15  14 17  0.00     2.3198894388      12.931235898  
2023 12 15  14 18  0.00     2.3198866222      12.931231248  
2023 12 15  14 19  0.00     2.3198838058      12.931226596  
2023 12 15  14 20  0.00     2.3198809896      12.931221943  
2023 12 15  14 21  0.00     2.3198781735      12.931217287  
2023 12 15  14 22  0.00     2.3198753576      12.931212630  
2023 12 15  14 23  0.00     2.3198725418      12.931207971  
2023 12 15  14 24  0.00     2.3198697262      12.931203310  
2023 12 15  14 25  0.00     2.3198669109      12.931198647  
2023 12 15  14 26  0.00     2.3198640957      12.931193982  
2023 12 15  14 27  0.00     2.3198612806      12.931189315  
2023 12 15  14 28  0.00     2.3198584658      12.931184647  
2023 12 15  14 29  0.00     2.3198556512      12.931179977  
2023 12 15  14 30  0.00     2.3198528367      12.931175305  
2023 12 15  14 31  0.00     2.3198500225      12.931170631  
2023 12 15  14 32  0.00     2.3198472084      12.931165955  
2023 12 15  14 33  0.00     2.3198443946      12.931161277  
2023 12 15  14 34  0.00     2.3198415810      12.931156598  
2023 12 15  14 35  0.00     2.3198387675      12.931151917  
2023 12 15  14 36  0.00     2.3198359543      12.931147234  
2023 12 15  14 37  0.00     2.3198331413      12.931142549  
2023 12 15  14 38  0.00     2.3198303286      12.931137862  
2023 12 15  14 39  0.00     2.3198275160      12.931133173  
2023 12 15  14 40  0.00     2.3198247037      12.931128483  
2023 12 15  14 41  0.00     2.3198218916      12.931123791  
2023 12 15  14 42  0.00     2.3198190797      12.931119097  
2023 12 15  14 43  0.00     2.3198162680      12.931114401  
2023 12 15  14 44  0.00     2.3198134566      12.931109704  
2023 12 15  14 45  0.00     2.3198106455      12.931105004  
2023 12 15  14 46  0.00     2.3198078345      12.931100303  
2023 12 15  14 47  0.00     2.3198050239      12.931095600  
2023 12 15  14 48  0.00     2.3198022134      12.931090895  
2023 12 15  14 49  0.00     2.3197994032      12.931086188  
2023 12 15  14 50  0.00     2.3197965933      12.931081480  
2023 12 15  14 51  0.00     2.3197937836      12.931076770  
2023 12 15  14 52  0.00     2.3197909742      12.931072058  
2023 12 15  14 53  0.00     2.3197881650      12.931067344  
2023 12 15  14 54  0.00     2.3197853562      12.931062628  
2023 12 15  14 55  0.00     2.3197825475      12.931057911  
2023 12 15  14 56  0.00     2.3197797392      12.931053192  
2023 12 15  14 57  0.00     2.3197769311      12.931048471  
2023 12 15  14 58  0.00     2.3197741233      12.931043748  
2023 12 15  14 59  0.00     2.3197713158      12.931039024  
2023 12 15  15  0  0.00     2.3197685085      12.931034298  
2023 12 15  15  1  0.00     2.3197657015      12.931029570  
2023 12 15  15  2  0.00     2.3197628949      12.931024840  
2023 12 15  15  3  0.00     2.3197600885      12.931020108  
2023 12 15  15  4  0.00     2.3197572824      12.931015375  
2023 12 15  15  5  0.00     2.3197544766      12.931010640  
2023 12 15  15  6  0.00     2.3197516711      12.931005903  
2023 12 15  15  7  0.00     2.3197488659      12.931001165  
2023 12 15  15  8  0.00     2.3197460610      12.930996424  
2023 12 15  15  9  0.00     2.3197432564      12.930991682  
2023 12 15  15 10  0.00     2.3197404522      12.930986939  
2023 12 15  15 11  0.00     2.3197376482      12.930982193  
2023 12 15  15 12  0.00     2.3197348445      12.930977446  
2023 12 15  15 13  0.00     2.3197320412      12.930972697  
2023 12 15  15 14  0.00     2.3197292382      12.930967946  
2023 12 15  15 15  0.00     2.3197264355      12.930963194  
2023 12 15  15 16  0.00     2.3197236332      12.930958440  
2023 12 15  15 17  0.00     2.3197208311      12.930953684  
2023 12 15  15 18  0.00     2.3197180295      12.930948926  
2023 12 15  15 19  0.00     2.3197152281      12.930944167  
2023 12 15  15 20  0.00     2.3197124271      12.930939406  
2023 12 15  15 21  0.00     2.3197096264      12.930934643  
2023 12 15  15 22  0.00     2.3197068261      12.930929879  
2023 12 15  15 23  0.00     2.3197040261      12.930925113  
2023 12 15  15 24  0.00     2.3197012264      12.930920345  
2023 12 15  15 25  0.00     2.3196984271      12.930915576  
2023 12 15  15 26  0.00     2.3196956282      12.930910805  
2023 12 15  15 27  0.00     2.3196928296      12.930906032  
2023 12 15  15 28  0.00     2.3196900314      12.930901257  
2023 12 15  15 29  0.00     2.3196872335      12.930896481  
2023 12 15  15 30  0.00     2.3196844360      12.930891703  
2023 12 15  15 31  0.00     2.3196816389      12.930886924  
2023 12 15  15 32  0.00     2.3196788421      12.930882143  
2023 12 15  15 33  0.00     2.3196760458      12.930877360  
2023 12 15  15 34  0.00     2.3196732498      12.930872576  
2023 12 15  15 35  0.00     2.3196704541      12.930867790  
2023 12 15  15 36  0.00     2.3196676589      12.930863002  
2023 12 15  15 37  0.00     2.3196648640      12.930858213  
2023 12 15  15 38  0.00     2.3196620695      12.930853422  
2023 12 15  15 39  0.00     2.3196592755      12.930848629  
2023 12 15  15 40  0.00     2.3196564818      12.930843835  
2023 12 15  15 41  0.00     2.3196536885      12.930839039  
2023 12 15  15 42  0.00     2.3196508956      12.930834241  
2023 12 15  15 43  0.00     2.3196481031      12.930829442  
2023 12 15  15 44  0.00     2.3196453110      12.930824642  
2023 12 15  15 45  0.00     2.3196425193      12.930819839  
2023 12 15  15 46  0.00     2.3196397280      12.930815036  
2023 12 15  15 47  0.00     2.3196369371      12.930810230  
2023 12 15  15 48  0.00     2.3196341466      12.930805423  
2023 12 15  15 49  0.00     2.3196313566      12.930800614  
2023 12 15  15 50  0.00     2.3196285670      12.930795804  
2023 12 15  15 51  0.00     2.3196257777      12.930790992  
2023 12 15  15 52  0.00     2.3196229890      12.930786179  
2023 12 15  15 53  0.00     2.3196202006      12.930781364  
2023 12 15  15 54  0.00     2.3196174127      12.930776548  
2023 12 15  15 55  0.00     2.3196146252      12.930771730  
2023 12 15  15 56  0.00     2.3196118381      12.930766910  
2023 12 15  15 57  0.00     2.3196090515      12.930762089  
2023 12 15  15 58  0.00     2.3196062653      12.930757266  
2023 12 15  15 59  0.00     2.3196034795      12.930752442  
2023 12 15  16  0  0.00     2.3196006942      12.930747616  
2023 12 15  16  1  0.00     2.3195979094      12.930742789  
2023 12 15  16  2  0.00     2.3195951249      12.930737960  
2023 12 15  16  3  0.00     2.3195923410      12.930733130  
2023 12 15  16  4  0.00     2.3195895575      12.930728298  
2023 12 15  16  5  0.00     2.3195867744      12.930723465  
2023 12 15  16  6  0.00     2.3195839918      12.930718630  
2023 12 15  16  7  0.00     2.3195812097      12.930713794  
2023 12 15  16  8  0.00     2.3195784280      12.930708956  
2023 12 15  16  9  0.00     2.3195756468      12.930704117  
2023 12 15  16 10  0.00     2.3195728661      12.930699276  
2023 12 15  16 11  0.00     2.3195700858      12.930694434  
2023 12 15  16 12  0.00     2.3195673061      12.930689590  
2023 12 15  16 13  0.00     2.3195645267      12.930684745  
2023 12 15  16 14  0.00     2.3195617479      12.930679899  
2023 12 15  16 15  0.00     2.3195589696      12.930675051  
2023 12 15  16 16  0.00     2.3195561917      12.930670201  
2023 12 15  16 17  0.00     2.3195534143      12.930665351  
2023 12 15  16 18  0.00     2.3195506374      12.930660498  
2023 12 15  16 19  0.00     2.3195478610      12.930655645  
2023 12 15  16 20  0.00     2.3195450851      12.930650789  
2023 12 15  16 21  0.00     2.3195423097      12.930645933  
2023 12 15  16 22  0.00     2.3195395348      12.930641075  
2023 12 15  16 23  0.00     2.3195367604      12.930636216  
2023 12 15  16 24  0.00     2.3195339865      12.930631355  
2023 12 15  16 25  0.00     2.3195312130      12.930626493  
2023 12 15  16 26  0.00     2.3195284401      12.930621629  
2023 12 15  16 27  0.00     2.3195256677      12.930616764  
2023 12 15  16 28  0.00     2.3195228959      12.930611898  
2023 12 15  16 29  0.00     2.3195201245      12.930607031  
2023 12 15  16 30  0.00     2.3195173537      12.930602162  
2023 12 15  16 31  0.00     2.3195145833      12.930597291  
2023 12 15  16 32  0.00     2.3195118135      12.930592420  
2023 12 15  16 33  0.00     2.3195090442      12.930587547  
2023 12 15  16 34  0.00     2.3195062755      12.930582672  
2023 12 15  16 35  0.00     2.3195035072      12.930577797  
2023 12 15  16 36  0.00     2.3195007395      12.930572920  
2023 12 15  16 37  0.00     2.3194979724      12.930568041  
2023 12 15  16 38  0.00     2.3194952057      12.930563162  
2023 12 15  16 39  0.00     2.3194924396      12.930558281  
2023 12 15  16 40  0.00     2.3194896741      12.930553399  
2023 12 15  16 41  0.00     2.3194869090      12.930548515  
2023 12 15  16 42  0.00     2.3194841446      12.930543631  
2023 12 15  16 43  0.00     2.3194813806      12.930538745  
2023 12 15  16 44  0.00     2.3194786173      12.930533857  
2023 12 15  16 45  0.00     2.3194758544      12.930528969  
2023 12 15  16 46  0.00     2.3194730921      12.930524079  
2023 12 15  16 47  0.00     2.3194703304      12.930519188  
2023 12 15  16 48  0.00     2.3194675692      12.930514296  
2023 12 15  16 49  0.00     2.3194648086      12.930509402  
2023 12 15  16 50  0.00     2.3194620486      12.930504507  
2023 12 15  16 51  0.00     2.3194592891      12.930499611  
2023 12 15  16 52  0.00     2.3194565302      12.930494714  
2023 12 15  16 53  0.00     2.3194537718      12.930489816  
2023 12 15  16 54  0.00     2.3194510140      12.930484916  
2023 12 15  16 55  0.00     2.3194482568      12.930480016  
2023 12 15  16 56  0.00     2.3194455002      12.930475114  
2023 12 15  16 57  0.00     2.3194427441      12.930470210  
2023 12 15  16 58  0.00     2.3194399886      12.930465306  
2023 12 15  16 59  0.00     2.3194372337      12.930460401  
2023 12 15  17  0  0.00     2.3194344794      12.930455494  
2023 12 15  17  1  0.00     2.3194317257      12.930450586  
2023 12 15  17  2  0.00     2.3194289725      12.930445677  
2023 12 15  17  3  0.00     2.3194262199      12.930440767  
2023 12 15  17  4  0.00     2.3194234680      12.930435856  
2023 12 15  17  5  0.00     2.3194207166      12.930430944  
2023 12 15  17  6  0.00     2.3194179658      12.930426031  
2023 12 15  17  7  0.00     2.3194152156      12.930421116  
2023 12 15  17  8  0.00     2.3194124660      12.930416201  
2023 12 15  17  9  0.00     2.3194097170      12.930411284  
2023 12 15  17 10  0.00     2.3194069686      12.930406366  
2023 12 15  17 11  0.00     2.3194042208      12.930401447  
2023 12 15  17 12  0.00     2.3194014736      12.930396527  
2023 12 15  17 13  0.00     2.3193987270      12.930391606  
2023 12 15  17 14  0.00     2.3193959811      12.930386684  
2023 12 15  17 15  0.00     2.3193932357      12.930381761  
2023 12 15  17 16  0.00     2.3193904909      12.930376837  
2023 12 15  17 17  0.00     2.3193877468      12.930371912  
2023 12 15  17 18  0.00     2.3193850033      12.930366986  
2023 12 15  17 19  0.00     2.3193822604      12.930362059  
2023 12 15  17 20  0.00     2.3193795181      12.930357131  
2023 12 15  17 21  0.00     2.3193767765      12.930352202  
2023 12 15  17 22  0.00     2.3193740354      12.930347271  
2023 12 15  17 23  0.00     2.3193712950      12.930342340  
2023 12 15  17 24  0.00     2.3193685553      12.930337408  
2023 12 15  17 25  0.00     2.3193658161      12.930332475  
2023 12 15  17 26  0.00     2.3193630776      12.930327541  
2023 12 15  17 27  0.00     2.3193603397      12.930322606  
2023 12 15  17 28  0.00     2.3193576025      12.930317670  
2023 12 15  17 29  0.00     2.3193548659      12.930312733  
2023 12 15  17 30  0.00     2.3193521299      12.930307795  
2023 12 15  17 31  0.00     2.3193493946      12.930302857  
2023 12 15  17 32  0.00     2.3193466599      12.930297917  
2023 12 15  17 33  0.00     2.3193439258      12.930292976  
2023 12 15  17 34  0.00     2.3193411924      12.930288035  
2023 12 15  17 35  0.00     2.3193384597      12.930283093  
2023 12 15  17 36  0.00     2.3193357276      12.930278150  
2023 12 15  17 37  0.00     2.3193329961      12.930273205  
2023 12 15  17 38  0.00     2.3193302653      12.930268261  
2023 12 15  17 39  0.00     2.3193275352      12.930263315  
2023 12 15  17 40  0.00     2.3193248057      12.930258368  
2023 12 15  17 41  0.00     2.3193220768      12.930253421  
2023 12 15  17 42  0.00     2.3193193486      12.930248472  
2023 12 15  17 43  0.00     2.3193166211      12.930243523  
2023 12 15  17 44  0.00     2.3193138943      12.930238573  
2023 12 15  17 45  0.00     2.3193111681      12.930233622  
2023 12 15  17 46  0.00     2.3193084426      12.930228671  
2023 12 15  17 47  0.00     2.3193057177      12.930223719  
2023 12 15  17 48  0.00     2.3193029935      12.930218765  
2023 12 15  17 49  0.00     2.3193002700      12.930213812  
2023 12 15  17 50  0.00     2.3192975471      12.930208857  
2023 12 15  17 51  0.00     2.3192948249      12.930203902  
2023 12 15  17 52  0.00     2.3192921034      12.930198945  
2023 12 15  17 53  0.00     2.3192893826      12.930193988  
2023 12 15  17 54  0.00     2.3192866625      12.930189031  
2023 12 15  17 55  0.00     2.3192839430      12.930184073  
2023 12 15  17 56  0.00     2.3192812242      12.930179113  
2023 12 15  17 57  0.00     2.3192785061      12.930174154  
2023 12 15  17 58  0.00     2.3192757886      12.930169193  
2023 12 15  17 59  0.00     2.3192730719      12.930164232  
2023 12 15  18  0  0.00     2.3192703558      12.930159270  
2023 12 15  18  1  0.00     2.3192676405      12.930154308  
2023 12 15  18  2  0.00     2.3192649258      12.930149345  
2023 12 15  18  3  0.00     2.3192622118      12.930144381  
2023 12 15  18  4  0.00     2.3192594985      12.930139416  
2023 12 15  18  5  0.00     2.3192567859      12.930134451  
2023 12 15  18  6  0.00     2.3192540740      12.930129486  
2023 12 15  18  7  0.00     2.3192513627      12.930124519  
2023 12 15  18  8  0.00     2.3192486522      12.930119552  
2023 12 15  18  9  0.00     2.3192459424      12.930114585  
2023 12 15  18 10  0.00     2.3192432333      12.930109617  
2023 12 15  18 11  0.00     2.3192405248      12.930104648  
2023 12 15  18 12  0.00     2.3192378171      12.930099679  
2023 12 15  18 13  0.00     2.3192351101      12.930094709  
2023 12 15  18 14  0.00     2.3192324038      12.930089738  
2023 12 15  18 15  0.00     2.3192296982      12.930084767  
2023 12 15  18 16  0.00     2.3192269933      12.930079796  
2023 12 15  18 17  0.00     2.3192242891      12.930074824  
2023 12 15  18 18  0.00     2.3192215856      12.930069851  
2023 12 15  18 19  0.00     2.3192188828      12.930064878  
2023 12 15  18 20  0.00     2.3192161808      12.930059905  
2023 12 15  18 21  0.00     2.3192134794      12.930054931  
2023 12 15  18 22  0.00     2.3192107788      12.930049956  
2023 12 15  18 23  0.00     2.3192080788      12.930044981  
2023 12 15  18 24  0.00     2.3192053796      12.930040006  
2023 12 15  18 25  0.00     2.3192026812      12.930035030  
2023 12 15  18 26  0.00     2.3191999834      12.930030053  
2023 12 15  18 27  0.00     2.3191972863      12.930025077  
2023 12 15  18 28  0.00     2.3191945900      12.930020099  
2023 12 15  18 29  0.00     2.3191918944      12.930015122  
2023 12 15  18 30  0.00     2.3191891995      12.930010144  
2023 12 15  18 31  0.00     2.3191865054      12.930005165  
2023 12 15  18 32  0.00     2.3191838119      12.930000186  
2023 12 15  18 33  0.00     2.3191811192      12.929995207  
2023 12 15  18 34  0.00     2.3191784272      12.929990227  
2023 12 15  18 35  0.00     2.3191757360      12.929985247  
2023 12 15  18 36  0.00     2.3191730454      12.929980267  
2023 12 15  18 37  0.00     2.3191703556      12.929975286  
2023 12 15  18 38  0.00     2.3191676666      12.929970305  
2023 12 15  18 39  0.00     2.3191649782      12.929965324  
2023 12 15  18 40  0.00     2.3191622906      12.929960342  
2023 12 15  18 41  0.00     2.3191596038      12.929955360  
2023 12 15  18 42  0.00     2.3191569177      12.929950378  
---
