  2020 11 13.634543  2 22 37.6050 +13 41 18.703  35.6566873  13.6885286  35.6567101  13.6884772   -0.0798    0.1849    0.0628 15 13 44.50     5.00 
  2020 11 13.635006  2 22 37.6065 +13 41 18.578  35.6566937  13.6884940  35.6566883  13.6884689    0.0191    0.0902    0.0684 15 14 24.50     5.00 
  2020 11 13.635469  2 22 37.5905 +13 41 18.369  35.6566271  13.6884357  35.6566664  13.6884607   -0.1375   -0.0897    0.0400 15 15  4.50     5.00 
  2020 11 13.636007  2 22 37.5936 +13 41 18.444  35.6566401  13.6884567  35.6566409  13.6884510   -0.0028    0.0206    0.0183 15 15 51.00    10.00 
  2020 11 13.636528  2 22 37.5863 +13 41 18.362  35.6566097  13.6884338  35.6566163  13.6884417   -0.0231   -0.0285    0.0269 15 16 36.00    10.00 
  2020 11 13.637049  2 22 37.5857 +13 41 18.413  35.6566072  13.6884481  35.6565917  13.6884323    0.0539    0.0567    0.0328 15 17 21.00    10.00 
  2020 11 13.637569  2 22 37.5700 +13 41 18.334  35.6565419  13.6884262  35.6565671  13.6884230   -0.0885    0.0115    0.0168 15 18  6.00    10.00 
  2020 11 13.638090  2 22 37.5734 +13 41 18.395  35.6565559  13.6884431  35.6565426  13.6884136    0.0467    0.1064    0.0165 15 18 51.00    10.00 
  2020 11 13.638611  2 22 37.5601 +13 41 18.201  35.6565004  13.6883892  35.6565180  13.6884042   -0.0615   -0.0538    0.0449 15 19 36.00    10.00 
  2020 11 13.639132  2 22 37.5588 +13 41 18.277  35.6564951  13.6884102  35.6564934  13.6883948    0.0060    0.0554    0.0310 15 20 21.00    10.00 
  2020 11 13.639641  2 22 37.5497 +13 41 18.158  35.6564571  13.6883773  35.6564694  13.6883856   -0.0430   -0.0296    0.0200 15 21  5.00    10.00 
  2020 11 13.640162  2 22 37.5500 +13 41 18.353  35.6564581  13.6884315  35.6564448  13.6883761    0.0467    0.1993    0.0126 15 21 50.00    10.00 
  2020 11 13.640683  2 22 37.5381 +13 41 18.302  35.6564087  13.6884173  35.6564202  13.6883667   -0.0403    0.1823    0.0178 15 22 35.00    10.00 
  2020 11 13.641204  2 22 37.5297 +13 41 18.127  35.6563738  13.6883685  35.6563957  13.6883572   -0.0763    0.0405    0.0167 15 23 20.00    10.00 
  2020 11 13.641725  2 22 37.5322 +13 41 18.158  35.6563843  13.6883772  35.6563711  13.6883478    0.0462    0.1062    0.0276 15 24  5.00    10.00 
  2020 11 13.642245  2 22 37.5267 +13 41 18.190  35.6563613  13.6883860  35.6563466  13.6883383    0.0516    0.1719    0.0148 15 24 50.00    10.00 
  2020 11 13.642766  2 22 37.5137 +13 41 17.969  35.6563070  13.6883247  35.6563220  13.6883288   -0.0526   -0.0148    0.0333 15 25 35.00    10.00 
  2020 11 13.643287  2 22 37.5088 +13 41 18.040  35.6562866  13.6883446  35.6562975  13.6883193   -0.0382    0.0911    0.0225 15 26 20.00    10.00 
  2020 11 13.643808  2 22 37.5119 +13 41 17.974  35.6562995  13.6883262  35.6562730  13.6883098    0.0930    0.0593    0.0233 15 27  5.00    10.00 
  2020 11 13.644329  2 22 37.4932 +13 41 17.910  35.6562218  13.6883084  35.6562484  13.6883002   -0.0933    0.0294    0.0199 15 27 50.00    10.00 
  2020 11 13.644850  2 22 37.4945 +13 41 17.917  35.6562269  13.6883103  35.6562239  13.6882907    0.0106    0.0707    0.0285 15 28 35.00    10.00 
  2020 11 13.645370  2 22 37.4921 +13 41 17.879  35.6562169  13.6882998  35.6561994  13.6882811    0.0614    0.0672    0.0194 15 29 20.00    10.00 
  2020 11 13.645891  2 22 37.4806 +13 41 17.823  35.6561691  13.6882841  35.6561749  13.6882715   -0.0203    0.0453    0.0231 15 30  5.00    10.00 
  2020 11 13.646412  2 22 37.4760 +13 41 17.811  35.6561501  13.6882809  35.6561504  13.6882620   -0.0010    0.0682    0.0156 15 30 50.00    10.00 
  2020 11 13.646933  2 22 37.4696 +13 41 17.713  35.6561235  13.6882537  35.6561259  13.6882524   -0.0084    0.0046    0.0176 15 31 35.00    10.00 
  2020 11 13.647454  2 22 37.4688 +13 41 17.764  35.6561198  13.6882678  35.6561014  13.6882428    0.0645    0.0902    0.0266 15 32 20.00    10.00 
  2020 11 13.647975  2 22 37.4646 +13 41 17.770  35.6561025  13.6882696  35.6560769  13.6882331    0.0897    0.1311    0.0286 15 33  5.00    10.00 
  2020 11 13.648484  2 22 37.4482 +13 41 17.610  35.6560344  13.6882250  35.6560529  13.6882237   -0.0649    0.0047    0.0266 15 33 49.00    10.00 
  2020 11 13.649005  2 22 37.4469 +13 41 17.593  35.6560289  13.6882202  35.6560285  13.6882141    0.0015    0.0220    0.0221 15 34 34.00    10.00 
  2020 11 13.649525  2 22 37.4451 +13 41 17.605  35.6560211  13.6882236  35.6560040  13.6882044    0.0600    0.0690    0.0167 15 35 19.00    10.00 
  2020 11 13.650046  2 22 37.4378 +13 41 17.549  35.6559907  13.6882082  35.6559795  13.6881947    0.0392    0.0483    0.0176 15 36  4.00    10.00 
  2020 11 13.650567  2 22 37.4317 +13 41 17.547  35.6559654  13.6882074  35.6559551  13.6881851    0.0363    0.0806    0.0206 15 36 49.00    10.00 
  2020 11 13.651088  2 22 37.4177 +13 41 17.526  35.6559071  13.6882016  35.6559306  13.6881754   -0.0822    0.0945    0.0220 15 37 34.00    10.00 
  2020 11 13.651609  2 22 37.4173 +13 41 17.372  35.6559056  13.6881588  35.6559061  13.6881657   -0.0021   -0.0245    0.0424 15 38 19.00    10.00 
  2020 11 13.652130  2 22 37.4133 +13 41 17.410  35.6558886  13.6881695  35.6558817  13.6881559    0.0243    0.0489    0.0269 15 39  4.00    10.00 
  2020 11 13.652650  2 22 37.4068 +13 41 17.404  35.6558615  13.6881678  35.6558573  13.6881462    0.0149    0.0778    0.0226 15 39 49.00    10.00 
  2020 11 13.653171  2 22 37.4045 +13 41 17.414  35.6558520  13.6881707  35.6558328  13.6881365    0.0670    0.1232    0.0305 15 40 34.00    10.00 
  2020 11 13.653692  2 22 37.3944 +13 41 17.276  35.6558100  13.6881321  35.6558084  13.6881267    0.0055    0.0195    0.0142 15 41 19.00    10.00 
  2020 11 13.654734  2 22 37.3857 +13 41 17.237  35.6557737  13.6881214  35.6557596  13.6881071    0.0495    0.0512    0.0263 15 42 49.00    10.00 
  2020 11 13.655243  2 22 37.3768 +13 41 17.299  35.6557367  13.6881385  35.6557357  13.6880976    0.0036    0.1474    0.0189 15 43 33.00    10.00 
  2020 11 13.655764  2 22 37.3703 +13 41 17.057  35.6557097  13.6880714  35.6557113  13.6880878   -0.0056   -0.0589    0.0205 15 44 18.00    10.00 
  2020 11 13.656285  2 22 37.3731 +13 41 17.229  35.6557212  13.6881192  35.6556869  13.6880779    0.1200    0.1486    0.0173 15 45  3.00    10.00 
  2020 11 13.656806  2 22 37.3581 +13 41 17.119  35.6556589  13.6880885  35.6556625  13.6880681   -0.0125    0.0733    0.0227 15 45 48.00    10.00 
  2020 11 13.657326  2 22 37.3502 +13 41 17.135  35.6556257  13.6880930  35.6556381  13.6880583   -0.0433    0.1249    0.0155 15 46 33.00    10.00 
  2020 11 13.657847  2 22 37.3552 +13 41 16.978  35.6556467  13.6880494  35.6556137  13.6880484    0.1153    0.0037    0.0195 15 47 18.00    10.00 
  2020 11 13.658368  2 22 37.3333 +13 41 16.930  35.6555552  13.6880360  35.6555894  13.6880385   -0.1193   -0.0090    0.0167 15 48  3.00    10.00 
  2020 11 13.658889  2 22 37.3381 +13 41 16.921  35.6555752  13.6880337  35.6555650  13.6880287    0.0358    0.0182    0.0256 15 48 48.00    10.00 
  2020 11 13.659410  2 22 37.3350 +13 41 16.949  35.6555626  13.6880414  35.6555406  13.6880188    0.0770    0.0816    0.0456 15 49 33.00    10.00 
  2020 11 13.659931  2 22 37.3226 +13 41 16.879  35.6555107  13.6880220  35.6555163  13.6880089   -0.0196    0.0473    0.0280 15 50 18.00    10.00 
  2020 11 13.660451  2 22 37.3213 +13 41 16.949  35.6555053  13.6880415  35.6554919  13.6879990    0.0468    0.1531    0.0418 15 51  3.00    10.00 
  2020 11 13.660972  2 22 37.3148 +13 41 16.815  35.6554782  13.6880042  35.6554676  13.6879890    0.0372    0.0548    0.0230 15 51 48.00    10.00 
  2020 11 13.661493  2 22 37.3082 +13 41 16.687  35.6554506  13.6879685  35.6554432  13.6879791    0.0259   -0.0382    0.0159 15 52 33.00    10.00 
  2020 11 13.662014  2 22 37.3010 +13 41 16.718  35.6554210  13.6879771  35.6554189  13.6879691    0.0072    0.0288    0.0144 15 53 18.00    10.00 
  2020 11 13.662535  2 22 37.2939 +13 41 16.735  35.6553912  13.6879818  35.6553946  13.6879592   -0.0118    0.0816    0.0226 15 54  3.00    10.00 
  2020 11 13.663056  2 22 37.2872 +13 41 16.699  35.6553634  13.6879719  35.6553702  13.6879492   -0.0238    0.0819    0.0147 15 54 48.00    10.00 
  2020 11 13.663576  2 22 37.2891 +13 41 16.642  35.6553712  13.6879560  35.6553459  13.6879392    0.0884    0.0604    0.0268 15 55 33.00    10.00 
  2020 11 13.664097  2 22 37.2875 +13 41 16.706  35.6553644  13.6879739  35.6553216  13.6879292    0.1497    0.1608    0.0184 15 56 18.00    10.00 
  2020 11 13.664606  2 22 37.2830 +13 41 16.518  35.6553459  13.6879217  35.6552979  13.6879194    0.1679    0.0081    0.0277 15 57  2.00    10.00 
  2020 11 13.665127  2 22 37.2697 +13 41 16.521  35.6552905  13.6879224  35.6552736  13.6879094    0.0593    0.0469    0.0191 15 57 47.00    10.00 
  2020 11 13.665648  2 22 37.2580 +13 41 16.555  35.6552416  13.6879319  35.6552493  13.6878994   -0.0267    0.1170    0.0322 15 58 32.00    10.00 
  2020 11 13.666169  2 22 37.2487 +13 41 16.482  35.6552027  13.6879118  35.6552250  13.6878893   -0.0778    0.0809    0.0255 15 59 17.00    10.00 
  2020 11 13.666690  2 22 37.2484 +13 41 16.445  35.6552016  13.6879013  35.6552007  13.6878793    0.0031    0.0794    0.0241 16  0  2.00    10.00 
  2020 11 13.667211  2 22 37.2509 +13 41 16.352  35.6552122  13.6878757  35.6551764  13.6878692    0.1250    0.0233    0.0217 16  0 47.00    10.00 
  2020 11 13.667731  2 22 37.2406 +13 41 16.364  35.6551691  13.6878789  35.6551522  13.6878591    0.0593    0.0713    0.0097 16  1 32.00    10.00 
  2020 11 13.668252  2 22 37.2340 +13 41 16.339  35.6551416  13.6878718  35.6551279  13.6878490    0.0479    0.0821    0.0144 16  2 17.00    10.00 
  2020 11 13.668773  2 22 37.2308 +13 41 16.294  35.6551281  13.6878594  35.6551037  13.6878389    0.0856    0.0739    0.0154 16  3  2.00    10.00 
  2020 11 13.669294  2 22 37.2172 +13 41 16.215  35.6550716  13.6878374  35.6550794  13.6878288   -0.0273    0.0310    0.0221 16  3 47.00    10.00 
  2020 11 13.669815  2 22 37.2131 +13 41 16.175  35.6550548  13.6878265  35.6550552  13.6878186   -0.0015    0.0283    0.0156 16  4 32.00    10.00 
  2020 11 13.670336  2 22 37.2106 +13 41 16.131  35.6550443  13.6878143  35.6550309  13.6878085    0.0468    0.0208    0.0150 16  5 17.00    10.00 
  2020 11 13.670856  2 22 37.2033 +13 41 16.079  35.6550136  13.6877996  35.6550067  13.6877984    0.0239    0.0047    0.0128 16  6  2.00    10.00 
  2020 11 13.671377  2 22 37.1940 +13 41 16.140  35.6549751  13.6878167  35.6549825  13.6877882   -0.0258    0.1026    0.0255 16  6 47.00    10.00 
  2020 11 13.671898  2 22 37.1899 +13 41 16.029  35.6549580  13.6877859  35.6549583  13.6877780   -0.0011    0.0283    0.0222 16  7 32.00    10.00 
  2020 11 13.672419  2 22 37.1873 +13 41 16.023  35.6549469  13.6877841  35.6549341  13.6877678    0.0447    0.0588    0.0181 16  8 17.00    10.00 
  2020 11 13.672940  2 22 37.1739 +13 41 16.032  35.6548914  13.6877867  35.6549099  13.6877576   -0.0646    0.1047    0.0262 16  9  2.00    10.00 
  2020 11 13.673461  2 22 37.1678 +13 41 15.896  35.6548658  13.6877488  35.6548857  13.6877474   -0.0695    0.0050    0.0134 16  9 47.00    10.00 
  2020 11 13.673981  2 22 37.1563 +13 41 15.987  35.6548181  13.6877741  35.6548615  13.6877372   -0.1517    0.1328    0.0243 16 10 32.00    10.00 
  2020 11 13.674502  2 22 37.1638 +13 41 15.845  35.6548492  13.6877347  35.6548373  13.6877269    0.0414    0.0281    0.0238 16 11 17.00    10.00 
  2020 11 13.675023  2 22 37.1540 +13 41 15.938  35.6548085  13.6877606  35.6548132  13.6877167   -0.0163    0.1582    0.0339 16 12  2.00    10.00 
  2020 11 13.675532  2 22 37.1434 +13 41 15.843  35.6547640  13.6877342  35.6547895  13.6877067   -0.0894    0.0993    0.0325 16 12 46.00    10.00 
  2020 11 13.676053  2 22 37.1411 +13 41 15.834  35.6547545  13.6877316  35.6547654  13.6876964   -0.0381    0.1268    0.0077 16 13 31.00    10.00 
  2020 11 13.676574  2 22 37.1416 +13 41 15.675  35.6547567  13.6876874  35.6547412  13.6876861    0.0541    0.0045    0.0236 16 14 16.00    10.00 
  2020 11 13.677095  2 22 37.1246 +13 41 15.671  35.6546856  13.6876864  35.6547171  13.6876758   -0.1099    0.0382    0.0276 16 15  1.00    10.00 
  2020 11 13.677616  2 22 37.1255 +13 41 15.744  35.6546898  13.6877067  35.6546929  13.6876655   -0.0110    0.1482    0.0355 16 15 46.00    10.00 
  2020 11 13.678137  2 22 37.1183 +13 41 15.605  35.6546598  13.6876680  35.6546688  13.6876552   -0.0315    0.0459    0.0265 16 16 31.00    10.00 
  2020 11 13.678657  2 22 37.1157 +13 41 15.572  35.6546489  13.6876590  35.6546447  13.6876449    0.0148    0.0509    0.0207 16 17 16.00    10.00 
  2020 11 13.679178  2 22 37.1067 +13 41 15.590  35.6546113  13.6876638  35.6546206  13.6876345   -0.0322    0.1052    0.0152 16 18  1.00    10.00 
  2020 11 13.679699  2 22 37.1055 +13 41 15.543  35.6546061  13.6876509  35.6545964  13.6876242    0.0339    0.0962    0.0234 16 18 46.00    10.00 
  2020 11 13.680220  2 22 37.1098 +13 41 15.362  35.6546241  13.6876005  35.6545723  13.6876138    0.1811   -0.0481    0.0281 16 19 31.00    10.00 
  2020 11 13.680741  2 22 37.0888 +13 41 15.423  35.6545365  13.6876176  35.6545482  13.6876035   -0.0411    0.0509    0.0256 16 20 16.00    10.00 
  2020 11 13.681262  2 22 37.0807 +13 41 15.368  35.6545030  13.6876023  35.6545242  13.6875931   -0.0741    0.0331    0.0123 16 21  1.00    10.00 
  2020 11 13.681782  2 22 37.0765 +13 41 15.326  35.6544855  13.6875906  35.6545001  13.6875827   -0.0510    0.0286    0.0155 16 21 46.00    10.00 
  2020 11 13.682303  2 22 37.0738 +13 41 15.288  35.6544743  13.6875801  35.6544760  13.6875723   -0.0059    0.0281    0.0079 16 22 31.00    10.00 
  2020 11 13.682824  2 22 37.0730 +13 41 15.247  35.6544707  13.6875685  35.6544519  13.6875619    0.0658    0.0240    0.0250 16 23 16.00    10.00 
  2020 11 13.683345  2 22 37.0622 +13 41 15.214  35.6544259  13.6875593  35.6544279  13.6875514   -0.0068    0.0284    0.0210 16 24  1.00    10.00 
  2020 11 13.683866  2 22 37.0536 +13 41 15.086  35.6543899  13.6875238  35.6544038  13.6875410   -0.0487   -0.0619    0.0206 16 24 46.00    10.00 
  2020 11 13.684907  2 22 37.0458 +13 41 15.024  35.6543573  13.6875065  35.6543557  13.6875201    0.0056   -0.0487    0.0195 16 26 16.00    10.00 
  2020 11 13.685428  2 22 37.0425 +13 41 15.225  35.6543439  13.6875624  35.6543317  13.6875096    0.0426    0.1903    0.0265 16 27  1.00    10.00 
  2020 11 13.685937  2 22 37.0326 +13 41 15.026  35.6543023  13.6875073  35.6543082  13.6874993   -0.0206    0.0285    0.0132 16 27 45.00    10.00 
  2020 11 13.686458  2 22 37.0280 +13 41 15.072  35.6542835  13.6875201  35.6542842  13.6874888   -0.0024    0.1123    0.0121 16 28 30.00    10.00 
  2020 11 13.686979  2 22 37.0174 +13 41 15.041  35.6542391  13.6875114  35.6542602  13.6874783   -0.0735    0.1189    0.0208 16 29 15.00    10.00 
  2020 11 13.687500  2 22 37.0106 +13 41 14.935  35.6542109  13.6874821  35.6542362  13.6874678   -0.0885    0.0512    0.0464 16 30  0.00    10.00 
  2020 11 13.688021  2 22 37.0140 +13 41 14.893  35.6542249  13.6874702  35.6542122  13.6874573    0.0445    0.0464    0.0151 16 30 45.00    10.00 
  2020 11 13.688542  2 22 37.0030 +13 41 14.846  35.6541791  13.6874573  35.6541882  13.6874468   -0.0316    0.0380    0.0341 16 31 30.00    10.00 
  2020 11 13.689063  2 22 36.9945 +13 41 14.849  35.6541437  13.6874580  35.6541642  13.6874362   -0.0715    0.0786    0.0366 16 32 15.00    10.00 
  2020 11 13.689583  2 22 36.9918 +13 41 14.794  35.6541324  13.6874427  35.6541402  13.6874256   -0.0274    0.0613    0.0234 16 33  0.00    10.00 
  2020 11 13.690104  2 22 36.9843 +13 41 14.776  35.6541013  13.6874378  35.6541163  13.6874151   -0.0524    0.0817    0.0401 16 33 45.00    10.00 
  2020 11 13.690625  2 22 36.9815 +13 41 14.678  35.6540897  13.6874107  35.6540923  13.6874045   -0.0091    0.0223    0.0115 16 34 30.00    10.00 
  2020 11 13.691146  2 22 36.9731 +13 41 14.634  35.6540547  13.6873983  35.6540683  13.6873939   -0.0478    0.0161    0.0248 16 35 15.00    10.00 
  2020 11 13.691667  2 22 36.9751 +13 41 14.676  35.6540629  13.6874101  35.6540444  13.6873833    0.0646    0.0966    0.0222 16 36  0.00    10.00 
  2020 11 13.692187  2 22 36.9627 +13 41 14.620  35.6540113  13.6873946  35.6540205  13.6873727   -0.0321    0.0789    0.0227 16 36 45.00    10.00 
  2020 11 13.692708  2 22 36.9590 +13 41 14.525  35.6539957  13.6873681  35.6539965  13.6873620   -0.0027    0.0217    0.0256 16 37 30.00    10.00 
  2020 11 13.693229  2 22 36.9602 +13 41 14.484  35.6540008  13.6873568  35.6539726  13.6873514    0.0986    0.0194    0.0297 16 38 15.00    10.00 
  2020 11 13.693750  2 22 36.9443 +13 41 14.487  35.6539346  13.6873575  35.6539487  13.6873407   -0.0492    0.0602    0.0305 16 39  0.00    10.00 
  2020 11 13.694259  2 22 36.9395 +13 41 14.463  35.6539148  13.6873507  35.6539253  13.6873303   -0.0369    0.0735    0.0218 16 39 44.00    10.00 
  2020 11 13.695301  2 22 36.9286 +13 41 14.328  35.6538692  13.6873133  35.6538775  13.6873090   -0.0292    0.0156    0.0223 16 41 14.00    10.00 
  2020 11 13.695822  2 22 36.9281 +13 41 14.264  35.6538669  13.6872954  35.6538536  13.6872983    0.0465   -0.0102    0.0288 16 41 59.00    10.00 
  2020 11 13.696343  2 22 36.9188 +13 41 14.192  35.6538284  13.6872755  35.6538298  13.6872876   -0.0048   -0.0433    0.0279 16 42 44.00    10.00 
  2020 11 13.696863  2 22 36.9056 +13 41 14.149  35.6537735  13.6872636  35.6538059  13.6872769   -0.1134   -0.0475    0.0270 16 43 29.00    10.00 
  2020 11 13.697384  2 22 36.9119 +13 41 14.223  35.6537997  13.6872842  35.6537820  13.6872661    0.0620    0.0651    0.0251 16 44 14.00    10.00 
  2020 11 13.697905  2 22 36.9063 +13 41 14.094  35.6537762  13.6872485  35.6537582  13.6872554    0.0631   -0.0250    0.0219 16 44 59.00    10.00 
  2020 11 13.698426  2 22 36.8967 +13 41 14.143  35.6537364  13.6872620  35.6537343  13.6872447    0.0074    0.0623    0.0246 16 45 44.00    10.00 
  2020 11 13.698947  2 22 36.8893 +13 41 13.928  35.6537055  13.6872022  35.6537105  13.6872339   -0.0174   -0.1142    0.0313 16 46 29.00    10.00 
  2020 11 13.699468  2 22 36.8707 +13 41 14.206  35.6536280  13.6872794  35.6536867  13.6872231   -0.2051    0.2027    0.0298 16 47 14.00    10.00 
  2020 11 13.700509  2 22 36.8727 +13 41 14.065  35.6536364  13.6872404  35.6536390  13.6872016   -0.0091    0.1396    0.0203 16 48 44.00    10.00 
  2020 11 13.701030  2 22 36.8741 +13 41 13.984  35.6536421  13.6872178  35.6536152  13.6871908    0.0940    0.0974    0.0271 16 49 29.00    10.00 
  2020 11 13.701551  2 22 36.8530 +13 41 13.908  35.6535543  13.6871968  35.6535914  13.6871800   -0.1298    0.0606    0.0212 16 50 14.00    10.00 
  2020 11 13.702072  2 22 36.8499 +13 41 13.949  35.6535414  13.6872079  35.6535676  13.6871691   -0.0916    0.1397    0.0141 16 50 59.00    10.00 
  2020 11 13.702402  2 22 36.8506 +13 41 13.872  35.6535442  13.6871867  35.6535526  13.6871623   -0.0291    0.0880    0.0155 16 51 27.50    15.00 
  2020 11 13.702980  2 22 36.8408 +13 41 13.791  35.6535032  13.6871641  35.6535261  13.6871502   -0.0802    0.0498    0.0255 16 52 17.50    15.00 
  2020 11 13.703559  2 22 36.8383 +13 41 13.896  35.6534930  13.6871935  35.6534997  13.6871382   -0.0234    0.1990    0.0168 16 53  7.50    15.00 
  2020 11 13.704138  2 22 36.8398 +13 41 13.792  35.6534992  13.6871644  35.6534733  13.6871261    0.0906    0.1378    0.0140 16 53 57.50    15.00 
  2020 11 13.704716  2 22 36.8220 +13 41 13.682  35.6534250  13.6871338  35.6534469  13.6871140   -0.0767    0.0711    0.0207 16 54 47.50    15.00 
  2020 11 13.705295  2 22 36.8223 +13 41 13.811  35.6534264  13.6871698  35.6534205  13.6871019    0.0204    0.2443    0.0139 16 55 37.50    15.00 
  2020 11 13.705874  2 22 36.8157 +13 41 13.777  35.6533986  13.6871602  35.6533942  13.6870898    0.0156    0.2534    0.0278 16 56 27.50    15.00 
  2020 11 13.706453  2 22 36.8015 +13 41 13.515  35.6533397  13.6870874  35.6533678  13.6870777   -0.0985    0.0348    0.0087 16 57 17.50    15.00 
  2020 11 13.707610  2 22 36.7823 +13 41 13.358  35.6532594  13.6870440  35.6533151  13.6870534   -0.1948   -0.0341    0.0149 16 58 57.50    15.00 
  2020 11 13.708189  2 22 36.7872 +13 41 13.427  35.6532800  13.6870632  35.6532888  13.6870413   -0.0306    0.0788    0.0445 16 59 47.50    15.00 
  2020 11 13.708767  2 22 36.7895 +13 41 13.492  35.6532898  13.6870812  35.6532625  13.6870291    0.0955    0.1874    0.0576 17  0 37.50    15.00 
  2020 11 13.709346  2 22 36.7728 +13 41 13.211  35.6532201  13.6870030  35.6532362  13.6870169   -0.0560   -0.0502    0.0489 17  1 27.50    15.00 
  2020 11 13.710503  2 22 36.7746 +13 41 13.266  35.6532276  13.6870184  35.6531836  13.6869925    0.1539    0.0932    0.0392 17  3  7.50    15.00 
  2020 11 13.711661  2 22 36.7471 +13 41 13.149  35.6531131  13.6869858  35.6531310  13.6869681   -0.0628    0.0638    0.0481 17  4 47.50    15.00 
  2020 11 13.712240  2 22 36.7509 +13 41 13.222  35.6531289  13.6870061  35.6531048  13.6869558    0.0844    0.1811    0.0287 17  5 37.50    15.00 
  2020 11 13.712818  2 22 36.7456 +13 41 13.248  35.6531067  13.6870133  35.6530785  13.6869436    0.0985    0.2511    0.0292 17  6 27.50    15.00 
  2020 11 13.713397  2 22 36.7389 +13 41 12.936  35.6530789  13.6869266  35.6530523  13.6869313    0.0931   -0.0169    0.0352 17  7 17.50    15.00 
  2020 11 13.713976  2 22 36.7299 +13 41 13.033  35.6530412  13.6869537  35.6530260  13.6869190    0.0531    0.1247    0.0134 17  8  7.50    15.00 
  2020 11 13.714554  2 22 36.7215 +13 41 12.931  35.6530064  13.6869254  35.6529998  13.6869067    0.0230    0.0672    0.0317 17  8 57.50    15.00 
  2020 11 13.715133  2 22 36.7037 +13 41 12.874  35.6529321  13.6869095  35.6529736  13.6868944   -0.1450    0.0544    0.0279 17  9 47.50    15.00 
  2020 11 13.715712  2 22 36.6984 +13 41 12.795  35.6529100  13.6868874  35.6529474  13.6868821   -0.1309    0.0190    0.0274 17 10 37.50    15.00 
  2020 11 13.716291  2 22 36.6981 +13 41 12.878  35.6529089  13.6869104  35.6529212  13.6868698   -0.0431    0.1463    0.0223 17 11 27.50    15.00 
  2020 11 13.718015  2 22 36.6785 +13 41 12.633  35.6528272  13.6868424  35.6528433  13.6868330   -0.0562    0.0340    0.0301 17 13 56.50    15.00 
  2020 11 13.718594  2 22 36.6733 +13 41 12.629  35.6528056  13.6868415  35.6528171  13.6868206   -0.0404    0.0751    0.0237 17 14 46.50    15.00 
  2020 11 13.719172  2 22 36.6703 +13 41 12.782  35.6527928  13.6868839  35.6527910  13.6868082    0.0065    0.2726    0.0217 17 15 36.50    15.00 
  2020 11 13.719751  2 22 36.6622 +13 41 12.724  35.6527590  13.6868678  35.6527649  13.6867958   -0.0204    0.2591    0.0355 17 16 26.50    15.00 
  2020 11 14.638316  2 22 28.9822 +13 40 26.754  35.6207591  13.6740983  35.6207619  13.6740525   -0.0097    0.1648    0.0184 15 19 10.50    15.00 
  2020 11 14.638692  2 22 28.9875 +13 40 26.734  35.6207814  13.6740927  35.6207463  13.6740522    0.1228    0.1459    0.0211 15 19 43.00    10.00 
  2020 11 14.639213  2 22 28.9731 +13 40 26.666  35.6207213  13.6740740  35.6207247  13.6740516   -0.0120    0.0807    0.0305 15 20 28.00    10.00 
  2020 11 14.639734  2 22 28.9726 +13 40 26.667  35.6207191  13.6740742  35.6207031  13.6740511    0.0557    0.0832    0.0237 15 21 13.00    10.00 
  2020 11 14.640243  2 22 28.9648 +13 40 26.649  35.6206868  13.6740693  35.6206820  13.6740505    0.0167    0.0676    0.0217 15 21 57.00    10.00 
  2020 11 14.640775  2 22 28.9669 +13 40 26.759  35.6206956  13.6740998  35.6206599  13.6740500    0.1247    0.1794    0.0179 15 22 43.00    10.00 
  2020 11 14.641296  2 22 28.9524 +13 40 26.508  35.6206350  13.6740300  35.6206383  13.6740494   -0.0116   -0.0698    0.0185 15 23 28.00    10.00 
  2020 11 14.641817  2 22 28.9517 +13 40 26.710  35.6206321  13.6740861  35.6206166  13.6740488    0.0539    0.1341    0.0163 15 24 13.00    10.00 
  2020 11 14.642326  2 22 28.9439 +13 40 26.677  35.6205996  13.6740769  35.6205955  13.6740483    0.0144    0.1030    0.0224 15 24 57.00    10.00 
  2020 11 14.642847  2 22 28.9391 +13 40 26.652  35.6205796  13.6740701  35.6205738  13.6740477    0.0203    0.0807    0.0179 15 25 42.00    10.00 
  2020 11 14.643368  2 22 28.9264 +13 40 26.494  35.6205267  13.6740261  35.6205521  13.6740471   -0.0891   -0.0757    0.0172 15 26 27.00    10.00 
  2020 11 14.643889  2 22 28.9241 +13 40 26.600  35.6205170  13.6740556  35.6205304  13.6740466   -0.0471    0.0325    0.0209 15 27 12.00    10.00 
  2020 11 14.644410  2 22 28.9283 +13 40 26.676  35.6205347  13.6740767  35.6205088  13.6740460    0.0909    0.1107    0.0172 15 27 57.00    10.00 
  2020 11 14.644931  2 22 28.9221 +13 40 26.567  35.6205086  13.6740465  35.6204871  13.6740454    0.0753    0.0039    0.0125 15 28 42.00    10.00 
  2020 11 14.645451  2 22 28.9154 +13 40 26.678  35.6204807  13.6740774  35.6204653  13.6740448    0.0536    0.1171    0.0186 15 29 27.00    10.00 
  2020 11 14.645972  2 22 28.9053 +13 40 26.526  35.6204386  13.6740351  35.6204436  13.6740442   -0.0176   -0.0328    0.0189 15 30 12.00    10.00 
  2020 11 14.646493  2 22 28.9018 +13 40 26.602  35.6204243  13.6740562  35.6204219  13.6740436    0.0083    0.0454    0.0263 15 30 57.00    10.00 
  2020 11 14.647014  2 22 28.8982 +13 40 26.730  35.6204090  13.6740916  35.6204001  13.6740430    0.0311    0.1748    0.0189 15 31 42.00    10.00 
  2020 11 14.647535  2 22 28.8942 +13 40 26.615  35.6203927  13.6740597  35.6203784  13.6740424    0.0499    0.0623    0.0305 15 32 27.00    10.00 
  2020 11 14.648044  2 22 28.8865 +13 40 26.590  35.6203604  13.6740527  35.6203571  13.6740418    0.0117    0.0392    0.0276 15 33 11.00    10.00 
  2020 11 14.648565  2 22 28.8848 +13 40 26.565  35.6203532  13.6740460  35.6203353  13.6740412    0.0626    0.0170    0.0338 15 33 56.00    10.00 
  2020 11 14.649086  2 22 28.8803 +13 40 26.667  35.6203345  13.6740741  35.6203135  13.6740406    0.0733    0.1207    0.0400 15 34 41.00    10.00 
  2020 11 14.649606  2 22 28.8803 +13 40 26.632  35.6203348  13.6740645  35.6202917  13.6740400    0.1505    0.0882    0.0183 15 35 26.00    10.00 
  2020 11 14.650127  2 22 28.8692 +13 40 26.648  35.6202885  13.6740689  35.6202699  13.6740394    0.0648    0.1061    0.0123 15 36 11.00    10.00 
  2020 11 14.650648  2 22 28.8680 +13 40 26.522  35.6202833  13.6740340  35.6202481  13.6740387    0.1229   -0.0170    0.0183 15 36 56.00    10.00 
  2020 11 14.651690  2 22 28.8461 +13 40 26.488  35.6201920  13.6740244  35.6202045  13.6740375   -0.0436   -0.0472    0.0124 15 38 26.00    10.00 
  2020 11 14.652211  2 22 28.8397 +13 40 26.626  35.6201653  13.6740627  35.6201826  13.6740368   -0.0604    0.0932    0.0309 15 39 11.00    10.00 
  2020 11 14.652731  2 22 28.8471 +13 40 26.575  35.6201963  13.6740487  35.6201608  13.6740362    0.1245    0.0449    0.0104 15 39 56.00    10.00 
  2020 11 14.653252  2 22 28.8376 +13 40 26.611  35.6201567  13.6740586  35.6201389  13.6740355    0.0624    0.0830    0.0135 15 40 41.00    10.00 
  2020 11 14.654294  2 22 28.8239 +13 40 26.505  35.6200996  13.6740292  35.6200951  13.6740342    0.0158   -0.0181    0.0108 15 42 11.00    10.00 
  2020 11 14.654803  2 22 28.8211 +13 40 26.570  35.6200881  13.6740473  35.6200737  13.6740336    0.0503    0.0492    0.0130 15 42 55.00    10.00 
  2020 11 14.655324  2 22 28.8174 +13 40 26.577  35.6200723  13.6740493  35.6200518  13.6740329    0.0718    0.0589    0.0272 15 43 40.00    10.00 
  2020 11 14.656366  2 22 28.8055 +13 40 26.499  35.6200230  13.6740276  35.6200080  13.6740316    0.0527   -0.0144    0.0248 15 45 10.00    10.00 
  2020 11 14.657407  2 22 28.7987 +13 40 26.535  35.6199947  13.6740375  35.6199641  13.6740302    0.1071    0.0262    0.0196 15 46 40.00    10.00 
  2020 11 14.657928  2 22 28.7907 +13 40 26.488  35.6199614  13.6740244  35.6199421  13.6740295    0.0675   -0.0184    0.0181 15 47 25.00    10.00 
  2020 11 14.658449  2 22 28.7884 +13 40 26.556  35.6199516  13.6740434  35.6199201  13.6740289    0.1101    0.0525    0.0148 15 48 10.00    10.00 
  2020 11 14.658970  2 22 28.7752 +13 40 26.491  35.6198967  13.6740253  35.6198982  13.6740282   -0.0050   -0.0103    0.0077 15 48 55.00    10.00 
  2020 11 14.659491  2 22 28.7750 +13 40 26.480  35.6198957  13.6740223  35.6198762  13.6740275    0.0682   -0.0185    0.0296 15 49 40.00    10.00 
  2020 11 14.660012  2 22 28.7677 +13 40 26.497  35.6198655  13.6740269  35.6198542  13.6740267    0.0397    0.0005    0.0163 15 50 25.00    10.00 
  2020 11 14.660521  2 22 28.7538 +13 40 26.336  35.6198077  13.6739822  35.6198327  13.6740261   -0.0873   -0.1580    0.0214 15 51  9.00    10.00 
  2020 11 14.661042  2 22 28.7624 +13 40 26.569  35.6198433  13.6740470  35.6198106  13.6740253    0.1143    0.0780    0.0129 15 51 54.00    10.00 
  2020 11 14.661563  2 22 28.7552 +13 40 26.450  35.6198134  13.6740138  35.6197886  13.6740246    0.0867   -0.0391    0.0196 15 52 39.00    10.00 
  2020 11 14.662083  2 22 28.7488 +13 40 26.471  35.6197867  13.6740198  35.6197666  13.6740239    0.0705   -0.0149    0.0237 15 53 24.00    10.00 
  2020 11 14.662604  2 22 28.7427 +13 40 26.485  35.6197611  13.6740237  35.6197445  13.6740232    0.0580    0.0018    0.0180 15 54  9.00    10.00 
  2020 11 14.663125  2 22 28.7346 +13 40 26.557  35.6197275  13.6740437  35.6197225  13.6740224    0.0176    0.0764    0.0168 15 54 54.00    10.00 
  2020 11 14.663646  2 22 28.7406 +13 40 26.636  35.6197525  13.6740655  35.6197004  13.6740217    0.1821    0.1577    0.0311 15 55 39.00    10.00 
  2020 11 14.664167  2 22 28.7279 +13 40 26.399  35.6196997  13.6739996  35.6196783  13.6740210    0.0746   -0.0769    0.0268 15 56 24.00    10.00 
  2020 11 14.664687  2 22 28.7248 +13 40 26.533  35.6196866  13.6740368  35.6196562  13.6740202    0.1061    0.0598    0.0258 15 57  9.00    10.00 
  2020 11 14.665208  2 22 28.7136 +13 40 26.468  35.6196400  13.6740190  35.6196342  13.6740195    0.0204   -0.0018    0.0117 15 57 54.00    10.00 
  2020 11 14.665729  2 22 28.7150 +13 40 26.465  35.6196459  13.6740180  35.6196120  13.6740187    0.1185   -0.0024    0.0225 15 58 39.00    10.00 
  2020 11 14.666250  2 22 28.7028 +13 40 26.494  35.6195950  13.6740262  35.6195899  13.6740179    0.0177    0.0297    0.0152 15 59 24.00    10.00 
  2020 11 14.666771  2 22 28.7023 +13 40 26.625  35.6195929  13.6740625  35.6195678  13.6740172    0.0877    0.1632    0.0212 16  0  9.00    10.00 
  2020 11 14.667280  2 22 28.6984 +13 40 26.529  35.6195768  13.6740359  35.6195462  13.6740164    0.1071    0.0703    0.0244 16  0 53.00    10.00 
  2020 11 14.667801  2 22 28.6837 +13 40 26.404  35.6195155  13.6740011  35.6195240  13.6740156   -0.0300   -0.0524    0.0172 16  1 38.00    10.00 
  2020 11 14.668322  2 22 28.6825 +13 40 26.414  35.6195106  13.6740040  35.6195019  13.6740149    0.0306   -0.0392    0.0100 16  2 23.00    10.00 
  2020 11 14.668843  2 22 28.6814 +13 40 26.399  35.6195058  13.6739997  35.6194797  13.6740141    0.0912   -0.0517    0.0144 16  3  8.00    10.00 
  2020 11 14.669363  2 22 28.6791 +13 40 26.512  35.6194961  13.6740311  35.6194575  13.6740133    0.1350    0.0641    0.0236 16  3 53.00    10.00 
  2020 11 14.669884  2 22 28.6699 +13 40 26.553  35.6194580  13.6740424  35.6194353  13.6740125    0.0794    0.1078    0.0244 16  4 38.00    10.00 
  2020 11 14.670405  2 22 28.6569 +13 40 26.408  35.6194038  13.6740023  35.6194131  13.6740117   -0.0326   -0.0338    0.0180 16  5 23.00    10.00 
  2020 11 14.670926  2 22 28.6508 +13 40 26.509  35.6193785  13.6740304  35.6193909  13.6740109   -0.0435    0.0703    0.0205 16  6  8.00    10.00 
  2020 11 14.671447  2 22 28.6615 +13 40 26.508  35.6194229  13.6740301  35.6193687  13.6740100    0.1893    0.0720    0.0250 16  6 53.00    10.00 
  2020 11 14.671968  2 22 28.6465 +13 40 26.505  35.6193603  13.6740293  35.6193465  13.6740092    0.0484    0.0722    0.0114 16  7 38.00    10.00 
  2020 11 14.672488  2 22 28.6369 +13 40 26.441  35.6193204  13.6740114  35.6193243  13.6740084   -0.0136    0.0108    0.0145 16  8 23.00    10.00 
  2020 11 14.673009  2 22 28.6404 +13 40 26.551  35.6193350  13.6740419  35.6193020  13.6740076    0.1155    0.1235    0.0159 16  9  8.00    10.00 
  2020 11 14.673519  2 22 28.6302 +13 40 26.383  35.6192924  13.6739954  35.6192803  13.6740068    0.0426   -0.0408    0.0134 16  9 52.00    10.00 
  2020 11 14.674039  2 22 28.6230 +13 40 26.479  35.6192625  13.6740219  35.6192580  13.6740059    0.0159    0.0576    0.0183 16 10 37.00    10.00 
  2020 11 14.674560  2 22 28.6217 +13 40 26.418  35.6192571  13.6740049  35.6192357  13.6740051    0.0749   -0.0005    0.0214 16 11 22.00    10.00 
  2020 11 14.675081  2 22 28.6136 +13 40 26.411  35.6192234  13.6740030  35.6192135  13.6740042    0.0348   -0.0043    0.0183 16 12  7.00    10.00 
  2020 11 14.675602  2 22 28.6065 +13 40 26.379  35.6191939  13.6739943  35.6191912  13.6740034    0.0094   -0.0327    0.0214 16 12 52.00    10.00 
  2020 11 14.676123  2 22 28.6031 +13 40 26.386  35.6191796  13.6739961  35.6191689  13.6740025    0.0374   -0.0231    0.0265 16 13 37.00    10.00 
  2020 11 14.676644  2 22 28.5990 +13 40 26.567  35.6191624  13.6740463  35.6191466  13.6740016    0.0554    0.1607    0.0134 16 14 22.00    10.00 
  2020 11 14.677164  2 22 28.5942 +13 40 26.381  35.6191427  13.6739948  35.6191242  13.6740007    0.0645   -0.0215    0.0188 16 15  7.00    10.00 
  2020 11 14.677685  2 22 28.5916 +13 40 26.493  35.6191317  13.6740257  35.6191019  13.6739999    0.1041    0.0930    0.0374 16 15 52.00    10.00 
  2020 11 14.678206  2 22 28.5855 +13 40 26.380  35.6191062  13.6739944  35.6190796  13.6739990    0.0933   -0.0166    0.0293 16 16 37.00    10.00 
  2020 11 14.678727  2 22 28.5725 +13 40 26.499  35.6190522  13.6740276  35.6190572  13.6739981   -0.0177    0.1061    0.0300 16 17 22.00    10.00 
  2020 11 14.679248  2 22 28.5669 +13 40 26.395  35.6190288  13.6739985  35.6190349  13.6739972   -0.0212    0.0048    0.0332 16 18  7.00    10.00 
  2020 11 14.679757  2 22 28.5695 +13 40 26.383  35.6190394  13.6739954  35.6190130  13.6739963    0.0924   -0.0032    0.0224 16 18 51.00    10.00 
  2020 11 14.680278  2 22 28.5598 +13 40 26.367  35.6189990  13.6739908  35.6189906  13.6739954    0.0293   -0.0167    0.0179 16 19 36.00    10.00 
  2020 11 14.680799  2 22 28.5493 +13 40 26.440  35.6189552  13.6740111  35.6189682  13.6739945   -0.0455    0.0596    0.0278 16 20 21.00    10.00 
  2020 11 14.681319  2 22 28.5504 +13 40 26.555  35.6189599  13.6740431  35.6189458  13.6739936    0.0491    0.1785    0.0252 16 21  6.00    10.00 
  2020 11 14.681840  2 22 28.5400 +13 40 26.461  35.6189169  13.6740168  35.6189234  13.6739926   -0.0229    0.0871    0.0194 16 21 51.00    10.00 
  2020 11 14.682361  2 22 28.5398 +13 40 26.388  35.6189156  13.6739967  35.6189010  13.6739917    0.0512    0.0178    0.0167 16 22 36.00    10.00 
  2020 11 14.682882  2 22 28.5338 +13 40 26.415  35.6188908  13.6740042  35.6188786  13.6739908    0.0426    0.0484    0.0101 16 23 21.00    10.00 
  2020 11 14.683403  2 22 28.5251 +13 40 26.362  35.6188545  13.6739894  35.6188562  13.6739898   -0.0059   -0.0016    0.0141 16 24  6.00    10.00 
  2020 11 14.683924  2 22 28.5270 +13 40 26.371  35.6188625  13.6739919  35.6188337  13.6739889    0.1005    0.0108    0.0124 16 24 51.00    10.00 
  2020 11 14.684444  2 22 28.5161 +13 40 26.317  35.6188171  13.6739770  35.6188113  13.6739879    0.0203   -0.0392    0.0179 16 25 36.00    10.00 
  2020 11 14.684965  2 22 28.5118 +13 40 26.325  35.6187993  13.6739792  35.6187888  13.6739870    0.0367   -0.0280    0.0155 16 26 21.00    10.00 
  2020 11 14.685486  2 22 28.5055 +13 40 26.352  35.6187728  13.6739868  35.6187663  13.6739860    0.0225    0.0028    0.0187 16 27  6.00    10.00 
  2020 11 14.685995  2 22 28.5035 +13 40 26.270  35.6187645  13.6739639  35.6187444  13.6739850    0.0704   -0.0761    0.0235 16 27 50.00    10.00 
  2020 11 14.686516  2 22 28.4944 +13 40 26.380  35.6187266  13.6739944  35.6187219  13.6739841    0.0164    0.0374    0.0158 16 28 35.00    10.00 
  2020 11 14.687037  2 22 28.4917 +13 40 26.397  35.6187152  13.6739991  35.6186994  13.6739831    0.0554    0.0577    0.0196 16 29 20.00    10.00 
  2020 11 14.687558  2 22 28.4865 +13 40 26.306  35.6186936  13.6739740  35.6186769  13.6739821    0.0585   -0.0290    0.0320 16 30  5.00    10.00 
  2020 11 14.688079  2 22 28.4793 +13 40 26.362  35.6186639  13.6739895  35.6186543  13.6739811    0.0335    0.0303    0.0138 16 30 50.00    10.00 
  2020 11 14.688600  2 22 28.4710 +13 40 26.338  35.6186293  13.6739828  35.6186318  13.6739801   -0.0088    0.0098    0.0142 16 31 35.00    10.00 
  2020 11 14.689120  2 22 28.4697 +13 40 26.402  35.6186239  13.6740004  35.6186093  13.6739791    0.0512    0.0770    0.0189 16 32 20.00    10.00 
  2020 11 14.689641  2 22 28.4665 +13 40 26.402  35.6186104  13.6740005  35.6185867  13.6739780    0.0828    0.0809    0.0157 16 33  5.00    10.00 
  2020 11 14.690162  2 22 28.4608 +13 40 26.310  35.6185866  13.6739751  35.6185642  13.6739770    0.0783   -0.0068    0.0199 16 33 50.00    10.00 
  2020 11 14.690683  2 22 28.4503 +13 40 26.359  35.6185428  13.6739886  35.6185416  13.6739760    0.0042    0.0453    0.0302 16 34 35.00    10.00 
  2020 11 14.691204  2 22 28.4427 +13 40 26.334  35.6185113  13.6739815  35.6185191  13.6739749   -0.0271    0.0237    0.0244 16 35 20.00    10.00 
  2020 11 14.691713  2 22 28.4437 +13 40 26.319  35.6185153  13.6739776  35.6184970  13.6739739    0.0641    0.0134    0.0168 16 36  4.00    10.00 
  2020 11 14.692234  2 22 28.4359 +13 40 26.378  35.6184830  13.6739938  35.6184744  13.6739729    0.0302    0.0754    0.0353 16 36 49.00    10.00 
  2020 11 14.692755  2 22 28.4325 +13 40 26.330  35.6184687  13.6739807  35.6184518  13.6739718    0.0591    0.0319    0.0236 16 37 34.00    10.00 
  2020 11 14.693275  2 22 28.4280 +13 40 26.288  35.6184498  13.6739690  35.6184292  13.6739708    0.0722   -0.0062    0.0196 16 38 19.00    10.00 
  2020 11 14.693796  2 22 28.4217 +13 40 26.228  35.6184237  13.6739521  35.6184066  13.6739697    0.0599   -0.0633    0.0203 16 39  4.00    10.00 
  2020 11 14.694317  2 22 28.4134 +13 40 26.304  35.6183892  13.6739733  35.6183839  13.6739686    0.0182    0.0169    0.0145 16 39 49.00    10.00 
  2020 11 14.694838  2 22 28.4084 +13 40 26.375  35.6183682  13.6739931  35.6183613  13.6739675    0.0240    0.0919    0.0259 16 40 34.00    10.00 
  2020 11 14.695359  2 22 28.4028 +13 40 26.267  35.6183450  13.6739630  35.6183387  13.6739664    0.0221   -0.0125    0.0197 16 41 19.00    10.00 
  2020 11 14.695880  2 22 28.3959 +13 40 26.240  35.6183161  13.6739556  35.6183160  13.6739653    0.0003   -0.0349    0.0189 16 42  4.00    10.00 
  2020 11 14.696400  2 22 28.3923 +13 40 26.279  35.6183013  13.6739663  35.6182934  13.6739642    0.0277    0.0073    0.0150 16 42 49.00    10.00 
  2020 11 14.696921  2 22 28.3852 +13 40 26.277  35.6182717  13.6739660  35.6182707  13.6739631    0.0034    0.0102    0.0156 16 43 34.00    10.00 
  2020 11 14.697442  2 22 28.3832 +13 40 26.236  35.6182632  13.6739544  35.6182480  13.6739620    0.0532   -0.0274    0.0187 16 44 19.00    10.00 
  2020 11 14.697963  2 22 28.3731 +13 40 26.280  35.6182212  13.6739667  35.6182253  13.6739609   -0.0143    0.0210    0.0191 16 45  4.00    10.00 
  2020 11 14.698484  2 22 28.3732 +13 40 26.272  35.6182218  13.6739643  35.6182026  13.6739597    0.0670    0.0165    0.0123 16 45 49.00    10.00 
  2020 11 14.698993  2 22 28.3674 +13 40 26.229  35.6181973  13.6739525  35.6181804  13.6739586    0.0592   -0.0222    0.0159 16 46 33.00    10.00 
  2020 11 14.699514  2 22 28.3602 +13 40 26.220  35.6181674  13.6739501  35.6181577  13.6739575    0.0338   -0.0268    0.0299 16 47 18.00    10.00 
  2020 11 14.700035  2 22 28.3503 +13 40 26.223  35.6181263  13.6739508  35.6181350  13.6739563   -0.0304   -0.0199    0.0240 16 48  3.00    10.00 
  2020 11 14.700556  2 22 28.3502 +13 40 26.254  35.6181256  13.6739594  35.6181122  13.6739552    0.0469    0.0151    0.0161 16 48 48.00    10.00 
  2020 11 14.701076  2 22 28.3381 +13 40 26.248  35.6180753  13.6739578  35.6180895  13.6739540   -0.0496    0.0136    0.0228 16 49 33.00    10.00 
  2020 11 14.701597  2 22 28.3367 +13 40 26.244  35.6180696  13.6739567  35.6180668  13.6739528    0.0098    0.0137    0.0131 16 50 18.00    10.00 
  2020 11 14.702118  2 22 28.3290 +13 40 26.209  35.6180376  13.6739469  35.6180440  13.6739517   -0.0224   -0.0173    0.0193 16 51  3.00    10.00 
  2020 11 14.702639  2 22 28.3272 +13 40 26.153  35.6180299  13.6739313  35.6180212  13.6739505    0.0304   -0.0689    0.0156 16 51 48.00    10.00 
  2020 11 14.703160  2 22 28.3196 +13 40 26.239  35.6179985  13.6739552  35.6179985  13.6739493    0.0001    0.0213    0.0169 16 52 33.00    10.00 
  2020 11 14.703681  2 22 28.3140 +13 40 26.199  35.6179748  13.6739441  35.6179757  13.6739481   -0.0030   -0.0144    0.0155 16 53 18.00    10.00 
  2020 11 14.704201  2 22 28.3072 +13 40 26.258  35.6179465  13.6739607  35.6179529  13.6739469   -0.0223    0.0496    0.0250 16 54  3.00    10.00 
  2020 11 14.704711  2 22 28.3018 +13 40 26.200  35.6179240  13.6739445  35.6179306  13.6739457   -0.0230   -0.0044    0.0114 16 54 47.00    10.00 
  2020 11 14.705231  2 22 28.2993 +13 40 26.178  35.6179136  13.6739383  35.6179078  13.6739445    0.0203   -0.0221    0.0141 16 55 32.00    10.00 
  2020 11 14.705752  2 22 28.2965 +13 40 26.243  35.6179021  13.6739563  35.6178849  13.6739432    0.0599    0.0472    0.0207 16 56 17.00    10.00 
  2020 11 14.706273  2 22 28.2933 +13 40 26.340  35.6178885  13.6739833  35.6178621  13.6739420    0.0924    0.1486    0.0173 16 57  2.00    10.00 
  2020 11 14.706794  2 22 28.2861 +13 40 26.216  35.6178586  13.6739488  35.6178393  13.6739408    0.0674    0.0288    0.0180 16 57 47.00    10.00 
  2020 11 14.707315  2 22 28.2795 +13 40 26.166  35.6178314  13.6739351  35.6178164  13.6739395    0.0523   -0.0159    0.0158 16 58 32.00    10.00 
  2020 11 14.707836  2 22 28.2780 +13 40 26.174  35.6178250  13.6739371  35.6177936  13.6739382    0.1097   -0.0041    0.0174 16 59 17.00    10.00 
  2020 11 14.708356  2 22 28.2667 +13 40 26.167  35.6177779  13.6739353  35.6177707  13.6739370    0.0250   -0.0060    0.0148 17  0  2.00    10.00 
  2020 11 14.708877  2 22 28.2653 +13 40 26.233  35.6177721  13.6739537  35.6177478  13.6739357    0.0849    0.0649    0.0219 17  0 47.00    10.00 
  2020 11 14.709398  2 22 28.2535 +13 40 26.163  35.6177230  13.6739343  35.6177250  13.6739344   -0.0068   -0.0006    0.0304 17  1 32.00    10.00 
  2020 11 14.709919  2 22 28.2504 +13 40 26.351  35.6177099  13.6739864  35.6177021  13.6739331    0.0275    0.1916    0.0212 17  2 17.00    10.00 
  2020 11 14.710440  2 22 28.2350 +13 40 26.195  35.6176459  13.6739431  35.6176792  13.6739318   -0.1163    0.0404    0.1764 17  3  2.00    10.00 
  2020 11 14.710961  2 22 28.2414 +13 40 26.142  35.6176725  13.6739284  35.6176563  13.6739305    0.0569   -0.0077    0.0159 17  3 47.00    10.00 
  2020 11 14.711481  2 22 28.2336 +13 40 26.188  35.6176400  13.6739411  35.6176334  13.6739292    0.0233    0.0429    0.0550 17  4 32.00    10.00 
  2020 11 14.712002  2 22 28.2259 +13 40 26.209  35.6176081  13.6739468  35.6176104  13.6739279   -0.0084    0.0682    0.0307 17  5 17.00    10.00 
  2020 11 14.712512  2 22 28.2194 +13 40 26.212  35.6175809  13.6739478  35.6175880  13.6739266   -0.0248    0.0763    0.0303 17  6  1.00    10.00 
  2020 11 14.713032  2 22 28.2156 +13 40 26.119  35.6175649  13.6739219  35.6175651  13.6739253   -0.0007   -0.0123    0.0112 17  6 46.00    10.00 
  2020 11 14.713553  2 22 28.2118 +13 40 26.140  35.6175491  13.6739278  35.6175421  13.6739239    0.0244    0.0140    0.0136 17  7 31.00    10.00 
  2020 11 14.714074  2 22 28.2070 +13 40 26.109  35.6175291  13.6739193  35.6175192  13.6739226    0.0348   -0.0120    0.0165 17  8 16.00    10.00 
  2020 11 14.714595  2 22 28.1974 +13 40 26.236  35.6174892  13.6739543  35.6174962  13.6739212   -0.0244    0.1192    0.0257 17  9  1.00    10.00 
  2020 11 14.715116  2 22 28.1916 +13 40 26.063  35.6174648  13.6739065  35.6174732  13.6739199   -0.0295   -0.0481    0.0266 17  9 46.00    10.00 
  2020 11 14.715637  2 22 28.1897 +13 40 26.117  35.6174570  13.6739215  35.6174503  13.6739185    0.0237    0.0107    0.0167 17 10 31.00    10.00 
  2020 11 14.716157  2 22 28.1845 +13 40 26.151  35.6174355  13.6739309  35.6174273  13.6739171    0.0288    0.0498    0.0126 17 11 16.00    10.00 
  2020 11 14.716678  2 22 28.1791 +13 40 26.161  35.6174128  13.6739337  35.6174043  13.6739157    0.0299    0.0647    0.0188 17 12  1.00    10.00 
  2020 11 14.717199  2 22 28.1723 +13 40 26.098  35.6173845  13.6739162  35.6173813  13.6739143    0.0114    0.0068    0.0138 17 12 46.00    10.00 
  2020 11 14.717720  2 22 28.1654 +13 40 26.088  35.6173556  13.6739133  35.6173582  13.6739129   -0.0091    0.0015    0.0156 17 13 31.00    10.00 
  2020 11 14.718241  2 22 28.1619 +13 40 26.091  35.6173414  13.6739141  35.6173352  13.6739115    0.0215    0.0092    0.0290 17 14 16.00    10.00 
  2020 11 14.718762  2 22 28.1594 +13 40 26.068  35.6173307  13.6739079  35.6173122  13.6739101    0.0648   -0.0080    0.0184 17 15  1.00    10.00 
  2020 11 14.719282  2 22 28.1515 +13 40 26.142  35.6172977  13.6739284  35.6172892  13.6739087    0.0300    0.0711    0.0314 17 15 46.00    10.00 
  2020 11 14.719792  2 22 28.1435 +13 40 26.046  35.6172646  13.6739016  35.6172666  13.6739073   -0.0070   -0.0204    0.0154 17 16 30.00    10.00 
  2020 11 14.720313  2 22 28.1392 +13 40 26.038  35.6172465  13.6738994  35.6172436  13.6739058    0.0103   -0.0231    0.0272 17 17 15.00    10.00 
  2020 11 14.720833  2 22 28.1280 +13 40 26.074  35.6172000  13.6739093  35.6172205  13.6739044   -0.0716    0.0178    0.0379 17 18  0.00    10.00 
  2020 11 14.721354  2 22 28.1313 +13 40 26.091  35.6172139  13.6739142  35.6171974  13.6739029    0.0575    0.0406    0.0195 17 18 45.00    10.00 
  2020 11 14.721875  2 22 28.1257 +13 40 26.095  35.6171905  13.6739153  35.6171743  13.6739014    0.0565    0.0499    0.0131 17 19 30.00    10.00 
  2020 11 14.722396  2 22 28.1193 +13 40 26.038  35.6171637  13.6738993  35.6171513  13.6739000    0.0435   -0.0022    0.0133 17 20 15.00    10.00 
  2020 11 14.722917  2 22 28.1114 +13 40 26.043  35.6171308  13.6739009  35.6171282  13.6738985    0.0092    0.0088    0.0125 17 21  0.00    10.00 
  2020 11 14.723437  2 22 28.1042 +13 40 26.097  35.6171009  13.6739158  35.6171051  13.6738970   -0.0144    0.0676    0.0287 17 21 45.00    10.00 
  2020 11 14.723958  2 22 28.0993 +13 40 26.024  35.6170806  13.6738956  35.6170819  13.6738955   -0.0048    0.0006    0.0155 17 22 30.00    10.00 
  2020 11 14.724479  2 22 28.0977 +13 40 26.017  35.6170738  13.6738936  35.6170588  13.6738940    0.0523   -0.0015    0.0384 17 23 15.00    10.00 
  2020 11 14.725000  2 22 28.0924 +13 40 26.070  35.6170515  13.6739084  35.6170357  13.6738925    0.0551    0.0574    0.0204 17 24  0.00    10.00 
  2020 11 14.725521  2 22 28.0841 +13 40 26.067  35.6170169  13.6739074  35.6170126  13.6738909    0.0151    0.0592    0.0219 17 24 45.00    10.00 
  2020 11 14.726042  2 22 28.0799 +13 40 26.144  35.6169995  13.6739288  35.6169894  13.6738894    0.0352    0.1418    0.0307 17 25 30.00    10.00 
  2020 11 14.726551  2 22 28.0733 +13 40 26.080  35.6169719  13.6739112  35.6169668  13.6738879    0.0180    0.0837    0.0234 17 26 14.00    10.00 
  2020 11 14.727072  2 22 28.0724 +13 40 26.016  35.6169685  13.6738932  35.6169436  13.6738864    0.0870    0.0247    0.0190 17 26 59.00    10.00 
  2020 11 14.727593  2 22 28.0653 +13 40 26.092  35.6169389  13.6739144  35.6169204  13.6738848    0.0645    0.1067    0.0231 17 27 44.00    10.00 
  2020 11 14.728113  2 22 28.0552 +13 40 25.885  35.6168965  13.6738569  35.6168973  13.6738832   -0.0026   -0.0949    0.0345 17 28 29.00    10.00 
  2020 11 14.728634  2 22 28.0630 +13 40 26.107  35.6169293  13.6739186  35.6168741  13.6738817    0.1931    0.1330    0.0153 17 29 14.00    10.00 
  2020 11 14.729155  2 22 28.0503 +13 40 26.001  35.6168761  13.6738893  35.6168509  13.6738801    0.0882    0.0332    0.0238 17 29 59.00    10.00 
  2020 11 14.729676  2 22 28.0401 +13 40 25.983  35.6168338  13.6738841  35.6168277  13.6738785    0.0212    0.0203    0.0202 17 30 44.00    10.00 
  2020 11 14.730197  2 22 28.0343 +13 40 25.921  35.6168096  13.6738669  35.6168045  13.6738769    0.0179   -0.0359    0.0170 17 31 29.00    10.00 
  2020 11 14.730718  2 22 28.0275 +13 40 25.947  35.6167814  13.6738741  35.6167813  13.6738753    0.0006   -0.0043    0.0253 17 32 14.00    10.00 
  2020 11 14.731238  2 22 28.0256 +13 40 25.925  35.6167732  13.6738681  35.6167581  13.6738737    0.0529   -0.0201    0.0199 17 32 59.00    10.00 
  2020 11 14.731759  2 22 28.0202 +13 40 26.024  35.6167509  13.6738955  35.6167348  13.6738720    0.0564    0.0846    0.0254 17 33 44.00    10.00 
  2020 11 14.732269  2 22 28.0110 +13 40 25.978  35.6167126  13.6738826  35.6167121  13.6738704    0.0016    0.0440    0.0245 17 34 28.00    10.00 
  2020 11 14.732789  2 22 28.0022 +13 40 25.959  35.6166757  13.6738776  35.6166889  13.6738688   -0.0460    0.0316    0.0276 17 35 13.00    10.00 
  2020 11 14.733310  2 22 27.9932 +13 40 25.853  35.6166384  13.6738480  35.6166656  13.6738671   -0.0951   -0.0687    0.0366 17 35 58.00    10.00 
  2020 11 14.733831  2 22 27.9918 +13 40 26.109  35.6166324  13.6739191  35.6166423  13.6738655   -0.0348    0.1931    0.0264 17 36 43.00    10.00 
  2020 11 14.734352  2 22 27.9880 +13 40 25.971  35.6166166  13.6738808  35.6166191  13.6738638   -0.0088    0.0612    0.0197 17 37 28.00    10.00 
  2020 11 14.734873  2 22 27.9823 +13 40 25.909  35.6165927  13.6738637  35.6165958  13.6738621   -0.0107    0.0058    0.0204 17 38 13.00    10.00 
  2020 11 14.735394  2 22 27.9741 +13 40 25.789  35.6165586  13.6738302  35.6165725  13.6738604   -0.0488   -0.1088    0.0259 17 38 58.00    10.00 
  2020 11 14.735914  2 22 27.9716 +13 40 25.965  35.6165484  13.6738790  35.6165492  13.6738587   -0.0027    0.0731    0.0177 17 39 43.00    10.00 
  2020 11 14.736435  2 22 27.9740 +13 40 25.871  35.6165582  13.6738532  35.6165259  13.6738570    0.1128   -0.0139    0.0104 17 40 28.00    10.00 
  2020 11 14.736956  2 22 27.9641 +13 40 25.889  35.6165171  13.6738582  35.6165026  13.6738553    0.0509    0.0102    0.0234 17 41 13.00    10.00 
  2020 11 14.737477  2 22 27.9602 +13 40 26.010  35.6165007  13.6738916  35.6164793  13.6738536    0.0748    0.1369    0.0248 17 41 58.00    10.00 
  2020 11 14.737998  2 22 27.9538 +13 40 25.866  35.6164743  13.6738515  35.6164560  13.6738519    0.0642   -0.0011    0.0233 17 42 43.00    10.00 
  2020 11 14.738507  2 22 27.9399 +13 40 25.754  35.6164164  13.6738205  35.6164332  13.6738502   -0.0587   -0.1067    0.0168 17 43 27.00    10.00 
  2020 11 14.739028  2 22 27.9442 +13 40 25.857  35.6164342  13.6738492  35.6164098  13.6738484    0.0852    0.0030    0.0247 17 44 12.00    10.00 
  2020 11 14.739549  2 22 27.9460 +13 40 26.049  35.6164416  13.6739026  35.6163865  13.6738467    0.1928    0.2015    0.0480 17 44 57.00    10.00 
  2020 11 14.740081  2 22 27.9264 +13 40 25.926  35.6163598  13.6738684  35.6163626  13.6738449   -0.0097    0.0849    0.0186 17 45 43.00    10.00 
  2020 11 14.740590  2 22 27.9242 +13 40 25.777  35.6163507  13.6738270  35.6163398  13.6738431    0.0381   -0.0581    0.0164 17 46 27.00    10.00 
  2020 11 14.741111  2 22 27.9186 +13 40 25.858  35.6163273  13.6738494  35.6163164  13.6738413    0.0383    0.0292    0.0164 17 47 12.00    10.00 
  2020 11 14.741632  2 22 27.9075 +13 40 25.828  35.6162814  13.6738412  35.6162930  13.6738395   -0.0408    0.0061    0.0318 17 47 57.00    10.00 
  2020 11 15.628738  2 22 19.3602 +13 39 30.635  35.5806674  13.6585097  35.5806661  13.6584768    0.0048    0.1184    0.0800 15  5 23.00    10.00 
  2020 11 15.629259  2 22 19.3480 +13 39 30.469  35.5806168  13.6584636  35.5806503  13.6584698   -0.1173   -0.0224    0.0452 15  6  8.00    10.00 
  2020 11 15.629780  2 22 19.3473 +13 39 30.461  35.5806137  13.6584613  35.5806346  13.6584627   -0.0728   -0.0052    0.0566 15  6 53.00    10.00 
  2020 11 15.631343  2 22 19.3394 +13 39 30.165  35.5805809  13.6583792  35.5805873  13.6584417   -0.0222   -0.2248    0.0521 15  9  8.00    10.00 
  2020 11 15.632905  2 22 19.3323 +13 39 30.201  35.5805511  13.6583891  35.5805400  13.6584208    0.0388   -0.1139    0.0363 15 11 23.00    10.00 
  2020 11 15.633426  2 22 19.3284 +13 39 30.173  35.5805350  13.6583814  35.5805243  13.6584138    0.0374   -0.1168    0.0317 15 12  8.00    10.00 
  2020 11 15.633947  2 22 19.3315 +13 39 29.994  35.5805478  13.6583318  35.5805085  13.6584069    0.1374   -0.2705    0.0478 15 12 53.00    10.00 
  2020 11 15.635509  2 22 19.3042 +13 39 30.219  35.5804344  13.6583943  35.5804613  13.6583862   -0.0941    0.0291    0.0442 15 15  8.00    10.00 
  2020 11 15.636030  2 22 19.3091 +13 39 30.118  35.5804547  13.6583662  35.5804455  13.6583793    0.0320   -0.0474    0.0563 15 15 53.00    10.00 
  2020 11 15.637072  2 22 19.2993 +13 39 29.943  35.5804138  13.6583176  35.5804140  13.6583656   -0.0008   -0.1730    0.0374 15 17 23.00    10.00 
  2020 11 15.638113  2 22 19.2903 +13 39 29.996  35.5803763  13.6583322  35.5803825  13.6583520   -0.0217   -0.0712    0.0245 15 18 53.00    10.00 
  2020 11 15.638634  2 22 19.2847 +13 39 29.864  35.5803529  13.6582956  35.5803668  13.6583452   -0.0485   -0.1784    0.0597 15 19 38.00    10.00 
  2020 11 15.639155  2 22 19.2787 +13 39 30.023  35.5803280  13.6583396  35.5803510  13.6583384   -0.0806    0.0043    0.0408 15 20 23.00    10.00 
  2020 11 15.639676  2 22 19.2849 +13 39 30.068  35.5803539  13.6583522  35.5803353  13.6583316    0.0650    0.0740    0.0526 15 21  8.00    10.00 
  2020 11 15.640706  2 22 19.2683 +13 39 29.952  35.5802845  13.6583201  35.5803041  13.6583183   -0.0687    0.0067    0.0371 15 22 37.00    10.00 
  2020 11 15.641227  2 22 19.2633 +13 39 30.176  35.5802636  13.6583821  35.5802884  13.6583115   -0.0867    0.2540    0.0402 15 23 22.00    10.00 
  2020 11 15.642269  2 22 19.2573 +13 39 29.888  35.5802389  13.6583022  35.5802569  13.6582981   -0.0630    0.0147    0.0647 15 24 52.00    10.00 
  2020 11 15.646435  2 22 19.2378 +13 39 29.466  35.5801574  13.6581849  35.5801309  13.6582449    0.0927   -0.2160    0.0464 15 30 52.00    10.00 
  2020 11 15.649560  2 22 19.2116 +13 39 29.445  35.5800483  13.6581792  35.5800364  13.6582057    0.0416   -0.0953    0.0560 15 35 22.00    10.00 
  2020 11 15.650081  2 22 19.2037 +13 39 29.343  35.5800154  13.6581508  35.5800207  13.6581992   -0.0184   -0.1739    0.0342 15 36  7.00    10.00 
  2020 11 15.658403  2 22 19.1423 +13 39 28.965  35.5797594  13.6580459  35.5797690  13.6580972   -0.0333   -0.1846    0.0428 15 48  6.00    10.00 
  2020 11 15.658924  2 22 19.1384 +13 39 29.150  35.5797434  13.6580971  35.5797532  13.6580910   -0.0342    0.0221    0.0408 15 48 51.00    10.00 
  2020 11 16.628275  2 22  9.7983 +13 38 59.054  35.5408262  13.6497371  35.5407988  13.6496402    0.0958    0.3489    0.0247 15  4 43.00    10.00 
  2020 11 16.628796  2 22  9.7974 +13 38 59.079  35.5408224  13.6497441  35.5407771  13.6496281    0.1584    0.4178    0.0218 15  5 28.00    10.00 
  2020 11 16.629317  2 22  9.7803 +13 38 58.678  35.5407513  13.6496326  35.5407554  13.6496159   -0.0144    0.0601    0.0438 15  6 13.00    10.00 
  2020 11 16.630359  2 22  9.7822 +13 38 58.505  35.5407592  13.6495848  35.5407121  13.6495917    0.1648   -0.0248    0.0200 15  7 43.00    10.00 
  2020 11 16.630880  2 22  9.7712 +13 38 58.633  35.5407132  13.6496203  35.5406905  13.6495795    0.0793    0.1469    0.0253 15  8 28.00    10.00 
  2020 11 16.631400  2 22  9.7619 +13 38 58.699  35.5406747  13.6496386  35.5406688  13.6495674    0.0206    0.2563    0.0239 15  9 13.00    10.00 
  2020 11 16.633484  2 22  9.7373 +13 38 58.383  35.5405722  13.6495508  35.5405824  13.6495187   -0.0356    0.1156    0.0257 15 12 13.00    10.00 
  2020 11 16.643889  2 22  9.6370 +13 38 57.530  35.5401542  13.6493138  35.5401529  13.6492745    0.0043    0.1416    0.0276 15 27 12.00    10.00 
  2020 11 16.644410  2 22  9.6277 +13 38 57.389  35.5401155  13.6492749  35.5401316  13.6492622   -0.0561    0.0457    0.0242 15 27 57.00    10.00 
  2020 11 16.645961  2 22  9.6202 +13 38 57.305  35.5400841  13.6492514  35.5400679  13.6492256    0.0568    0.0930    0.0266 15 30 11.00    10.00 
  2020 11 16.687581  2 22  9.2267 +13 38 53.930  35.5384444  13.6483138  35.5383949  13.6482327    0.1733    0.2921    0.0224 16 30  7.00    10.00 
  2020 11 16.747940  2 22  8.6603 +13 38 48.575  35.5360847  13.6468263  35.5360920  13.6467778   -0.0254    0.1743    0.0299 17 57  2.00    10.00 
  2020 11 17.614236  2 22  1.5813 +13 38 18.803  35.5065886  13.6385565  35.5065525  13.6385812    0.1263   -0.0888    0.0223 14 44 30.00    10.00 
  2020 11 17.614757  2 22  1.5713 +13 38 18.926  35.5065470  13.6385905  35.5065288  13.6385787    0.0636    0.0426    0.0243 14 45 15.00    10.00 
  2020 11 17.615278  2 22  1.5647 +13 38 18.957  35.5065196  13.6385992  35.5065052  13.6385762    0.0504    0.0826    0.0189 14 46  0.00    10.00 
  2020 11 17.615799  2 22  1.5607 +13 38 18.923  35.5065031  13.6385897  35.5064815  13.6385737    0.0754    0.0573    0.0352 14 46 45.00    10.00 
  2020 11 17.616319  2 22  1.5507 +13 38 18.791  35.5064611  13.6385531  35.5064579  13.6385712    0.0112   -0.0653    0.0244 14 47 30.00    10.00 
  2020 11 17.616840  2 22  1.5449 +13 38 18.681  35.5064370  13.6385226  35.5064342  13.6385687    0.0097   -0.1662    0.0210 14 48 15.00    10.00 
  2020 11 17.617361  2 22  1.5445 +13 38 18.809  35.5064355  13.6385580  35.5064105  13.6385662    0.0875   -0.0295    0.0331 14 49  0.00    10.00 
  2020 11 17.617882  2 22  1.5384 +13 38 18.826  35.5064102  13.6385629  35.5063868  13.6385637    0.0817   -0.0028    0.0460 14 49 45.00    10.00 
  2020 11 17.618403  2 22  1.5305 +13 38 18.885  35.5063770  13.6385790  35.5063632  13.6385611    0.0485    0.0646    0.0604 14 50 30.00    10.00 
  2020 11 17.620486  2 22  1.5152 +13 38 18.695  35.5063132  13.6385265  35.5062683  13.6385508    0.1569   -0.0874    0.0272 14 53 30.00    10.00 
  2020 11 17.621007  2 22  1.5074 +13 38 18.775  35.5062809  13.6385487  35.5062446  13.6385482    0.1267    0.0019    0.0296 14 54 15.00    10.00 
  2020 11 17.621528  2 22  1.4929 +13 38 18.790  35.5062204  13.6385528  35.5062209  13.6385456   -0.0017    0.0262    0.0307 14 55  0.00    10.00 
  2020 11 17.622049  2 22  1.4885 +13 38 18.820  35.5062022  13.6385612  35.5061972  13.6385429    0.0175    0.0656    0.0281 14 55 45.00    10.00 
  2020 11 17.622558  2 22  1.4692 +13 38 18.896  35.5061216  13.6385821  35.5061740  13.6385404   -0.1831    0.1504    0.0661 14 56 29.00    10.00 
  2020 11 17.624120  2 22  1.4690 +13 38 18.719  35.5061209  13.6385331  35.5061027  13.6385324    0.0635    0.0027    0.0491 14 58 44.00    10.00 
  2020 11 17.624641  2 22  1.4705 +13 38 18.732  35.5061271  13.6385368  35.5060789  13.6385297    0.1686    0.0256    0.0553 14 59 29.00    10.00 
  2020 11 17.625162  2 22  1.4544 +13 38 18.679  35.5060600  13.6385218  35.5060552  13.6385270    0.0169   -0.0186    0.0257 15  0 14.00    10.00 
  2020 11 17.627245  2 22  1.4335 +13 38 18.650  35.5059728  13.6385139  35.5059600  13.6385161    0.0447   -0.0077    0.0389 15  3 14.00    10.00 
  2020 11 17.627766  2 22  1.4164 +13 38 18.583  35.5059017  13.6384953  35.5059362  13.6385133   -0.1208   -0.0650    0.0315 15  3 59.00    10.00 
  2020 11 17.628287  2 22  1.4233 +13 38 18.585  35.5059306  13.6384959  35.5059124  13.6385105    0.0636   -0.0528    0.0272 15  4 44.00    10.00 
  2020 11 17.629850  2 22  1.4148 +13 38 18.680  35.5058950  13.6385222  35.5058410  13.6385022    0.1892    0.0722    0.0274 15  6 59.00    10.00 
  2020 11 17.630370  2 22  1.3988 +13 38 18.547  35.5058285  13.6384853  35.5058171  13.6384994    0.0397   -0.0506    0.0413 15  7 44.00    10.00 
  2020 11 17.630891  2 22  1.3926 +13 38 18.579  35.5058024  13.6384942  35.5057933  13.6384965    0.0318   -0.0084    0.0438 15  8 29.00    10.00 
  2020 11 17.631400  2 22  1.3907 +13 38 18.537  35.5057944  13.6384826  35.5057700  13.6384938    0.0856   -0.0401    0.0363 15  9 13.00    10.00 
  2020 11 17.631921  2 22  1.3832 +13 38 18.581  35.5057635  13.6384948  35.5057461  13.6384909    0.0606    0.0141    0.0495 15  9 58.00    10.00 
  2020 11 17.632963  2 22  1.3644 +13 38 18.528  35.5056851  13.6384800  35.5056984  13.6384852   -0.0464   -0.0185    0.0321 15 11 28.00    10.00 
  2020 11 17.633484  2 22  1.3628 +13 38 18.474  35.5056785  13.6384651  35.5056745  13.6384823    0.0138   -0.0618    0.0452 15 12 13.00    10.00 
  2020 11 17.634005  2 22  1.3524 +13 38 18.548  35.5056350  13.6384857  35.5056507  13.6384794   -0.0548    0.0226    0.0322 15 12 58.00    10.00 
  2020 11 17.634525  2 22  1.3562 +13 38 18.497  35.5056510  13.6384713  35.5056268  13.6384765    0.0848   -0.0186    0.0577 15 13 43.00    10.00 
  2020 11 17.635046  2 22  1.3454 +13 38 18.464  35.5056059  13.6384622  35.5056029  13.6384736    0.0105   -0.0408    0.0309 15 14 28.00    10.00 
  2020 11 17.636088  2 22  1.3456 +13 38 18.479  35.5056065  13.6384663  35.5055551  13.6384677    0.1796   -0.0049    0.0734 15 15 58.00    10.00 
  2020 11 17.638171  2 22  1.3082 +13 38 18.351  35.5054510  13.6384307  35.5054595  13.6384558   -0.0298   -0.0902    0.0453 15 18 58.00    10.00 
  2020 11 17.638692  2 22  1.3027 +13 38 18.478  35.5054280  13.6384660  35.5054356  13.6384528   -0.0265    0.0476    0.0542 15 19 43.00    10.00 
  2020 11 17.640775  2 22  1.2877 +13 38 18.472  35.5053655  13.6384644  35.5053398  13.6384406    0.0898    0.0855    0.0473 15 22 43.00    10.00 
  2020 11 17.641806  2 22  1.2599 +13 38 18.367  35.5052495  13.6384352  35.5052924  13.6384346   -0.1502    0.0022    0.0384 15 24 12.00    10.00 
  2020 11 17.642326  2 22  1.2717 +13 38 18.271  35.5052987  13.6384085  35.5052685  13.6384315    0.1056   -0.0826    0.0349 15 24 57.00    10.00 
  2020 11 17.642847  2 22  1.2622 +13 38 18.433  35.5052593  13.6384535  35.5052445  13.6384284    0.0517    0.0905    0.0373 15 25 42.00    10.00 
  2020 11 17.643368  2 22  1.2578 +13 38 18.287  35.5052408  13.6384132  35.5052205  13.6384252    0.0709   -0.0434    0.0324 15 26 27.00    10.00 
  2020 11 17.644410  2 22  1.2355 +13 38 18.326  35.5051478  13.6384239  35.5051726  13.6384190   -0.0867    0.0178    0.0357 15 27 57.00    10.00 
  2020 11 17.644931  2 22  1.2473 +13 38 18.131  35.5051971  13.6383698  35.5051486  13.6384158    0.1699   -0.1658    0.0315 15 28 42.00    10.00 
  2020 11 17.645451  2 22  1.2265 +13 38 18.256  35.5051105  13.6384045  35.5051246  13.6384127   -0.0493   -0.0293    0.0252 15 29 27.00    10.00 
  2020 11 17.645972  2 22  1.2222 +13 38 18.159  35.5050925  13.6383775  35.5051006  13.6384095   -0.0284   -0.1150    0.0273 15 30 12.00    10.00 
  2020 11 17.646493  2 22  1.2198 +13 38 18.087  35.5050827  13.6383576  35.5050766  13.6384063    0.0214   -0.1755    0.0317 15 30 57.00    10.00 
  2020 11 17.650139  2 22  1.1651 +13 38 18.370  35.5048546  13.6384361  35.5049084  13.6383836   -0.1882    0.1887    0.0752 15 36 12.00    10.00 
  2020 11 17.650660  2 22  1.1783 +13 38 18.340  35.5049097  13.6384279  35.5048843  13.6383803    0.0886    0.1710    0.0264 15 36 57.00    10.00 
  2020 11 17.651181  2 22  1.1555 +13 38 18.133  35.5048146  13.6383702  35.5048603  13.6383770   -0.1599   -0.0247    0.0334 15 37 42.00    10.00 
  2020 11 17.651701  2 22  1.1617 +13 38 18.180  35.5048406  13.6383834  35.5048362  13.6383737    0.0153    0.0347    0.0357 15 38 27.00    10.00 
  2020 11 17.652222  2 22  1.1499 +13 38 18.114  35.5047913  13.6383649  35.5048122  13.6383704   -0.0730   -0.0197    0.0332 15 39 12.00    10.00 
  2020 11 17.652743  2 22  1.1419 +13 38 18.164  35.5047579  13.6383790  35.5047881  13.6383671   -0.1055    0.0428    0.0387 15 39 57.00    10.00 
  2020 11 17.653252  2 22  1.1378 +13 38 18.127  35.5047408  13.6383687  35.5047646  13.6383638   -0.0831    0.0178    0.0230 15 40 41.00    10.00 
  2020 11 17.653773  2 22  1.1350 +13 38 18.034  35.5047290  13.6383429  35.5047405  13.6383604   -0.0401   -0.0632    0.0379 15 41 26.00    10.00 
  2020 11 17.654294  2 22  1.1405 +13 38 17.945  35.5047520  13.6383179  35.5047164  13.6383571    0.1244   -0.1408    0.0441 15 42 11.00    10.00 
  2020 11 17.655856  2 22  1.1153 +13 38 18.063  35.5046472  13.6383508  35.5046441  13.6383469    0.0109    0.0143    0.0261 15 44 26.00    10.00 
  2020 11 17.656377  2 22  1.1023 +13 38 18.068  35.5045930  13.6383522  35.5046200  13.6383434   -0.0945    0.0314    0.0191 15 45 11.00    10.00 
  2020 11 17.656898  2 22  1.0900 +13 38 17.882  35.5045416  13.6383007  35.5045959  13.6383400   -0.1900   -0.1415    0.0303 15 45 56.00    10.00 
  2020 11 17.657419  2 22  1.0968 +13 38 18.055  35.5045698  13.6383487  35.5045718  13.6383365   -0.0069    0.0436    0.0200 15 46 41.00    10.00 
  2020 11 17.657940  2 22  1.0905 +13 38 17.938  35.5045435  13.6383162  35.5045477  13.6383331   -0.0145   -0.0608    0.0596 15 47 26.00    10.00 
  2020 11 17.658461  2 22  1.0802 +13 38 18.014  35.5045008  13.6383373  35.5045236  13.6383296   -0.0796    0.0279    0.0282 15 48 11.00    10.00 
  2020 11 17.658981  2 22  1.0846 +13 38 17.893  35.5045190  13.6383037  35.5044994  13.6383261    0.0685   -0.0806    0.0369 15 48 56.00    10.00 
  2020 11 17.659502  2 22  1.0691 +13 38 17.892  35.5044545  13.6383033  35.5044753  13.6383226   -0.0729   -0.0696    0.0291 15 49 41.00    10.00 
  2020 11 17.660023  2 22  1.0642 +13 38 17.966  35.5044342  13.6383239  35.5044512  13.6383191   -0.0595    0.0174    0.0230 15 50 26.00    10.00 
  2020 11 17.660544  2 22  1.0674 +13 38 18.025  35.5044474  13.6383402  35.5044270  13.6383156    0.0713    0.0887    0.0275 15 51 11.00    10.00 
  2020 11 17.661065  2 22  1.0601 +13 38 17.907  35.5044169  13.6383075  35.5044029  13.6383120    0.0490   -0.0163    0.0329 15 51 56.00    10.00 
  2020 11 17.661586  2 22  1.0499 +13 38 17.756  35.5043745  13.6382656  35.5043788  13.6383085   -0.0149   -0.1543    0.0389 15 52 41.00    10.00 
  2020 11 17.662106  2 22  1.0451 +13 38 17.846  35.5043546  13.6382905  35.5043546  13.6383049   -0.0002   -0.0519    0.0228 15 53 26.00    10.00 
  2020 11 17.662627  2 22  1.0419 +13 38 17.838  35.5043411  13.6382885  35.5043304  13.6383013    0.0372   -0.0464    0.0350 15 54 11.00    10.00 
  2020 11 17.663148  2 22  1.0337 +13 38 17.877  35.5043070  13.6382992  35.5043063  13.6382977    0.0025    0.0053    0.0230 15 54 56.00    10.00 
  2020 11 17.663657  2 22  1.0272 +13 38 17.821  35.5042800  13.6382835  35.5042827  13.6382942   -0.0092   -0.0385    0.0280 15 55 40.00    10.00 
  2020 11 17.664178  2 22  1.0183 +13 38 17.893  35.5042429  13.6383037  35.5042585  13.6382906   -0.0547    0.0471    0.0234 15 56 25.00    10.00 
  2020 11 17.664699  2 22  1.0147 +13 38 17.968  35.5042280  13.6383244  35.5042343  13.6382870   -0.0220    0.1346    0.0384 15 57 10.00    10.00 
  2020 11 17.665220  2 22  1.0084 +13 38 17.760  35.5042017  13.6382667  35.5042101  13.6382833   -0.0295   -0.0597    0.0235 15 57 55.00    10.00 
  2020 11 17.665741  2 22  1.0040 +13 38 17.817  35.5041834  13.6382825  35.5041860  13.6382797   -0.0091    0.0102    0.0209 15 58 40.00    10.00 
  2020 11 17.666262  2 22  0.9919 +13 38 17.908  35.5041328  13.6383078  35.5041618  13.6382760   -0.1014    0.1145    0.0277 15 59 25.00    10.00 
  2020 11 17.666782  2 22  0.9923 +13 38 17.810  35.5041347  13.6382806  35.5041376  13.6382723   -0.0101    0.0296    0.0197 16  0 10.00    10.00 
  2020 11 17.667303  2 22  0.9888 +13 38 17.799  35.5041199  13.6382775  35.5041134  13.6382686    0.0230    0.0318    0.0314 16  0 55.00    10.00 
  2020 11 17.667824  2 22  0.9819 +13 38 17.717  35.5040914  13.6382547  35.5040892  13.6382649    0.0077   -0.0367    0.0260 16  1 40.00    10.00 
  2020 11 17.668345  2 22  0.9755 +13 38 17.717  35.5040645  13.6382548  35.5040650  13.6382612   -0.0018   -0.0232    0.0209 16  2 25.00    10.00 
  2020 11 17.668866  2 22  0.9758 +13 38 17.770  35.5040660  13.6382695  35.5040408  13.6382575    0.0881    0.0433    0.0240 16  3 10.00    10.00 
  2020 11 17.669387  2 22  0.9681 +13 38 17.715  35.5040336  13.6382543  35.5040166  13.6382537    0.0597    0.0021    0.0367 16  3 55.00    10.00 
  2020 11 17.669907  2 22  0.9602 +13 38 17.653  35.5040010  13.6382368  35.5039924  13.6382500    0.0303   -0.0473    0.0283 16  4 40.00    10.00 
  2020 11 17.670428  2 22  0.9506 +13 38 17.722  35.5039610  13.6382561  35.5039681  13.6382462   -0.0250    0.0358    0.0321 16  5 25.00    10.00 
  2020 11 17.670949  2 22  0.9543 +13 38 17.692  35.5039764  13.6382478  35.5039439  13.6382424    0.1137    0.0193    0.0332 16  6 10.00    10.00 
  2020 11 17.671470  2 22  0.9428 +13 38 17.770  35.5039284  13.6382694  35.5039197  13.6382386    0.0303    0.1108    0.0348 16  6 55.00    10.00 
  2020 11 17.671991  2 22  0.9364 +13 38 17.630  35.5039018  13.6382306  35.5038954  13.6382348    0.0222   -0.0151    0.0272 16  7 40.00    10.00 
  2020 11 17.672512  2 22  0.9242 +13 38 17.609  35.5038510  13.6382246  35.5038712  13.6382310   -0.0707   -0.0229    0.0283 16  8 25.00    10.00 
  2020 11 17.673032  2 22  0.9192 +13 38 17.608  35.5038299  13.6382245  35.5038470  13.6382271   -0.0598   -0.0095    0.0196 16  9 10.00    10.00 
  2020 11 17.673553  2 22  0.9203 +13 38 17.665  35.5038346  13.6382404  35.5038227  13.6382233    0.0416    0.0614    0.0176 16  9 55.00    10.00 
  2020 11 17.674074  2 22  0.9127 +13 38 17.608  35.5038030  13.6382245  35.5037985  13.6382194    0.0159    0.0184    0.0239 16 10 40.00    10.00 
  2020 11 17.674583  2 22  0.9092 +13 38 17.640  35.5037883  13.6382334  35.5037748  13.6382156    0.0475    0.0639    0.0252 16 11 24.00    10.00 
  2020 11 17.675104  2 22  0.8974 +13 38 17.514  35.5037391  13.6381982  35.5037505  13.6382117   -0.0400   -0.0487    0.0219 16 12  9.00    10.00 
  2020 11 17.675625  2 22  0.8934 +13 38 17.565  35.5037224  13.6382125  35.5037263  13.6382078   -0.0135    0.0167    0.0246 16 12 54.00    10.00 
  2020 11 17.676146  2 22  0.8884 +13 38 17.552  35.5037016  13.6382088  35.5037020  13.6382039   -0.0014    0.0174    0.0280 16 13 39.00    10.00 
  2020 11 17.676667  2 22  0.8839 +13 38 17.467  35.5036829  13.6381853  35.5036777  13.6382000    0.0179   -0.0529    0.0216 16 14 24.00    10.00 
  2020 11 17.677187  2 22  0.8809 +13 38 17.480  35.5036702  13.6381890  35.5036535  13.6381960    0.0587   -0.0253    0.0314 16 15  9.00    10.00 
  2020 11 17.677697  2 22  0.8708 +13 38 17.439  35.5036283  13.6381776  35.5036297  13.6381922   -0.0049   -0.0527    0.0207 16 15 53.00    10.00 
  2020 11 17.678206  2 22  0.8648 +13 38 17.494  35.5036035  13.6381927  35.5036060  13.6381883   -0.0086    0.0160    0.0272 16 16 37.00    10.00 
  2020 11 17.678727  2 22  0.8623 +13 38 17.445  35.5035928  13.6381793  35.5035817  13.6381843    0.0388   -0.0181    0.0357 16 17 22.00    10.00 
  2020 11 17.679248  2 22  0.8584 +13 38 17.495  35.5035768  13.6381931  35.5035574  13.6381803    0.0678    0.0458    0.0345 16 18  7.00    10.00 
  2020 11 17.679769  2 22  0.8487 +13 38 17.424  35.5035363  13.6381733  35.5035331  13.6381763    0.0112   -0.0110    0.0264 16 18 52.00    10.00 
  2020 11 17.680289  2 22  0.8476 +13 38 17.303  35.5035315  13.6381396  35.5035088  13.6381723    0.0793   -0.1177    0.0214 16 19 37.00    10.00 
  2020 11 17.680810  2 22  0.8396 +13 38 17.288  35.5034982  13.6381355  35.5034845  13.6381683    0.0479   -0.1180    0.0350 16 20 22.00    10.00 
  2020 11 17.681331  2 22  0.8309 +13 38 17.363  35.5034620  13.6381564  35.5034602  13.6381642    0.0061   -0.0281    0.0255 16 21  7.00    10.00 
  2020 11 17.681852  2 22  0.8245 +13 38 17.290  35.5034353  13.6381361  35.5034359  13.6381601   -0.0022   -0.0867    0.0298 16 21 52.00    10.00 
  2020 11 17.682373  2 22  0.8183 +13 38 17.308  35.5034095  13.6381412  35.5034116  13.6381561   -0.0076   -0.0537    0.0218 16 22 37.00    10.00 
  2020 11 17.682894  2 22  0.8121 +13 38 17.368  35.5033837  13.6381577  35.5033873  13.6381520   -0.0127    0.0205    0.0334 16 23 22.00    10.00 
  2020 11 17.683414  2 22  0.8090 +13 38 17.290  35.5033707  13.6381362  35.5033630  13.6381479    0.0267   -0.0420    0.0268 16 24  7.00    10.00 
  2020 11 17.683935  2 22  0.8074 +13 38 17.321  35.5033642  13.6381448  35.5033387  13.6381438    0.0893    0.0036    0.0337 16 24 52.00    10.00 
  2020 11 17.684456  2 22  0.7958 +13 38 17.297  35.5033158  13.6381380  35.5033144  13.6381396    0.0048   -0.0060    0.0258 16 25 37.00    10.00 
  2020 11 17.684977  2 22  0.7878 +13 38 17.219  35.5032826  13.6381163  35.5032901  13.6381355   -0.0262   -0.0692    0.0172 16 26 22.00    10.00 
  2020 11 17.685498  2 22  0.7891 +13 38 17.373  35.5032879  13.6381592  35.5032657  13.6381313    0.0776    0.1001    0.0255 16 27  7.00    10.00 
  2020 11 17.686019  2 22  0.7839 +13 38 17.322  35.5032663  13.6381449  35.5032414  13.6381272    0.0870    0.0639    0.0255 16 27 52.00    10.00 
  2020 11 17.686539  2 22  0.7748 +13 38 17.169  35.5032284  13.6381024  35.5032171  13.6381230    0.0397   -0.0740    0.0238 16 28 37.00    10.00 
  2020 11 17.687060  2 22  0.7728 +13 38 17.275  35.5032201  13.6381319  35.5031927  13.6381188    0.0959    0.0473    0.0331 16 29 22.00    10.00 
  2020 11 17.687581  2 22  0.7631 +13 38 17.299  35.5031798  13.6381387  35.5031684  13.6381146    0.0398    0.0869    0.0368 16 30  7.00    10.00 
  2020 11 17.688102  2 22  0.7529 +13 38 17.179  35.5031373  13.6381052  35.5031441  13.6381104   -0.0238   -0.0185    0.0236 16 30 52.00    10.00 
  2020 11 17.688611  2 22  0.7526 +13 38 17.069  35.5031360  13.6380746  35.5031203  13.6381062    0.0552   -0.1138    0.0230 16 31 36.00    10.00 
  2020 11 17.689132  2 22  0.7452 +13 38 17.159  35.5031050  13.6380998  35.5030959  13.6381020    0.0320   -0.0078    0.0417 16 32 21.00    10.00 
  2020 11 17.689653  2 22  0.7396 +13 38 17.174  35.5030817  13.6381038  35.5030716  13.6380977    0.0355    0.0219    0.0399 16 33  6.00    10.00 
  2020 11 17.690174  2 22  0.7334 +13 38 17.164  35.5030558  13.6381010  35.5030472  13.6380934    0.0300    0.0273    0.0442 16 33 51.00    10.00 
  2020 11 17.690694  2 22  0.7323 +13 38 17.243  35.5030513  13.6381231  35.5030229  13.6380891    0.0994    0.1224    0.0590 16 34 36.00    10.00 
  2020 11 17.691215  2 22  0.7243 +13 38 17.054  35.5030179  13.6380706  35.5029985  13.6380848    0.0680   -0.0512    0.0234 16 35 21.00    10.00 
  2020 11 17.691736  2 22  0.7145 +13 38 17.117  35.5029771  13.6380881  35.5029741  13.6380805    0.0104    0.0273    0.0307 16 36  6.00    10.00 
  2020 11 17.692257  2 22  0.7140 +13 38 17.104  35.5029749  13.6380844  35.5029498  13.6380762    0.0878    0.0294    0.0258 16 36 51.00    10.00 
  2020 11 17.692778  2 22  0.7075 +13 38 17.076  35.5029478  13.6380766  35.5029254  13.6380719    0.0785    0.0171    0.0305 16 37 36.00    10.00 
  2020 11 17.693299  2 22  0.7015 +13 38 17.007  35.5029229  13.6380576  35.5029010  13.6380675    0.0766   -0.0357    0.0248 16 38 21.00    10.00 
  2020 11 17.693819  2 22  0.6967 +13 38 17.009  35.5029027  13.6380582  35.5028767  13.6380631    0.0912   -0.0178    0.0271 16 39  6.00    10.00 
  2020 11 17.694340  2 22  0.6859 +13 38 17.091  35.5028580  13.6380808  35.5028523  13.6380587    0.0200    0.0794    0.0218 16 39 51.00    10.00 
  2020 11 17.694861  2 22  0.6836 +13 38 17.028  35.5028483  13.6380634  35.5028279  13.6380543    0.0712    0.0325    0.0218 16 40 36.00    10.00 
  2020 11 17.695382  2 22  0.6792 +13 38 16.984  35.5028301  13.6380511  35.5028035  13.6380499    0.0929    0.0042    0.0204 16 41 21.00    10.00 
  2020 11 17.695903  2 22  0.6729 +13 38 16.975  35.5028038  13.6380487  35.5027791  13.6380455    0.0864    0.0115    0.0245 16 42  6.00    10.00 
  2020 11 17.696424  2 22  0.6715 +13 38 16.920  35.5027981  13.6380334  35.5027547  13.6380411    0.1517   -0.0276    0.0195 16 42 51.00    10.00 
  2020 11 17.696944  2 22  0.6556 +13 38 16.933  35.5027316  13.6380369  35.5027304  13.6380366    0.0045    0.0011    0.0386 16 43 36.00    10.00 
  2020 11 17.697454  2 22  0.6533 +13 38 16.811  35.5027220  13.6380031  35.5027065  13.6380322    0.0543   -0.1051    0.0215 16 44 20.00    10.00 
  2020 11 17.697975  2 22  0.6486 +13 38 16.873  35.5027024  13.6380202  35.5026821  13.6380278    0.0710   -0.0273    0.0285 16 45  5.00    10.00 
  2020 11 17.698495  2 22  0.6422 +13 38 16.933  35.5026759  13.6380370  35.5026577  13.6380233    0.0636    0.0495    0.0478 16 45 50.00    10.00 
  2020 11 17.699016  2 22  0.6444 +13 38 16.821  35.5026852  13.6380058  35.5026333  13.6380188    0.1815   -0.0466    0.0342 16 46 35.00    10.00 
  2020 11 17.699537  2 22  0.6302 +13 38 16.831  35.5026259  13.6380086  35.5026089  13.6380142    0.0594   -0.0204    0.0223 16 47 20.00    10.00 
  2020 11 17.700058  2 22  0.6289 +13 38 16.835  35.5026204  13.6380096  35.5025845  13.6380097    0.1255   -0.0004    0.0234 16 48  5.00    10.00 
  2020 11 17.700579  2 22  0.6201 +13 38 16.779  35.5025837  13.6379942  35.5025601  13.6380052    0.0825   -0.0393    0.0161 16 48 50.00    10.00 
  2020 11 17.701100  2 22  0.6131 +13 38 16.803  35.5025545  13.6380008  35.5025357  13.6380006    0.0657    0.0008    0.0356 16 49 35.00    10.00 
  2020 11 17.701620  2 22  0.6136 +13 38 16.935  35.5025567  13.6380374  35.5025113  13.6379960    0.1589    0.1490    0.0339 16 50 20.00    10.00 
  2020 11 17.702141  2 22  0.6002 +13 38 16.775  35.5025007  13.6379930  35.5024869  13.6379914    0.0483    0.0056    0.0269 16 51  5.00    10.00 
  2020 11 17.702662  2 22  0.5901 +13 38 16.757  35.5024587  13.6379881  35.5024624  13.6379868   -0.0131    0.0044    0.0230 16 51 50.00    10.00 
  2020 11 17.703183  2 22  0.5959 +13 38 16.833  35.5024830  13.6380092  35.5024380  13.6379822    0.1575    0.0973    0.0406 16 52 35.00    10.00 
  2020 11 17.703704  2 22  0.5934 +13 38 16.724  35.5024727  13.6379789  35.5024136  13.6379776    0.2067    0.0048    0.0253 16 53 20.00    10.00 
  2020 11 17.704225  2 22  0.5793 +13 38 16.666  35.5024136  13.6379628  35.5023892  13.6379729    0.0857   -0.0366    0.0255 16 54  5.00    10.00 
  2020 11 17.704745  2 22  0.5739 +13 38 16.740  35.5023911  13.6379833  35.5023647  13.6379683    0.0921    0.0540    0.0287 16 54 50.00    10.00 
  2020 11 17.705266  2 22  0.5701 +13 38 16.635  35.5023753  13.6379542  35.5023403  13.6379636    0.1223   -0.0337    0.0257 16 55 35.00    10.00 
  2020 11 17.705775  2 22  0.5582 +13 38 16.603  35.5023259  13.6379451  35.5023164  13.6379590    0.0332   -0.0499    0.0152 16 56 19.00    10.00 
  2020 11 17.706296  2 22  0.5590 +13 38 16.684  35.5023291  13.6379678  35.5022920  13.6379543    0.1299    0.0485    0.0265 16 57  4.00    10.00 
  2020 11 17.706817  2 22  0.5565 +13 38 16.651  35.5023188  13.6379587  35.5022675  13.6379496    0.1794    0.0327    0.0420 16 57 49.00    10.00 
  2020 11 17.707338  2 22  0.5478 +13 38 16.547  35.5022824  13.6379297  35.5022431  13.6379449    0.1376   -0.0545    0.0309 16 58 34.00    10.00 
  2020 11 17.707859  2 22  0.5298 +13 38 16.655  35.5022076  13.6379597  35.5022187  13.6379401   -0.0387    0.0702    0.0419 16 59 19.00    10.00 
  2020 11 17.708380  2 22  0.5385 +13 38 16.617  35.5022436  13.6379493  35.5021942  13.6379354    0.1729    0.0500    0.0415 17  0  4.00    10.00 
  2020 11 17.708900  2 22  0.5371 +13 38 16.521  35.5022380  13.6379224  35.5021698  13.6379306    0.2387   -0.0294    0.0286 17  0 49.00    10.00 
  2020 11 17.709421  2 22  0.5169 +13 38 16.575  35.5021539  13.6379376  35.5021453  13.6379258    0.0300    0.0425    0.0284 17  1 34.00    10.00 
  2020 11 17.709942  2 22  0.5152 +13 38 16.416  35.5021466  13.6378934  35.5021209  13.6379210    0.0900   -0.0995    0.0396 17  2 19.00    10.00 
  2020 11 17.710463  2 22  0.5045 +13 38 16.396  35.5021019  13.6378879  35.5020964  13.6379162    0.0191   -0.1019    0.0199 17  3  4.00    10.00 
  2020 11 18.589942  2 21 52.7087 +13 37 19.900  35.4696195  13.6221945  35.4696860  13.6223093   -0.2327   -0.4130    0.0546 14  9 31.00    10.00 
  2020 11 18.590463  2 21 52.7194 +13 37 20.317  35.4696641  13.6223102  35.4696701  13.6223059   -0.0209    0.0156    0.0304 14 10 16.00    10.00 
  2020 11 18.590984  2 21 52.6976 +13 37 20.373  35.4695734  13.6223259  35.4696542  13.6223025   -0.2827    0.0841    0.0317 14 11  1.00    10.00 
  2020 11 18.591505  2 21 52.7186 +13 37 20.157  35.4696607  13.6222657  35.4696383  13.6222992    0.0784   -0.1204    0.0254 14 11 46.00    10.00 
  2020 11 18.592025  2 21 52.6987 +13 37 20.274  35.4695779  13.6222984  35.4696223  13.6222959   -0.1557    0.0092    0.0369 14 12 31.00    10.00 
  2020 11 18.592546  2 21 52.7242 +13 37 20.276  35.4696844  13.6222989  35.4696064  13.6222925    0.2727    0.0229    0.0400 14 13 16.00    10.00 
  2020 11 18.593067  2 21 52.6995 +13 37 20.270  35.4695813  13.6222973  35.4695905  13.6222892   -0.0322    0.0290    0.0380 14 14  1.00    10.00 
  2020 11 18.594109  2 21 52.6975 +13 37 20.181  35.4695729  13.6222726  35.4695586  13.6222827    0.0502   -0.0362    0.0302 14 15 31.00    10.00 
  2020 11 18.594630  2 21 52.6861 +13 37 20.086  35.4695253  13.6222460  35.4695426  13.6222794   -0.0607   -0.1202    0.0303 14 16 16.00    10.00 
  2020 11 18.595671  2 21 52.6861 +13 37 20.110  35.4695253  13.6222527  35.4695107  13.6222729    0.0512   -0.0727    0.0189 14 17 46.00    10.00 
  2020 11 18.596181  2 21 52.6642 +13 37 20.499  35.4694342  13.6223608  35.4694950  13.6222697   -0.2129    0.3278    0.0334 14 18 30.00    10.00 
  2020 11 18.596701  2 21 52.6667 +13 37 19.963  35.4694447  13.6222120  35.4694791  13.6222665   -0.1203   -0.1963    0.0203 14 19 15.00    10.00 
  2020 11 18.598264  2 21 52.6575 +13 37 20.013  35.4694060  13.6222257  35.4694311  13.6222569   -0.0875   -0.1124    0.0442 14 21 30.00    10.00 
  2020 11 18.600347  2 21 52.6499 +13 37 20.215  35.4693745  13.6222820  35.4693670  13.6222443    0.0263    0.1355    0.0439 14 24 30.00    10.00 
  2020 11 18.600868  2 21 52.6275 +13 37 20.018  35.4692815  13.6222273  35.4693510  13.6222412   -0.2432   -0.0501    0.0305 14 25 15.00    10.00 
  2020 11 18.601389  2 21 52.6482 +13 37 19.903  35.4693673  13.6221954  35.4693349  13.6222381    0.1134   -0.1537    0.0564 14 26  0.00    10.00 
  2020 11 18.601910  2 21 52.6427 +13 37 20.084  35.4693446  13.6222455  35.4693189  13.6222350    0.0901    0.0379    0.0379 14 26 45.00    10.00 
  2020 11 18.602951  2 21 52.6316 +13 37 19.986  35.4692982  13.6222184  35.4692868  13.6222288    0.0402   -0.0375    0.0266 14 28 15.00    10.00 
  2020 11 18.603981  2 21 52.6416 +13 37 20.198  35.4693398  13.6222771  35.4692550  13.6222228    0.2967    0.1957    0.0660 14 29 44.00    10.00 
  2020 11 18.604502  2 21 52.6107 +13 37 19.773  35.4692112  13.6221591  35.4692389  13.6222197   -0.0968   -0.2181    0.0358 14 30 29.00    10.00 
  2020 11 18.605023  2 21 52.6039 +13 37 19.775  35.4691829  13.6221596  35.4692228  13.6222167   -0.1396   -0.2053    0.0278 14 31 14.00    10.00 
  2020 11 18.605544  2 21 52.6062 +13 37 19.808  35.4691927  13.6221690  35.4692067  13.6222137   -0.0492   -0.1608    0.0233 14 31 59.00    10.00 
  2020 11 18.606065  2 21 52.5840 +13 37 20.000  35.4691002  13.6222223  35.4691906  13.6222107   -0.3165    0.0420    0.0172 14 32 44.00    10.00 
  2020 11 18.606586  2 21 52.5833 +13 37 19.839  35.4690973  13.6221774  35.4691745  13.6222077   -0.2704   -0.1088    0.0869 14 33 29.00    10.00 
  2020 11 18.607106  2 21 52.5872 +13 37 19.932  35.4691132  13.6222034  35.4691584  13.6222047   -0.1583   -0.0045    0.0292 14 34 14.00    10.00 
  2020 11 18.607627  2 21 52.5917 +13 37 19.948  35.4691319  13.6222077  35.4691423  13.6222017   -0.0365    0.0215    0.0176 14 34 59.00    10.00 
  2020 11 18.608669  2 21 52.6111 +13 37 19.719  35.4692130  13.6221441  35.4691101  13.6221958    0.3601   -0.1862    0.0357 14 36 29.00    10.00 
  2020 11 18.609190  2 21 52.6071 +13 37 19.789  35.4691962  13.6221637  35.4690939  13.6221929    0.3577   -0.1049    0.0306 14 37 14.00    10.00 
  2020 11 18.609711  2 21 52.5753 +13 37 19.778  35.4690638  13.6221604  35.4690778  13.6221899   -0.0489   -0.1063    0.0259 14 37 59.00    10.00 
  2020 11 18.610231  2 21 52.5796 +13 37 20.022  35.4690816  13.6222282  35.4690617  13.6221870    0.0698    0.1483    0.0388 14 38 44.00    10.00 
  2020 11 18.610752  2 21 52.5737 +13 37 19.903  35.4690571  13.6221952  35.4690455  13.6221841    0.0406    0.0400    0.0164 14 39 29.00    10.00 
  2020 11 18.611273  2 21 52.5686 +13 37 19.840  35.4690360  13.6221778  35.4690293  13.6221812    0.0233   -0.0124    0.0272 14 40 14.00    10.00 
  2020 11 18.611794  2 21 52.5620 +13 37 19.762  35.4690083  13.6221560  35.4690132  13.6221783   -0.0171   -0.0805    0.0334 14 40 59.00    10.00 
  2020 11 18.612315  2 21 52.5555 +13 37 19.844  35.4689814  13.6221789  35.4689970  13.6221755   -0.0545    0.0124    0.0427 14 41 44.00    10.00 
  2020 11 18.612836  2 21 52.5560 +13 37 19.593  35.4689834  13.6221092  35.4689808  13.6221726    0.0091   -0.2284    0.0316 14 42 29.00    10.00 
  2020 11 18.613356  2 21 52.5537 +13 37 19.854  35.4689739  13.6221816  35.4689646  13.6221698    0.0325    0.0426    0.0175 14 43 14.00    10.00 
  2020 11 18.613877  2 21 52.5546 +13 37 19.767  35.4689776  13.6221574  35.4689485  13.6221669    0.1018   -0.0342    0.0171 14 43 59.00    10.00 
  2020 11 18.614398  2 21 52.5395 +13 37 19.676  35.4689144  13.6221322  35.4689323  13.6221641   -0.0625   -0.1148    0.0412 14 44 44.00    10.00 
  2020 11 18.614919  2 21 52.5305 +13 37 19.504  35.4688772  13.6220845  35.4689161  13.6221613   -0.1360   -0.2764    0.0349 14 45 29.00    10.00 
  2020 11 18.615440  2 21 52.5348 +13 37 19.729  35.4688949  13.6221470  35.4688998  13.6221585   -0.0174   -0.0414    0.0349 14 46 14.00    10.00 
  2020 11 18.615961  2 21 52.5457 +13 37 19.852  35.4689404  13.6221811  35.4688836  13.6221557    0.1987    0.0915    0.0451 14 46 59.00    10.00 
  2020 11 18.616481  2 21 52.5347 +13 37 19.862  35.4688947  13.6221838  35.4688674  13.6221529    0.0954    0.1112    0.0218 14 47 44.00    10.00 
  2020 11 18.617002  2 21 52.5242 +13 37 19.631  35.4688509  13.6221198  35.4688512  13.6221502   -0.0008   -0.1094    0.0434 14 48 29.00    10.00 
  2020 11 18.617523  2 21 52.5253 +13 37 19.739  35.4688553  13.6221497  35.4688349  13.6221474    0.0711    0.0081    0.0286 14 49 14.00    10.00 
  2020 11 18.618044  2 21 52.5300 +13 37 19.880  35.4688748  13.6221888  35.4688187  13.6221447    0.1965    0.1589    0.0227 14 49 59.00    10.00 
  2020 11 18.618565  2 21 52.5214 +13 37 19.706  35.4688390  13.6221406  35.4688024  13.6221419    0.1280   -0.0049    0.0251 14 50 44.00    10.00 
  2020 11 18.619086  2 21 52.5024 +13 37 19.663  35.4687601  13.6221286  35.4687862  13.6221392   -0.0913   -0.0381    0.0308 14 51 29.00    10.00 
  2020 11 18.620127  2 21 52.5112 +13 37 19.736  35.4687969  13.6221489  35.4687536  13.6221338    0.1512    0.0545    0.0282 14 52 59.00    10.00 
  2020 11 18.620648  2 21 52.4972 +13 37 19.612  35.4687385  13.6221144  35.4687374  13.6221311    0.0039   -0.0601    0.0385 14 53 44.00    10.00 
  2020 11 18.621169  2 21 52.4951 +13 37 19.766  35.4687295  13.6221573  35.4687211  13.6221284    0.0295    0.1040    0.0336 14 54 29.00    10.00 
  2020 11 18.621690  2 21 52.4912 +13 37 19.578  35.4687135  13.6221049  35.4687048  13.6221258    0.0305   -0.0753    0.0298 14 55 14.00    10.00 
  2020 11 18.622211  2 21 52.4780 +13 37 19.860  35.4686581  13.6221835  35.4686885  13.6221231   -0.1062    0.2172    0.0390 14 55 59.00    10.00 
  2020 11 18.622731  2 21 52.4894 +13 37 19.615  35.4687060  13.6221152  35.4686722  13.6221205    0.1184   -0.0189    0.0320 14 56 44.00    10.00 
  2020 11 18.623252  2 21 52.4864 +13 37 19.525  35.4686932  13.6220904  35.4686559  13.6221178    0.1305   -0.0989    0.0200 14 57 29.00    10.00 
  2020 11 18.623773  2 21 52.4827 +13 37 19.619  35.4686781  13.6221163  35.4686396  13.6221152    0.1349    0.0037    0.0392 14 58 14.00    10.00 
  2020 11 18.624294  2 21 52.4829 +13 37 19.728  35.4686787  13.6221467  35.4686232  13.6221126    0.1942    0.1225    0.0223 14 58 59.00    10.00 
  2020 11 18.625324  2 21 52.4588 +13 37 19.716  35.4685785  13.6221434  35.4685909  13.6221075   -0.0435    0.1293    0.0355 15  0 28.00    10.00 
  2020 11 18.625845  2 21 52.4771 +13 37 19.438  35.4686544  13.6220662  35.4685746  13.6221049    0.2792   -0.1395    0.0281 15  1 13.00    10.00 
  2020 11 18.626366  2 21 52.4568 +13 37 19.664  35.4685698  13.6221288  35.4685582  13.6221023    0.0405    0.0953    0.0199 15  1 58.00    10.00 
  2020 11 18.626887  2 21 52.4735 +13 37 19.557  35.4686396  13.6220992  35.4685419  13.6220998    0.3420   -0.0021    0.0274 15  2 43.00    10.00 
  2020 11 18.627928  2 21 52.4334 +13 37 19.449  35.4684725  13.6220693  35.4685091  13.6220947   -0.1284   -0.0915    0.0309 15  4 13.00    10.00 
  2020 11 18.628449  2 21 52.4491 +13 37 19.477  35.4685378  13.6220769  35.4684928  13.6220922    0.1576   -0.0550    0.0282 15  4 58.00    10.00 
  2020 11 18.628970  2 21 52.4392 +13 37 19.614  35.4684969  13.6221151  35.4684764  13.6220897    0.0716    0.0917    0.0382 15  5 43.00    10.00 
  2020 11 18.630012  2 21 52.4248 +13 37 19.512  35.4684366  13.6220868  35.4684436  13.6220847   -0.0245    0.0077    0.0116 15  7 13.00    10.00 
  2020 11 18.630532  2 21 52.4262 +13 37 19.437  35.4684425  13.6220658  35.4684272  13.6220822    0.0534   -0.0591    0.0370 15  7 58.00    10.00 
  2020 11 18.631053  2 21 52.4123 +13 37 19.371  35.4683847  13.6220475  35.4684108  13.6220797   -0.0910   -0.1160    0.0404 15  8 43.00    10.00 
  2020 11 18.631574  2 21 52.4185 +13 37 19.423  35.4684104  13.6220620  35.4683943  13.6220773    0.0561   -0.0549    0.0279 15  9 28.00    10.00 
  2020 11 18.632616  2 21 52.4153 +13 37 19.292  35.4683972  13.6220255  35.4683615  13.6220724    0.1248   -0.1686    0.0396 15 10 58.00    10.00 
  2020 11 18.633657  2 21 52.4069 +13 37 19.569  35.4683622  13.6221025  35.4683286  13.6220675    0.1174    0.1258    0.0650 15 12 28.00    10.00 
  2020 11 18.634687  2 21 52.3918 +13 37 19.328  35.4682992  13.6220355  35.4682960  13.6220628    0.0111   -0.0982    0.0334 15 13 57.00    10.00 
  2020 11 18.635208  2 21 52.3701 +13 37 19.615  35.4682089  13.6221152  35.4682796  13.6220604   -0.2472    0.1972    0.0579 15 14 42.00    10.00 
  2020 11 18.635729  2 21 52.3855 +13 37 19.271  35.4682730  13.6220196  35.4682631  13.6220580    0.0348   -0.1383    0.0244 15 15 27.00    10.00 
  2020 11 18.636771  2 21 52.3730 +13 37 19.075  35.4682210  13.6219653  35.4682301  13.6220533   -0.0319   -0.3170    0.0365 15 16 57.00    10.00 
  2020 11 18.637292  2 21 52.3816 +13 37 19.442  35.4682568  13.6220673  35.4682136  13.6220510    0.1513    0.0586    0.0414 15 17 42.00    10.00 
  2020 11 18.637812  2 21 52.3685 +13 37 19.481  35.4682021  13.6220782  35.4681971  13.6220486    0.0174    0.1063    0.0484 15 18 27.00    10.00 
  2020 11 18.638333  2 21 52.3646 +13 37 19.363  35.4681859  13.6220454  35.4681806  13.6220463    0.0186   -0.0033    0.0301 15 19 12.00    10.00 
  2020 11 18.638854  2 21 52.3578 +13 37 19.467  35.4681577  13.6220742  35.4681641  13.6220440   -0.0224    0.1086    0.0356 15 19 57.00    10.00 
  2020 11 18.639375  2 21 52.3652 +13 37 19.387  35.4681882  13.6220520  35.4681475  13.6220417    0.1423    0.0371    0.0244 15 20 42.00    10.00 
  2020 11 18.639896  2 21 52.3565 +13 37 19.418  35.4681522  13.6220605  35.4681310  13.6220394    0.0740    0.0760    0.0406 15 21 27.00    10.00 
  2020 11 18.640417  2 21 52.3506 +13 37 19.272  35.4681273  13.6220201  35.4681145  13.6220371    0.0450   -0.0613    0.0240 15 22 12.00    10.00 
  2020 11 18.640937  2 21 52.3392 +13 37 19.360  35.4680802  13.6220444  35.4680979  13.6220349   -0.0620    0.0344    0.0237 15 22 57.00    10.00 
  2020 11 18.641458  2 21 52.3379 +13 37 18.955  35.4680747  13.6219320  35.4680814  13.6220326   -0.0233   -0.3621    0.0249 15 23 42.00    10.00 
  2020 11 18.642500  2 21 52.3395 +13 37 19.430  35.4680811  13.6220639  35.4680482  13.6220281    0.1152    0.1286    0.0323 15 25 12.00    10.00 
  2020 11 18.643009  2 21 52.3373 +13 37 19.270  35.4680722  13.6220194  35.4680320  13.6220260    0.1407   -0.0237    0.0254 15 25 56.00    10.00 
  2020 11 18.643530  2 21 52.3200 +13 37 19.200  35.4679999  13.6219999  35.4680154  13.6220237   -0.0543   -0.0857    0.0195 15 26 41.00    10.00 
  2020 11 18.644051  2 21 52.3294 +13 37 19.289  35.4680392  13.6220248  35.4679988  13.6220215    0.1414    0.0119    0.0272 15 27 26.00    10.00 
  2020 11 18.644572  2 21 52.3094 +13 37 18.815  35.4679557  13.6218931  35.4679822  13.6220193   -0.0928   -0.4543    0.0468 15 28 11.00    10.00 
  2020 11 18.645093  2 21 52.3207 +13 37 19.128  35.4680029  13.6219799  35.4679656  13.6220171    0.1305   -0.1342    0.0253 15 28 56.00    10.00 
  2020 11 18.646134  2 21 52.3119 +13 37 19.016  35.4679661  13.6219489  35.4679324  13.6220128    0.1180   -0.2299    0.0404 15 30 26.00    10.00 
  2020 11 18.646655  2 21 52.2923 +13 37 19.025  35.4678848  13.6219515  35.4679157  13.6220106   -0.1083   -0.2129    0.0224 15 31 11.00    10.00 
  2020 11 18.647176  2 21 52.3022 +13 37 18.860  35.4679258  13.6219056  35.4678991  13.6220085    0.0935   -0.3705    0.0375 15 31 56.00    10.00 
  2020 11 18.647697  2 21 52.2924 +13 37 19.041  35.4678851  13.6219558  35.4678825  13.6220064    0.0092   -0.1819    0.0354 15 32 41.00    10.00 
  2020 11 18.648738  2 21 52.2859 +13 37 19.113  35.4678578  13.6219759  35.4678491  13.6220021    0.0302   -0.0942    0.0345 15 34 11.00    10.00 
  2020 11 18.649259  2 21 52.2704 +13 37 19.018  35.4677932  13.6219493  35.4678325  13.6220000   -0.1373   -0.1824    0.0337 15 34 56.00    10.00 
  2020 11 18.649780  2 21 52.2768 +13 37 18.986  35.4678200  13.6219406  35.4678158  13.6219979    0.0146   -0.2062    0.0279 15 35 41.00    10.00 
  2020 11 18.650301  2 21 52.2718 +13 37 19.074  35.4677993  13.6219651  35.4677991  13.6219958    0.0006   -0.1107    0.0258 15 36 26.00    10.00 
  2020 11 18.650822  2 21 52.2708 +13 37 19.074  35.4677950  13.6219651  35.4677824  13.6219937    0.0441   -0.1031    0.0297 15 37 11.00    10.00 
  2020 11 18.651343  2 21 52.2507 +13 37 18.903  35.4677113  13.6219176  35.4677657  13.6219917   -0.1904   -0.2667    0.0269 15 37 56.00    10.00 
  2020 11 18.651863  2 21 52.2608 +13 37 19.008  35.4677533  13.6219466  35.4677490  13.6219896    0.0150   -0.1547    0.0268 15 38 41.00    10.00 
  2020 11 18.652384  2 21 52.2657 +13 37 18.979  35.4677739  13.6219386  35.4677323  13.6219876    0.1455   -0.1764    0.0268 15 39 26.00    10.00 
  2020 11 18.652905  2 21 52.2484 +13 37 18.875  35.4677018  13.6219098  35.4677156  13.6219855   -0.0483   -0.2728    0.0332 15 40 11.00    10.00 
  2020 11 18.653414  2 21 52.2450 +13 37 18.803  35.4676874  13.6218896  35.4676992  13.6219835   -0.0415   -0.3381    0.0266 15 40 55.00    10.00 
  2020 11 18.653935  2 21 52.2449 +13 37 19.070  35.4676870  13.6219640  35.4676825  13.6219815    0.0158   -0.0630    0.0272 15 41 40.00    10.00 
  2020 11 18.654456  2 21 52.2352 +13 37 19.038  35.4676468  13.6219550  35.4676658  13.6219795   -0.0665   -0.0881    0.0272 15 42 25.00    10.00 
  2020 11 18.656019  2 21 52.2118 +13 37 18.771  35.4675494  13.6218808  35.4676155  13.6219736   -0.2313   -0.3341    0.0405 15 44 40.00    10.00 
  2020 11 18.659664  2 21 52.1831 +13 37 18.846  35.4674295  13.6219017  35.4674979  13.6219600   -0.2395   -0.2097    0.0287 15 49 55.00    10.00 
  2020 11 18.660706  2 21 52.1927 +13 37 18.949  35.4674698  13.6219303  35.4674642  13.6219562    0.0194   -0.0930    0.0207 15 51 25.00    10.00 
  2020 11 18.661227  2 21 52.1861 +13 37 18.746  35.4674420  13.6218738  35.4674474  13.6219543   -0.0188   -0.2899    0.0290 15 52 10.00    10.00 
  2020 11 18.661736  2 21 52.1723 +13 37 18.635  35.4673847  13.6218432  35.4674309  13.6219525   -0.1616   -0.3934    0.0324 15 52 54.00    10.00 
  2020 11 18.662257  2 21 52.1717 +13 37 18.825  35.4673822  13.6218957  35.4674141  13.6219506   -0.1114   -0.1975    0.0294 15 53 39.00    10.00 
  2020 11 18.664340  2 21 52.1560 +13 37 18.858  35.4673167  13.6219051  35.4673465  13.6219432   -0.1045   -0.1373    0.0429 15 56 39.00    10.00 
  2020 11 18.664861  2 21 52.1644 +13 37 18.826  35.4673515  13.6218960  35.4673296  13.6219414    0.0765   -0.1635    0.0305 15 57 24.00    10.00 
  2020 11 18.665382  2 21 52.1660 +13 37 18.775  35.4673583  13.6218819  35.4673127  13.6219396    0.1594   -0.2078    0.0356 15 58  9.00    10.00 
  2020 11 18.665903  2 21 52.1529 +13 37 18.825  35.4673036  13.6218959  35.4672958  13.6219378    0.0271   -0.1510    0.0319 15 58 54.00    10.00 
  2020 11 18.666424  2 21 52.1362 +13 37 18.560  35.4672340  13.6218222  35.4672789  13.6219360   -0.1572   -0.4097    0.0307 15 59 39.00    10.00 
  2020 11 18.666944  2 21 52.1415 +13 37 18.930  35.4672564  13.6219249  35.4672620  13.6219342   -0.0194   -0.0335    0.0276 16  0 24.00    10.00 
  2020 11 18.667465  2 21 52.1285 +13 37 19.103  35.4672022  13.6219730  35.4672450  13.6219325   -0.1498    0.1460    0.0216 16  1  9.00    10.00 
  2020 11 18.667986  2 21 52.1360 +13 37 18.783  35.4672335  13.6218840  35.4672281  13.6219307    0.0189   -0.1679    0.0265 16  1 54.00    10.00 
  2020 11 18.669016  2 21 52.1395 +13 37 19.120  35.4672481  13.6219779  35.4671946  13.6219272    0.1874    0.1825    0.0316 16  3 23.00    10.00 
  2020 11 18.669537  2 21 52.1341 +13 37 19.024  35.4672253  13.6219511  35.4671776  13.6219255    0.1670    0.0923    0.0312 16  4  8.00    10.00 
